0,1232.558031,680.4658033,1
3,1227.579169,681.1636775,1
7,1229.753518,682.4811972,1
10,1229.851169,679.4779348,1
13,1227.432657,685.261916,1
17,1232.115164,703.3057917,1
20,1243.820687,729.9423884,1
23,1259.154426,762.3003153,1
27,1274.51326,786.1088398,1
30,1272.7914,803.8875628,1
33,1268.153784,808.1691203,1
37,1258.600533,798.6485267,1
40,1247.224551,784.5619699,1
43,1240.633951,766.297039,1
47,1244.978307,763.8774126,1
50,1245.787617,770.6035317,1
53,1250.818291,782.1593293,1
57,1253.462407,788.5673737,1
60,1249.957267,796.7618337,1
63,1250.016812,800.4027366,1
67,1249.53693,798.148669,1
70,1247.672399,796.1321711,1
73,1246.633325,793.2271342,1
77,1245.050435,793.1038601,1
80,1243.723268,793.2503742,1
83,1243.933061,791.0742383,1
87,1243.167434,791.3657918,1
90,1242.558667,792.1671271,1
93,1241.403531,795.6236809,1
97,1240.109302,794.6306542,1
100,1240.632992,792.4360973,1
103,1240.86597,791.5467037,1
107,1241.796763,789.7585223,1
110,1238.054933,794.3602897,1
113,1238.328526,793.3795939,1
117,1238.361768,795.2749924,1
120,1238.317664,794.2736665,1
123,1238.087167,793.3966899,1
127,1238.054349,797.0031995,1
130,1235.977871,794.291465,1
133,1234.918213,794.579894,1
137,1238.862857,791.2327392,1
140,1232.775579,793.4490704,1
143,1233.471434,792.4008008,1
147,1233.164512,795.4698238,1
150,1234.697017,792.9721084,1
153,1233.029264,794.6177569,1
157,1235.429455,791.5361768,1
160,1232.149433,791.7738002,1
163,1233.853975,792.1984259,1
167,1231.864249,790.120299,1
170,1231.498405,789.851986,1
173,1232.021079,789.5826746,1
177,1232.387255,792.7400201,1
180,1232.469272,789.1652181,1
183,1231.592683,795.8456573,1
187,1234.507201,790.6092556,1
190,1230.876817,790.0981618,1
193,1214.3899,786.8392946,1
197,1186.812682,767.7646164,1
200,1152.323864,749.9533041,1
203,1121.015117,727.3461225,1
207,1092.350405,714.9225551,1
210,1071.261859,694.964287,1
213,1054.542735,671.0801417,1
217,1033.410951,725.7501249,1
220,NaN,NaN,1
223,NaN,NaN,1
227,NaN,NaN,1
230,NaN,NaN,1
233,NaN,NaN,1
237,NaN,NaN,1
240,NaN,NaN,1
243,NaN,NaN,1
247,NaN,NaN,1
250,NaN,NaN,1
253,NaN,NaN,1
257,NaN,NaN,1
260,NaN,NaN,1
263,NaN,NaN,1
267,NaN,NaN,1
270,NaN,NaN,1
273,NaN,NaN,1
277,NaN,NaN,1
280,NaN,NaN,1
283,NaN,NaN,1
287,NaN,NaN,1
290,NaN,NaN,1
293,NaN,NaN,1
297,NaN,NaN,1
300,NaN,NaN,1
303,NaN,NaN,1
307,NaN,NaN,1
310,NaN,NaN,1
313,NaN,NaN,1
317,NaN,NaN,1
320,867.4304616,468.7926456,1
323,NaN,NaN,1
327,NaN,NaN,1
330,868.4561032,487.1172204,1
333,867.2050222,485.167587,1
337,868.2570048,489.0577104,1
340,871.9267521,492.2556478,1
343,870.6294858,489.1695037,1
347,871.7652913,489.0073204,1
350,863.3165251,498.0105792,1
353,861.9712205,497.2964053,1
357,859.1076712,493.6045311,1
360,862.3491309,486.6708527,1
363,859.1292019,483.5467829,1
367,862.3630725,482.2622566,1
370,861.216197,489.5425236,1
373,860.1935521,485.7168146,1
377,861.2234163,485.3053341,1
380,859.2828775,487.8924289,1
383,859.5584803,484.5358001,1
387,861.9398758,483.4879829,1
390,860.5207994,487.7910524,1
393,862.4724484,485.4597359,1
397,863.6396202,489.4554405,1
400,861.992035,487.7479565,1
403,861.1612505,486.7552507,1
407,860.6544607,486.0403345,1
410,864.8210527,482.2514055,1
413,859.2250439,484.4027355,1
417,860.0764755,483.281786,1
420,860.4054444,490.692772,1
423,858.6711639,486.3072177,1
427,862.1865658,486.7008411,1
430,860.6674719,484.4179384,1
433,861.0002196,486.8017195,1
437,861.864992,480.7159337,1
440,859.4761457,488.616291,1
443,861.2635838,488.7424643,1
447,860.8669612,485.5057629,1
450,863.5149342,481.8262413,1
453,857.9376502,487.955499,1
457,860.2115224,489.592643,1
460,861.7249392,486.2449487,1
463,857.8071162,485.3061402,1
467,862.8380037,481.5548674,1
470,861.5074135,488.8901124,1
473,857.9552103,487.8670569,1
477,859.4680187,488.0431322,1
480,862.7178023,487.3579619,1
483,857.0477794,485.9195891,1
487,860.5824356,485.084437,1
490,859.060148,487.1614827,1
493,859.2091083,484.6566631,1
497,859.5024771,493.7990577,1
500,859.7455414,519.782218,1
503,866.2578718,569.0701651,1
507,871.3164619,622.6735521,1
510,875.6077416,681.006894,1
513,877.909324,725.2516226,1
517,886.2923717,763.7000938,1
520,900.7819941,787.6092567,1
523,916.8202337,819.6906192,1
527,937.4768262,839.8181582,1
530,950.3560858,855.5824639,1
533,960.8892547,869.6397042,1
537,964.4353412,866.9599931,1
540,963.8010451,862.5799055,1
543,959.0389963,857.1016003,1
547,955.50894,859.7216135,1
550,953.4873181,867.2178975,1
553,953.3847074,873.9338473,1
557,954.8375097,878.3697749,1
560,957.3792467,881.8351054,1
563,960.135463,880.38814,1
567,959.5915914,878.3037128,1
570,960.9698525,879.0744535,1
573,960.9733603,875.714761,1
577,958.0638461,874.3174621,1
580,960.5213421,875.2774239,1
583,960.5615466,872.2892886,1
587,961.613783,873.6906138,1
590,959.1462324,876.5359186,1
593,958.6752049,875.5296038,1
597,961.1159373,874.7145825,1
600,960.6673497,875.5998617,1
603,959.715442,876.9040416,1
607,958.7496667,876.1282142,1
610,959.426044,875.3485409,1
613,957.9700337,874.8012166,1
617,957.2583704,875.2134739,1
620,957.1903471,875.1616969,1
623,959.5931032,876.5703545,1
627,957.78913,874.4565559,1
630,957.8540009,875.435066,1
633,959.171575,878.929502,1
637,959.1172903,876.2003566,1
640,958.3832452,878.4291937,1
643,959.4646697,875.8821913,1
647,959.5551632,877.7620734,1
650,959.5754686,875.1746624,1
653,958.3989487,878.1817052,1
657,959.8137306,877.6060341,1
660,960.6475852,875.6006364,1
663,959.2783785,876.0057025,1
667,959.9288435,874.1263513,1
670,958.6638775,877.4719139,1
673,959.8330397,875.4338885,1
677,958.7712568,875.6620743,1
680,956.8668419,875.7881273,1
683,958.1651559,873.3878974,1
687,959.0483651,875.4441926,1
690,960.5153215,876.2329205,1
693,955.2232566,872.2907413,1
697,955.8040441,875.3106083,1
700,958.0286884,874.4673379,1
703,958.01421,875.5233772,1
707,957.85227,876.4420618,1
710,957.6162301,877.8614246,1
713,959.2030567,874.8952809,1
717,958.1913215,875.0533087,1
720,958.4132674,872.357119,1
723,960.2014151,874.4592929,1
727,958.6915913,873.5667212,1
730,959.802833,874.3711186,1
733,957.3564406,874.0808029,1
737,956.5766813,874.2455683,1
740,958.426919,875.6994601,1
743,956.2938575,876.5043259,1
747,957.466632,876.7473924,1
750,956.8513813,875.3084885,1
753,956.4262197,876.0334219,1
757,955.9476311,877.1567925,1
760,NaN,NaN,1
763,NaN,NaN,1
767,955.1376957,875.7313017,1
770,959.6742395,873.8914736,1
773,NaN,NaN,1
777,NaN,NaN,1
780,956.1800952,876.0240249,1
783,956.3528614,875.0428939,1
787,NaN,NaN,1
790,NaN,NaN,1
793,958.6992198,874.6971196,1
797,956.2427557,876.7284449,1
800,953.7693916,877.5635824,1
803,NaN,NaN,1
807,NaN,NaN,1
810,930.9073988,893.2249259,1
813,928.5266351,895.7789109,1
817,NaN,NaN,1
820,NaN,NaN,1
823,941.493504,884.7300861,1
827,943.0017603,884.9766735,1
830,NaN,NaN,1
833,NaN,NaN,1
837,939.1554274,890.857596,1
840,938.5560733,887.3071702,1
843,NaN,NaN,1
847,NaN,NaN,1
850,937.1908568,891.9079054,1
853,939.16069,890.9523854,1
857,NaN,NaN,1
860,NaN,NaN,1
863,934.5440353,890.3621526,1
867,936.0050831,893.159856,1
870,937.169784,892.5034282,1
873,940.0615946,891.0291164,1
877,936.8115481,891.0418877,1
880,937.0079796,892.1101785,1
883,937.457948,890.7667338,1
887,NaN,NaN,1
890,NaN,NaN,1
893,938.9843946,890.3347546,1
897,938.9315486,892.5400195,1
900,939.0982931,891.0133883,1
903,NaN,NaN,1
907,NaN,NaN,1
910,935.5393085,894.6402717,1
913,NaN,NaN,1
917,NaN,NaN,1
920,938.3899737,893.2979395,1
923,936.9791095,896.1835345,1
927,939.0013337,893.3983442,1
930,NaN,NaN,1
933,NaN,NaN,1
937,935.8377816,897.4481502,1
940,934.899133,895.6343385,1
943,934.9306206,896.17876,1
947,937.0383869,896.3086558,1
950,938.6569634,893.4435762,1
953,937.4582678,893.9287325,1
957,NaN,NaN,1
960,NaN,NaN,1
963,938.2926564,896.4052059,1
967,937.6418101,896.8189238,1
970,NaN,NaN,1
973,NaN,NaN,1
977,936.6250398,899.6682496,1
980,936.5755164,896.8707524,1
983,939.0466628,895.6088588,1
987,NaN,NaN,1
990,NaN,NaN,1
993,939.1616879,895.9219124,1
997,937.613826,899.1336159,1
1000,NaN,NaN,1
1003,NaN,NaN,1
1007,937.6237364,897.6723791,1
1010,935.8068705,899.6405476,1
1013,NaN,NaN,1
1017,NaN,NaN,1
1020,NaN,NaN,1
1023,NaN,NaN,1
1027,NaN,NaN,1
1030,NaN,NaN,1
1033,936.9235856,899.3335883,1
1037,936.3621606,902.4905953,1
1040,935.7645462,898.5503163,1
1043,NaN,NaN,1
1047,NaN,NaN,1
1050,NaN,NaN,1
1053,NaN,NaN,1
1057,NaN,NaN,1
1060,NaN,NaN,1
1063,936.1642914,897.0492121,1
1067,932.1369662,884.7267696,1
1070,923.6268405,855.2459826,1
1073,910.344864,816.9346484,1
1077,898.4490304,782.5715816,1
1080,889.9496435,746.9119204,1
1083,890.7880585,718.2611843,1
1087,890.5667763,691.7798624,1
1090,882.4830282,662.589789,1
1093,871.1598086,625.1635869,1
1097,861.6601459,587.2128043,1
1100,NaN,NaN,1
1103,NaN,NaN,1
1107,867.6280126,515.0871519,1
1110,881.4884786,504.0626992,1
1113,890.5501662,494.5272379,1
1117,887.9159941,502.5256155,1
1120,884.6934838,504.1907406,1
1123,877.6175197,509.3240066,1
1127,872.5020777,511.3695931,1
1130,871.3885327,501.1206563,1
1133,871.9636871,493.6683288,1
1137,875.1864764,495.3008982,1
1140,874.8455628,492.8393607,1
1143,880.704277,498.5623067,1
1147,879.0068871,491.5196971,1
1150,876.3997386,496.0334637,1
1153,878.2023639,492.7015194,1
1156,879.06526,499.4401969,1
1160,876.036083,499.8558936,1
1163,874.1673073,502.1429885,1
1167,877.2054359,506.0294273,1
1170,878.0102479,499.547402,1
1173,879.9184093,502.0919762,1
1177,877.5879604,498.8061876,1
1180,882.4758393,494.7336863,1
1183,875.0046593,495.074366,1
1186,876.8155048,498.055089,1
1190,878.5687016,499.4358451,1
1193,875.4877429,501.9365103,1
1196,876.8374769,500.602225,1
1200,875.8159827,501.6697413,1
1203,875.0556056,491.7136222,1
1207,872.9614637,504.108417,1
1210,874.2701665,501.5839507,1
1213,880.0934388,496.7133554,1
1217,878.6940665,495.6560196,1
1220,876.5060194,496.7565188,1
1223,875.4982494,494.7395527,1
1226,875.2619737,500.7300572,1
1230,877.1695762,497.734168,1
1233,874.8352101,498.6907242,1
1237,871.6830193,500.5016243,1
1240,873.5615187,497.9778427,1
1243,875.6062425,496.3672224,1
1247,874.8982657,497.0967283,1
1250,873.9809141,500.8697422,1
1253,875.1219502,505.238476,1
1256,871.4667376,499.5415272,1
1260,873.1346612,495.0413744,1
1263,873.5324142,504.709885,1
1266,872.9386585,505.489494,1
1270,876.9538753,505.1472824,1
1273,872.5390734,505.0894393,1
1277,874.3996418,501.9626644,1
1280,875.7185591,501.7860497,1
1283,874.0644896,503.1108611,1
1286,873.4917352,500.2845967,1
1290,873.7599791,497.770923,1
1293,877.2978635,500.4344363,1
1296,870.3270132,501.0555026,1
1300,874.2768461,498.8943896,1
1303,872.3889746,506.0910513,1
1307,875.2991596,504.980093,1
1310,875.0502596,500.5591157,1
1313,874.8284667,491.41424,1
1316,873.370963,495.3598219,1
1320,871.9417595,500.1926982,1
1323,872.7599263,502.3460927,1
1326,876.9788497,485.6050699,1
1330,876.5681597,498.3817695,1
1333,872.3832601,495.7496071,1
1336,871.9134037,497.0505221,1
1340,870.0571721,489.0030782,1
1343,871.3217839,499.0109563,1
1347,869.1604811,504.5576782,1
1350,870.0447246,506.9486851,1
1353,870.0377462,501.4212652,1
1356,871.5668626,499.761868,1
1360,874.5093577,498.4094653,1
1363,867.860532,496.967295,1
1366,871.3109214,497.6814583,1
1370,868.170009,499.1013571,1
1373,870.1879931,501.1546384,1
1377,869.6214561,498.5404143,1
1380,866.6366756,494.6346522,1
1383,868.2249178,500.8389528,1
1386,865.9292206,493.306763,1
1390,865.8039778,504.8618031,1
1393,864.8906726,497.7910662,1
1396,870.6201688,492.9341463,1
1400,867.0984985,501.4812398,1
1403,864.8247991,499.4942587,1
1406,866.625702,501.3555526,1
1410,864.9203445,497.1135602,1
1413,866.7217156,496.0773773,1
1416,867.2813326,500.9416338,1
1420,869.9246713,496.4316997,1
1423,865.3976655,497.7665026,1
1426,870.4341087,498.1166811,1
1430,864.9367587,497.2664957,1
1433,868.0106365,498.9343358,1
1436,869.2405351,498.930594,1
1440,865.9137011,495.8821947,1
1443,866.7885718,496.8544794,1
1447,868.7413496,499.2683948,1
1450,864.691988,498.0349806,1
1453,866.0316539,495.251854,1
1456,865.5361083,502.6531071,1
1460,866.4036359,498.427517,1
1463,855.4421521,497.7580883,1
1466,832.5831761,501.9718419,1
1470,802.1143546,485.1614035,1
1473,775.9100801,489.2666049,1
1476,765.2251488,481.3358191,1
1480,767.0331305,484.5946944,1
1483,782.5477333,486.8294635,1
1486,792.8005911,494.6269579,1
1490,796.4986807,494.284933,1
1493,NaN,NaN,1
1496,NaN,NaN,1
1500,785.9222288,487.7699455,1
1503,779.4818344,482.4076755,1
1506,778.3657336,482.2881453,1
1510,779.9957963,486.8885575,1
1513,777.6080505,488.8009047,1
1516,776.2480264,484.2684477,1
1520,778.7756023,494.7387076,1
1523,781.1394418,492.5315502,1
1526,781.5979863,490.7871812,1
1530,782.5692719,482.2825052,1
1533,783.6826776,493.7422544,1
1536,783.3312112,488.9814244,1
1540,777.8640692,490.1558776,1
1543,782.4945125,488.4967868,1
1547,778.8849464,490.0888356,1
1550,779.7783188,491.9621094,1
1553,776.7176867,491.7813379,1
1556,780.0234013,490.2237793,1
1560,779.2873716,487.7801301,1
1563,779.2212883,495.9836561,1
1566,780.1950305,493.279525,1
1570,777.7061927,487.3054402,1
1573,777.5258322,493.2422474,1
1576,781.9133643,486.9899803,1
1580,779.2856779,489.9494902,1
1583,777.8018555,490.8549475,1
1586,780.9846573,492.334175,1
1590,777.5815741,490.5443123,1
1593,781.00431,489.2276915,1
1596,780.2643118,492.3279841,1
1600,780.7964,483.6538129,1
1603,780.1081591,491.8721211,1
1606,779.2492216,490.0148125,1
1610,779.0729974,481.4376626,1
1613,777.558425,493.1330737,1
1616,778.8734073,489.2746295,1
1620,779.5141316,487.7867233,1
1623,778.2191106,492.2587428,1
1626,778.5899227,490.5703592,1
1630,778.1207465,492.4710325,1
1633,777.8242949,486.8993093,1
1636,776.044796,485.1658538,1
1640,779.4711022,485.2256192,1
1643,796.5969303,494.4067268,1
1647,826.6634906,497.554114,1
1650,NaN,NaN,1
1653,NaN,NaN,1
1656,961.0721635,488.1512297,1
1660,1003.151739,486.1753469,1
1663,NaN,NaN,1
1666,NaN,NaN,1
1670,1111.458138,484.2034109,1
1673,1146.347257,490.1865089,1
1676,NaN,NaN,1
1680,NaN,NaN,1
1683,NaN,NaN,1
1686,NaN,NaN,1
1690,NaN,NaN,1
1693,NaN,NaN,1
1696,1250.597946,499.2481145,1
1700,1249.625612,489.3669959,1
1703,1245.294357,488.7637249,1
1706,1251.831466,492.8882573,1
1710,1262.775656,488.4208376,1
1713,1266.867068,489.9228692,1
1716,1265.728355,486.2435517,1
1720,1268.789881,492.0527759,1
1723,1268.978435,493.0422644,1
1726,1263.14013,497.4394385,1
1730,1260.285056,493.3095173,1
1733,1258.618421,494.0430585,1
1736,1259.97559,488.9228131,1
1740,1258.266955,493.3254102,1
1743,1259.598564,493.9510052,1
1746,NaN,NaN,1
1750,NaN,NaN,1
1753,1255.665826,495.4733829,1
1756,1259.291848,496.0846897,1
1760,NaN,NaN,1
1763,NaN,NaN,1
1766,1258.935413,494.0743355,1
1770,1256.728084,492.0908781,1
1773,NaN,NaN,1
1776,NaN,NaN,1
1780,1255.559406,494.7150373,1
1783,1259.639929,494.2371916,1
1786,1256.770986,485.331182,1
1790,NaN,NaN,1
1793,NaN,NaN,1
1796,1255.524885,492.6195713,1
1800,1259.93615,493.7463209,1
1803,1259.050818,496.0254105,1
1806,1262.275781,491.2298499,1
1810,1259.601178,491.8619386,1
1813,1260.155531,489.468312,1
1816,NaN,NaN,1
1820,NaN,NaN,1
1823,1257.365745,493.1678051,1
1826,1262.051204,491.7816256,1
1830,NaN,NaN,1
1833,NaN,NaN,1
1836,1255.011499,495.7141002,1
1840,1257.511946,501.1794506,1
1843,1257.25473,496.8684899,1
1846,NaN,NaN,1
1850,NaN,NaN,1
1853,1253.781754,509.3845001,1
1856,1253.503169,577.635994,1
1860,NaN,NaN,1
1863,NaN,NaN,1
1866,NaN,NaN,1
1870,NaN,NaN,1
1873,NaN,NaN,1
1876,NaN,NaN,1
1880,NaN,NaN,1
1883,NaN,NaN,1
1886,NaN,NaN,1
1890,NaN,NaN,1
1893,NaN,NaN,1
1896,NaN,NaN,1
1900,NaN,NaN,1
1903,NaN,NaN,1
1906,NaN,NaN,1
1910,NaN,NaN,1
1913,NaN,NaN,1
1916,NaN,NaN,1
1920,NaN,NaN,1
1923,NaN,NaN,1
1926,NaN,NaN,1
1930,NaN,NaN,1
1933,NaN,NaN,1
1936,NaN,NaN,1
1940,NaN,NaN,1
1943,NaN,NaN,1
1946,NaN,NaN,1
1950,NaN,NaN,1
1953,NaN,NaN,1
1956,NaN,NaN,1
1960,NaN,NaN,1
1963,NaN,NaN,1
1966,NaN,NaN,1
1970,NaN,NaN,1
1973,NaN,NaN,1
1976,NaN,NaN,1
1980,NaN,NaN,1
1983,NaN,NaN,1
1986,NaN,NaN,1
1990,NaN,NaN,1
1993,NaN,NaN,1
1996,NaN,NaN,1
2000,NaN,NaN,1
2003,NaN,NaN,1
2006,NaN,NaN,1
2010,NaN,NaN,1
2013,NaN,NaN,1
2016,NaN,NaN,1
2020,NaN,NaN,1
2023,NaN,NaN,1
2026,700.3583624,528.1462038,1
2030,697.2729697,512.2965029,1
2033,676.4195137,488.4170426,1
2036,679.477243,497.1345128,1
2040,683.3167031,499.7246702,1
2043,685.2352254,509.5607742,1
2046,679.3467427,505.2465207,1
2050,698.4976526,448.6144694,1
2053,NaN,NaN,1
2056,NaN,NaN,1
2060,NaN,NaN,1
2063,NaN,NaN,1
2066,NaN,NaN,1
2070,NaN,NaN,1
2073,NaN,NaN,1
2076,690.987441,495.7454271,1
2080,691.2771891,493.7541907,1
2083,696.9015057,492.6583994,1
2086,NaN,NaN,1
2090,NaN,NaN,1
2093,NaN,NaN,1
2096,NaN,NaN,1
2100,NaN,NaN,1
2103,NaN,NaN,1
2106,NaN,NaN,1
2110,NaN,NaN,1
2113,NaN,NaN,1
2116,NaN,NaN,1
2120,NaN,NaN,1
2123,NaN,NaN,1
2126,NaN,NaN,1
2130,NaN,NaN,1
2133,NaN,NaN,1
2136,NaN,NaN,1
2140,NaN,NaN,1
2143,NaN,NaN,1
2146,NaN,NaN,1
2150,NaN,NaN,1
2153,NaN,NaN,1
2156,NaN,NaN,1
2160,NaN,NaN,1
2163,NaN,NaN,1
2166,NaN,NaN,1
2170,NaN,NaN,1
2173,NaN,NaN,1
2176,NaN,NaN,1
2180,NaN,NaN,1
2183,NaN,NaN,1
2186,NaN,NaN,1
2190,NaN,NaN,1
2193,NaN,NaN,1
2196,NaN,NaN,1
2200,NaN,NaN,1
2203,NaN,NaN,1
2206,NaN,NaN,1
2210,NaN,NaN,1
2213,NaN,NaN,1
2216,NaN,NaN,1
2220,NaN,NaN,1
2223,NaN,NaN,1
2226,NaN,NaN,1
2230,NaN,NaN,1
2233,NaN,NaN,1
2236,NaN,NaN,1
2240,NaN,NaN,1
2243,NaN,NaN,1
2246,NaN,NaN,1
2250,NaN,NaN,1
2253,NaN,NaN,1
2256,NaN,NaN,1
2260,832.7205114,465.9708854,1
2263,831.7334468,475.1683908,1
2266,NaN,NaN,1
2270,NaN,NaN,1
2273,NaN,NaN,1
2276,NaN,NaN,1
2280,830.381397,473.1559491,1
2283,NaN,NaN,1
2286,NaN,NaN,1
2290,NaN,NaN,1
2293,NaN,NaN,1
2296,NaN,NaN,1
2300,NaN,NaN,1
2303,NaN,NaN,1
2306,NaN,NaN,1
2310,NaN,NaN,1
2313,NaN,NaN,1
2316,NaN,NaN,1
2320,NaN,NaN,1
2323,NaN,NaN,1
2326,NaN,NaN,1
2330,NaN,NaN,1
2333,NaN,NaN,1
2336,NaN,NaN,1
2340,NaN,NaN,1
2343,NaN,NaN,1
2346,NaN,NaN,1
2350,NaN,NaN,1
2353,NaN,NaN,1
2356,NaN,NaN,1
2360,NaN,NaN,1
2363,NaN,NaN,1
2366,NaN,NaN,1
2370,NaN,NaN,1
2373,NaN,NaN,1
2376,NaN,NaN,1
2380,NaN,NaN,1
2383,NaN,NaN,1
2386,NaN,NaN,1
2390,NaN,NaN,1
2393,NaN,NaN,1
2396,NaN,NaN,1
2400,NaN,NaN,1
2403,NaN,NaN,1
2406,NaN,NaN,1
2410,NaN,NaN,1
2413,NaN,NaN,1
2416,NaN,NaN,1
2420,NaN,NaN,1
2423,NaN,NaN,1
2426,NaN,NaN,1
2430,NaN,NaN,1
2433,NaN,NaN,1
2436,NaN,NaN,1
2440,NaN,NaN,1
2443,NaN,NaN,1
2446,NaN,NaN,1
2450,NaN,NaN,1
2453,NaN,NaN,1
2456,NaN,NaN,1
2460,NaN,NaN,1
2463,NaN,NaN,1
2466,NaN,NaN,1
2470,NaN,NaN,1
2473,NaN,NaN,1
2476,NaN,NaN,1
2480,NaN,NaN,1
2483,NaN,NaN,1
2486,NaN,NaN,1
2490,1165.23448,476.8785204,1
2493,NaN,NaN,1
2496,NaN,NaN,1
2500,NaN,NaN,1
2503,NaN,NaN,1
2506,NaN,NaN,1
2510,NaN,NaN,1
2513,NaN,NaN,1
2516,NaN,NaN,1
2520,NaN,NaN,1
2523,NaN,NaN,1
2526,NaN,NaN,1
2530,NaN,NaN,1
2533,NaN,NaN,1
2536,NaN,NaN,1
2540,NaN,NaN,1
2543,NaN,NaN,1
2546,NaN,NaN,1
2550,NaN,NaN,1
2553,NaN,NaN,1
2556,NaN,NaN,1
2560,NaN,NaN,1
2563,NaN,NaN,1
2566,NaN,NaN,1
2570,NaN,NaN,1
2573,NaN,NaN,1
2576,NaN,NaN,1
2580,NaN,NaN,1
2583,NaN,NaN,1
2586,1167.477973,481.194705,1
2590,1168.043637,487.0960448,1
2593,NaN,NaN,1
2596,NaN,NaN,1
2600,1166.176007,486.5566469,1
2603,1165.483251,487.5963159,1
2606,NaN,NaN,1
2610,NaN,NaN,1
2613,NaN,NaN,1
2616,NaN,NaN,1
2620,NaN,NaN,1
2623,NaN,NaN,1
2626,NaN,NaN,1
2630,NaN,NaN,1
2633,1167.460492,487.8040914,1
2636,NaN,NaN,1
2640,NaN,NaN,1
2643,NaN,NaN,1
2646,NaN,NaN,1
2650,NaN,NaN,1
2653,NaN,NaN,1
2656,NaN,NaN,1
2660,NaN,NaN,1
2663,NaN,NaN,1
2666,NaN,NaN,1
2670,NaN,NaN,1
2673,NaN,NaN,1
2676,NaN,NaN,1
2680,NaN,NaN,1
2683,NaN,NaN,1
2686,NaN,NaN,1
2690,NaN,NaN,1
2693,NaN,NaN,1
2696,NaN,NaN,1
2700,NaN,NaN,1
2703,NaN,NaN,1
2706,NaN,NaN,1
2710,NaN,NaN,1
2713,NaN,NaN,1
2716,NaN,NaN,1
2720,NaN,NaN,1
2723,NaN,NaN,1
2726,NaN,NaN,1
2730,NaN,NaN,1
2733,NaN,NaN,1
2736,NaN,NaN,1
2740,NaN,NaN,1
2743,NaN,NaN,1
2746,NaN,NaN,1
2750,NaN,NaN,1
2753,NaN,NaN,1
2756,NaN,NaN,1
2760,NaN,NaN,1
2763,NaN,NaN,1
2766,NaN,NaN,1
2770,NaN,NaN,1
2773,NaN,NaN,1
2776,NaN,NaN,1
2780,NaN,NaN,1
2783,NaN,NaN,1
2786,NaN,NaN,1
2790,NaN,NaN,1
2793,NaN,NaN,1
2796,NaN,NaN,1
2800,NaN,NaN,1
2803,NaN,NaN,1
2806,NaN,NaN,1
2810,NaN,NaN,1
2813,NaN,NaN,1
2816,NaN,NaN,1
2820,NaN,NaN,1
2823,NaN,NaN,1
2826,NaN,NaN,1
2830,NaN,NaN,1
2833,NaN,NaN,1
2836,NaN,NaN,1
2840,NaN,NaN,1
2843,NaN,NaN,1
2846,NaN,NaN,1
2850,NaN,NaN,1
2853,NaN,NaN,1
2856,NaN,NaN,1
2860,NaN,NaN,1
2863,NaN,NaN,1
2866,NaN,NaN,1
2870,NaN,NaN,1
2873,NaN,NaN,1
2876,NaN,NaN,1
2880,NaN,NaN,1
2883,NaN,NaN,1
2886,NaN,NaN,1
2890,NaN,NaN,1
2893,NaN,NaN,1
2896,NaN,NaN,1
2900,NaN,NaN,1
2903,NaN,NaN,1
2906,NaN,NaN,1
2910,NaN,NaN,1
2913,NaN,NaN,1
2916,NaN,NaN,1
2920,NaN,NaN,1
2923,NaN,NaN,1
2926,NaN,NaN,1
2930,NaN,NaN,1
2933,NaN,NaN,1
2936,NaN,NaN,1
2940,NaN,NaN,1
2943,NaN,NaN,1
2946,NaN,NaN,1
2950,NaN,NaN,1
2953,NaN,NaN,1
2956,NaN,NaN,1
2960,NaN,NaN,1
2963,NaN,NaN,1
2966,NaN,NaN,1
2970,NaN,NaN,1
2973,NaN,NaN,1
2976,NaN,NaN,1
2980,NaN,NaN,1
2983,NaN,NaN,1
2986,NaN,NaN,1
2990,NaN,NaN,1
2993,NaN,NaN,1
2996,NaN,NaN,1
3000,NaN,NaN,1
3003,NaN,NaN,1
3006,NaN,NaN,1
3010,NaN,NaN,1
3013,NaN,NaN,1
3016,NaN,NaN,1
3020,NaN,NaN,1
3023,NaN,NaN,1
3026,NaN,NaN,1
3030,NaN,NaN,1
3033,NaN,NaN,1
3036,NaN,NaN,1
3040,NaN,NaN,1
3043,NaN,NaN,1
3046,NaN,NaN,1
3050,NaN,NaN,1
3053,NaN,NaN,1
3056,NaN,NaN,1
3060,NaN,NaN,1
3063,NaN,NaN,1
3066,NaN,NaN,1
3070,NaN,NaN,1
3073,NaN,NaN,1
3076,NaN,NaN,1
3080,NaN,NaN,1
3083,NaN,NaN,1
3086,NaN,NaN,1
3090,NaN,NaN,1
3093,NaN,NaN,1
3096,NaN,NaN,1
3100,NaN,NaN,1
3103,NaN,NaN,1
3106,NaN,NaN,1
3110,NaN,NaN,1
3113,NaN,NaN,1
3116,NaN,NaN,1
3120,NaN,NaN,1
3123,NaN,NaN,1
3126,NaN,NaN,1
3130,NaN,NaN,1
3133,NaN,NaN,1
3136,NaN,NaN,1
3140,NaN,NaN,1
3143,NaN,NaN,1
3146,NaN,NaN,1
3150,NaN,NaN,1
3153,NaN,NaN,1
3156,NaN,NaN,1
3160,NaN,NaN,1
3163,NaN,NaN,1
3166,NaN,NaN,1
3170,NaN,NaN,1
3173,NaN,NaN,1
3176,NaN,NaN,1
3180,NaN,NaN,1
3183,NaN,NaN,1
3186,NaN,NaN,1
3190,NaN,NaN,1
3193,NaN,NaN,1
3196,NaN,NaN,1
3200,NaN,NaN,1
3203,NaN,NaN,1
3206,NaN,NaN,1
3210,NaN,NaN,1
3213,NaN,NaN,1
3216,1037.574708,443.6429548,1
3220,NaN,NaN,1
3223,NaN,NaN,1
3226,NaN,NaN,1
3230,NaN,NaN,1
3233,NaN,NaN,1
3236,NaN,NaN,1
3240,NaN,NaN,1
3243,NaN,NaN,1
3246,NaN,NaN,1
3250,NaN,NaN,1
3253,NaN,NaN,1
3256,NaN,NaN,1
3260,NaN,NaN,1
3263,NaN,NaN,1
3266,NaN,NaN,1
3270,NaN,NaN,1
3273,NaN,NaN,1
3276,NaN,NaN,1
3280,720.756908,462.1201893,1
3283,NaN,NaN,1
3286,NaN,NaN,1
3290,NaN,NaN,1
3293,NaN,NaN,1
3296,NaN,NaN,1
3300,NaN,NaN,1
3303,NaN,NaN,1
3306,NaN,NaN,1
3310,NaN,NaN,1
3313,NaN,NaN,1
3316,NaN,NaN,1
3320,NaN,NaN,1
3323,725.3946839,459.1930367,1
3326,NaN,NaN,1
3330,NaN,NaN,1
3333,NaN,NaN,1
3336,NaN,NaN,1
3340,NaN,NaN,1
3343,NaN,NaN,1
3346,NaN,NaN,1
3350,NaN,NaN,1
3353,NaN,NaN,1
3356,NaN,NaN,1
3360,NaN,NaN,1
3363,NaN,NaN,1
3366,NaN,NaN,1
3370,NaN,NaN,1
3373,725.6883092,456.5082401,1
3376,728.5898261,453.2324704,1
3380,727.2818659,454.9266108,1
3383,NaN,NaN,1
3386,NaN,NaN,1
3390,731.7656045,448.0705629,1
3393,727.6009135,450.3959048,1
3396,NaN,NaN,1
3400,NaN,NaN,1
3403,NaN,NaN,1
3406,NaN,NaN,1
3410,NaN,NaN,1
3413,NaN,NaN,1
3416,NaN,NaN,1
3420,NaN,NaN,1
3423,NaN,NaN,1
3426,NaN,NaN,1
3430,725.7280715,466.1475697,1
3433,726.074846,454.6013783,1
3436,729.299484,461.8920004,1
3440,NaN,NaN,1
3443,NaN,NaN,1
3446,728.6678873,451.5029045,1
3450,726.902201,451.8883874,1
3453,NaN,NaN,1
3456,NaN,NaN,1
3460,NaN,NaN,1
3463,NaN,NaN,1
3466,NaN,NaN,1
3470,NaN,NaN,1
3473,NaN,NaN,1
3476,NaN,NaN,1
3480,NaN,NaN,1
3483,NaN,NaN,1
3486,NaN,NaN,1
3490,NaN,NaN,1
3493,NaN,NaN,1
3496,NaN,NaN,1
3500,NaN,NaN,1
3503,725.8020428,460.8149196,1
3506,730.6922876,457.7925511,1
3509,732.5719453,455.6424708,1
3513,727.6472055,466.4398987,1
3516,725.5685425,464.1436552,1
3520,731.4325265,453.7595328,1
3523,NaN,NaN,1
3526,NaN,NaN,1
3530,NaN,NaN,1
3533,NaN,NaN,1
3536,NaN,NaN,1
3540,NaN,NaN,1
3543,NaN,NaN,1
3546,NaN,NaN,1
3550,NaN,NaN,1
3553,NaN,NaN,1
3556,NaN,NaN,1
3560,NaN,NaN,1
3563,NaN,NaN,1
3566,NaN,NaN,1
3569,779.9967196,516.5012248,1
3573,777.6926583,514.4258162,1
3576,775.0390086,515.5245214,1
3580,NaN,NaN,1
3583,NaN,NaN,1
3586,NaN,NaN,1
3590,NaN,NaN,1
3593,NaN,NaN,1
3596,NaN,NaN,1
3600,772.7662539,509.9531804,1
3603,775.260972,520.0589801,1
3606,NaN,NaN,1
3610,NaN,NaN,1
3613,NaN,NaN,1
3616,NaN,NaN,1
3619,NaN,NaN,1
3623,NaN,NaN,1
3626,NaN,NaN,1
3630,NaN,NaN,1
3633,777.1835636,512.0516474,1
3636,NaN,NaN,1
3640,NaN,NaN,1
3643,774.2305909,510.0120953,1
3646,775.3022952,516.0454248,1
3650,NaN,NaN,1
3653,NaN,NaN,1
3656,NaN,NaN,1
3660,NaN,NaN,1
3663,NaN,NaN,1
3666,NaN,NaN,1
3670,NaN,NaN,1
3673,NaN,NaN,1
3676,NaN,NaN,1
3679,NaN,NaN,1
3683,NaN,NaN,1
3686,NaN,NaN,1
3689,NaN,NaN,1
3693,NaN,NaN,1
3696,NaN,NaN,1
3699,NaN,NaN,1
3703,NaN,NaN,1
3706,NaN,NaN,1
3709,NaN,NaN,1
3713,NaN,NaN,1
3716,NaN,NaN,1
3719,NaN,NaN,1
3723,NaN,NaN,1
3726,NaN,NaN,1
3729,NaN,NaN,1
3733,NaN,NaN,1
3736,NaN,NaN,1
3739,NaN,NaN,1
3743,NaN,NaN,1
3746,NaN,NaN,1
3749,NaN,NaN,1
3753,NaN,NaN,1
3756,NaN,NaN,1
3759,NaN,NaN,1
3763,NaN,NaN,1
3766,NaN,NaN,1
3769,NaN,NaN,1
3773,NaN,NaN,1
3776,NaN,NaN,1
3779,NaN,NaN,1
3783,NaN,NaN,1
3786,NaN,NaN,1
3789,NaN,NaN,1
3793,NaN,NaN,1
3796,NaN,NaN,1
3799,NaN,NaN,1
3803,NaN,NaN,1
3806,NaN,NaN,1
3809,NaN,NaN,1
3813,NaN,NaN,1
3816,NaN,NaN,1
3819,NaN,NaN,1
3823,NaN,NaN,1
3826,NaN,NaN,1
3829,NaN,NaN,1
3833,NaN,NaN,1
3836,NaN,NaN,1
3839,NaN,NaN,1
3843,NaN,NaN,1
3846,NaN,NaN,1
3849,NaN,NaN,1
3853,NaN,NaN,1
3856,NaN,NaN,1
3859,NaN,NaN,1
3863,NaN,NaN,1
3866,NaN,NaN,1
3869,NaN,NaN,1
3873,NaN,NaN,1
3876,NaN,NaN,1
3879,NaN,NaN,1
3883,NaN,NaN,1
3886,NaN,NaN,1
3889,NaN,NaN,1
3893,NaN,NaN,1
3896,NaN,NaN,1
3899,NaN,NaN,1
3903,NaN,NaN,1
3906,NaN,NaN,1
3909,NaN,NaN,1
3913,NaN,NaN,1
3916,NaN,NaN,1
3919,NaN,NaN,1
3923,NaN,NaN,1
3926,NaN,NaN,1
3929,NaN,NaN,1
3933,NaN,NaN,1
3936,NaN,NaN,1
3939,NaN,NaN,1
3943,NaN,NaN,1
3946,NaN,NaN,1
3949,NaN,NaN,1
3953,NaN,NaN,1
3956,NaN,NaN,1
3959,NaN,NaN,1
3963,NaN,NaN,1
3966,NaN,NaN,1
3969,NaN,NaN,1
3973,NaN,NaN,1
3976,NaN,NaN,1
3979,NaN,NaN,1
3983,NaN,NaN,1
3986,NaN,NaN,1
3989,NaN,NaN,1
3993,NaN,NaN,1
3996,NaN,NaN,1
3999,NaN,NaN,1
4003,NaN,NaN,1
4006,NaN,NaN,1
4009,NaN,NaN,1
4013,NaN,NaN,1
4016,NaN,NaN,1
4019,NaN,NaN,1
4023,NaN,NaN,1
4026,NaN,NaN,1
4029,NaN,NaN,1
4033,NaN,NaN,1
4036,NaN,NaN,1
4039,NaN,NaN,1
4043,NaN,NaN,1
4046,NaN,NaN,1
4049,NaN,NaN,1
4053,NaN,NaN,1
4056,NaN,NaN,1
4059,NaN,NaN,1
4063,NaN,NaN,1
4066,NaN,NaN,1
4069,NaN,NaN,1
4073,NaN,NaN,1
4076,NaN,NaN,1
4079,NaN,NaN,1
4083,NaN,NaN,1
4086,NaN,NaN,1
4089,NaN,NaN,1
4093,NaN,NaN,1
4096,NaN,NaN,1
4099,NaN,NaN,1
4103,NaN,NaN,1
4106,NaN,NaN,1
4109,NaN,NaN,1
4113,NaN,NaN,1
4116,NaN,NaN,1
4119,NaN,NaN,1
4123,NaN,NaN,1
4126,NaN,NaN,1
4129,NaN,NaN,1
4133,NaN,NaN,1
4136,NaN,NaN,1
4139,NaN,NaN,1
4143,NaN,NaN,1
4146,NaN,NaN,1
4149,NaN,NaN,1
4153,NaN,NaN,1
4156,NaN,NaN,1
4159,NaN,NaN,1
4163,NaN,NaN,1
4166,NaN,NaN,1
4169,NaN,NaN,1
4173,NaN,NaN,1
4176,NaN,NaN,1
4179,NaN,NaN,1
4183,NaN,NaN,1
4186,NaN,NaN,1
4189,NaN,NaN,1
4193,NaN,NaN,1
4196,NaN,NaN,1
4199,NaN,NaN,1
4203,NaN,NaN,1
4206,NaN,NaN,1
4209,NaN,NaN,1
4213,NaN,NaN,1
4216,NaN,NaN,1
4219,NaN,NaN,1
4223,NaN,NaN,1
4226,NaN,NaN,1
4229,NaN,NaN,1
4233,NaN,NaN,1
4236,NaN,NaN,1
4239,NaN,NaN,1
4243,NaN,NaN,1
4246,NaN,NaN,1
4249,NaN,NaN,1
4253,NaN,NaN,1
4256,NaN,NaN,1
4259,NaN,NaN,1
4263,NaN,NaN,1
4266,NaN,NaN,1
4269,NaN,NaN,1
4273,NaN,NaN,1
4276,NaN,NaN,1
4279,NaN,NaN,1
4283,NaN,NaN,1
4286,NaN,NaN,1
4289,NaN,NaN,1
4293,NaN,NaN,1
4296,NaN,NaN,1
4299,NaN,NaN,1
4303,NaN,NaN,1
4306,NaN,NaN,1
4309,NaN,NaN,1
4313,NaN,NaN,1
4316,NaN,NaN,1
4319,NaN,NaN,1
4323,NaN,NaN,1
4326,NaN,NaN,1
4329,NaN,NaN,1
4333,NaN,NaN,1
4336,NaN,NaN,1
4339,NaN,NaN,1
4343,NaN,NaN,1
4346,NaN,NaN,1
4349,NaN,NaN,1
4353,NaN,NaN,1
4356,NaN,NaN,1
4359,NaN,NaN,1
4363,NaN,NaN,1
4366,NaN,NaN,1
4369,NaN,NaN,1
4373,NaN,NaN,1
4376,NaN,NaN,1
4379,NaN,NaN,1
4383,NaN,NaN,1
4386,NaN,NaN,1
4389,NaN,NaN,1
4393,NaN,NaN,1
4396,NaN,NaN,1
4399,NaN,NaN,1
4403,NaN,NaN,1
4406,NaN,NaN,1
4409,NaN,NaN,1
4413,NaN,NaN,1
4416,NaN,NaN,1
4419,NaN,NaN,1
4423,NaN,NaN,1
4426,NaN,NaN,1
4429,NaN,NaN,1
4433,NaN,NaN,1
4436,NaN,NaN,1
4439,NaN,NaN,1
4443,NaN,NaN,1
4446,NaN,NaN,1
4449,NaN,NaN,1
4453,NaN,NaN,1
4456,NaN,NaN,1
4459,NaN,NaN,1
4463,NaN,NaN,1
4466,NaN,NaN,1
4469,NaN,NaN,1
4473,NaN,NaN,1
4476,NaN,NaN,1
4479,NaN,NaN,1
4483,NaN,NaN,1
4486,NaN,NaN,1
4489,NaN,NaN,1
4493,NaN,NaN,1
4496,NaN,NaN,1
4499,NaN,NaN,1
4503,NaN,NaN,1
4506,NaN,NaN,1
4509,NaN,NaN,1
4513,NaN,NaN,1
4516,NaN,NaN,1
4519,NaN,NaN,1
4523,NaN,NaN,1
4526,NaN,NaN,1
4529,NaN,NaN,1
4533,NaN,NaN,1
4536,NaN,NaN,1
4539,NaN,NaN,1
4543,NaN,NaN,1
4546,NaN,NaN,1
4549,NaN,NaN,1
4553,NaN,NaN,1
4556,NaN,NaN,1
4559,NaN,NaN,1
4563,NaN,NaN,1
4566,NaN,NaN,1
4569,NaN,NaN,1
4573,NaN,NaN,1
4576,NaN,NaN,1
4579,NaN,NaN,1
4583,NaN,NaN,1
4586,NaN,NaN,1
4589,NaN,NaN,1
4593,NaN,NaN,1
4596,NaN,NaN,1
4599,NaN,NaN,1
4603,NaN,NaN,1
4606,NaN,NaN,1
4609,NaN,NaN,1
4613,NaN,NaN,1
4616,NaN,NaN,1
4619,NaN,NaN,1
4623,NaN,NaN,1
4626,NaN,NaN,1
4629,NaN,NaN,1
4633,NaN,NaN,1
4636,NaN,NaN,1
4639,NaN,NaN,1
4643,NaN,NaN,1
4646,NaN,NaN,1
4649,NaN,NaN,1
4653,NaN,NaN,1
4656,NaN,NaN,1
4659,NaN,NaN,1
4663,NaN,NaN,1
4666,NaN,NaN,1
4669,NaN,NaN,1
4673,NaN,NaN,1
4676,NaN,NaN,1
4679,NaN,NaN,1
4683,NaN,NaN,1
4686,NaN,NaN,1
4689,NaN,NaN,1
4693,NaN,NaN,1
4696,NaN,NaN,1
4699,NaN,NaN,1
4703,NaN,NaN,1
4706,NaN,NaN,1
4709,NaN,NaN,1
4713,NaN,NaN,1
4716,NaN,NaN,1
4719,NaN,NaN,1
4723,NaN,NaN,1
4726,NaN,NaN,1
4729,NaN,NaN,1
4733,NaN,NaN,1
4736,NaN,NaN,1
4739,NaN,NaN,1
4743,NaN,NaN,1
4746,NaN,NaN,1
4749,NaN,NaN,1
4753,NaN,NaN,1
4756,NaN,NaN,1
4759,NaN,NaN,1
4763,NaN,NaN,1
4766,NaN,NaN,1
4769,NaN,NaN,1
4773,NaN,NaN,1
4776,NaN,NaN,1
4779,NaN,NaN,1
4783,NaN,NaN,1
4786,NaN,NaN,1
4789,NaN,NaN,1
4793,NaN,NaN,1
4796,NaN,NaN,1
4799,NaN,NaN,1
4803,NaN,NaN,1
4806,NaN,NaN,1
4809,NaN,NaN,1
4813,NaN,NaN,1
4816,NaN,NaN,1
4819,NaN,NaN,1
4823,NaN,NaN,1
4826,NaN,NaN,1
4829,NaN,NaN,1
4833,NaN,NaN,1
4836,NaN,NaN,1
4839,NaN,NaN,1
4843,NaN,NaN,1
4846,NaN,NaN,1
4849,NaN,NaN,1
4853,NaN,NaN,1
4856,NaN,NaN,1
4859,NaN,NaN,1
4863,NaN,NaN,1
4866,NaN,NaN,1
4869,NaN,NaN,1
4873,NaN,NaN,1
4876,NaN,NaN,1
4879,NaN,NaN,1
4883,NaN,NaN,1
4886,NaN,NaN,1
4889,NaN,NaN,1
4893,NaN,NaN,1
4896,NaN,NaN,1
4899,NaN,NaN,1
4903,NaN,NaN,1
4906,NaN,NaN,1
4909,NaN,NaN,1
4913,NaN,NaN,1
4916,NaN,NaN,1
4919,NaN,NaN,1
4923,NaN,NaN,1
4926,NaN,NaN,1
4929,NaN,NaN,1
4933,NaN,NaN,1
4936,NaN,NaN,1
4939,NaN,NaN,1
4943,NaN,NaN,1
4946,NaN,NaN,1
4949,NaN,NaN,1
4953,NaN,NaN,1
4956,NaN,NaN,1
4959,NaN,NaN,1
4963,NaN,NaN,1
4966,NaN,NaN,1
4969,NaN,NaN,1
4973,NaN,NaN,1
4976,NaN,NaN,1
4979,NaN,NaN,1
4983,NaN,NaN,1
4986,NaN,NaN,1
4989,NaN,NaN,1
4993,NaN,NaN,1
4996,NaN,NaN,1
4999,NaN,NaN,1
5003,NaN,NaN,1
5006,NaN,NaN,1
5009,NaN,NaN,1
5013,NaN,NaN,1
5016,NaN,NaN,1
5019,NaN,NaN,1
5023,NaN,NaN,1
5026,NaN,NaN,1
5029,NaN,NaN,1
5033,NaN,NaN,1
5036,NaN,NaN,1
5039,NaN,NaN,1
5043,NaN,NaN,1
5046,NaN,NaN,1
5049,NaN,NaN,1
5053,NaN,NaN,1
5056,NaN,NaN,1
5059,NaN,NaN,1
5063,NaN,NaN,1
5066,NaN,NaN,1
5069,NaN,NaN,1
5073,NaN,NaN,1
5076,NaN,NaN,1
5079,NaN,NaN,1
5083,NaN,NaN,1
5086,NaN,NaN,1
5089,NaN,NaN,1
5093,NaN,NaN,1
5096,NaN,NaN,1
5099,NaN,NaN,1
5103,NaN,NaN,1
5106,NaN,NaN,1
5109,NaN,NaN,1
5113,NaN,NaN,1
5116,NaN,NaN,1
5119,NaN,NaN,1
5123,NaN,NaN,1
5126,NaN,NaN,1
5129,NaN,NaN,1
5133,NaN,NaN,1
5136,NaN,NaN,1
5139,NaN,NaN,1
5143,NaN,NaN,1
5146,NaN,NaN,1
5149,NaN,NaN,1
5153,NaN,NaN,1
5156,NaN,NaN,1
5159,NaN,NaN,1
5163,NaN,NaN,1
5166,NaN,NaN,1
5169,NaN,NaN,1
5173,NaN,NaN,1
5176,NaN,NaN,1
5179,NaN,NaN,1
5183,NaN,NaN,1
5186,NaN,NaN,1
5189,NaN,NaN,1
5193,NaN,NaN,1
5196,NaN,NaN,1
5199,NaN,NaN,1
5203,NaN,NaN,1
5206,NaN,NaN,1
5209,NaN,NaN,1
5213,NaN,NaN,1
5216,NaN,NaN,1
5219,NaN,NaN,1
5223,NaN,NaN,1
5226,NaN,NaN,1
5229,NaN,NaN,1
5233,NaN,NaN,1
5236,NaN,NaN,1
5239,NaN,NaN,1
5243,NaN,NaN,1
5246,NaN,NaN,1
5249,NaN,NaN,1
5253,NaN,NaN,1
5256,NaN,NaN,1
5259,NaN,NaN,1
5263,NaN,NaN,1
5266,NaN,NaN,1
5269,NaN,NaN,1
5273,NaN,NaN,1
5276,NaN,NaN,1
5279,NaN,NaN,1
5283,NaN,NaN,1
5286,NaN,NaN,1
5289,NaN,NaN,1
9019,NaN,NaN,2
9022,NaN,NaN,2
9025,988.5230924,450.6070493,2
9029,993.8263399,452.9030489,2
9032,984.9194864,450.7010096,2
9035,992.6935801,451.4412121,2
9039,991.1847678,445.5880459,2
9042,990.8337345,446.2073215,2
9045,990.0782599,440.3504784,2
9049,987.0428161,442.9435307,2
9052,991.2113495,435.9982712,2
9055,988.1471759,431.0233454,2
9059,989.3472847,428.7470268,2
9062,995.7656844,434.8971035,2
9065,988.9272637,435.7078935,2
9069,992.7090528,440.1238575,2
9072,992.5166553,420.9300653,2
9075,999.4992012,438.8788353,2
9079,NaN,NaN,2
9082,NaN,NaN,2
9085,996.9239424,430.5374431,2
9089,993.2714377,430.4325481,2
9092,994.5006248,421.84224,2
9095,994.3913581,424.0780049,2
9099,993.5774755,427.9959394,2
9102,996.6613444,429.0869564,2
9105,993.5409817,426.2810662,2
9109,993.7304962,429.1881636,2
9112,993.5572922,424.0647549,2
9115,996.9200205,426.2514013,2
9119,995.7799936,427.6419507,2
9122,995.857967,423.98356,2
9125,996.5464349,425.2064211,2
9129,996.3419159,420.4670362,2
9132,991.3993262,422.8615503,2
9135,992.5261729,429.9014504,2
9139,993.2675088,425.4698765,2
9142,994.3403554,428.6751332,2
9145,993.6637119,426.4482766,2
9149,993.4574017,425.0705375,2
9152,994.0754507,426.8025389,2
9155,990.4950632,429.6684247,2
9159,992.0051124,423.6725776,2
9162,993.034279,433.6738559,2
9165,992.8104478,429.7903139,2
9169,993.4655216,430.8665468,2
9172,995.7831158,431.1796675,2
9175,995.6659819,427.347891,2
9179,995.7475074,430.7914728,2
9182,991.2282734,429.9368752,2
9185,994.3069165,432.8208034,2
9189,995.4928805,424.6246032,2
9192,994.6964863,427.9408908,2
9195,993.6822057,431.5874366,2
9199,995.140071,431.3863699,2
9202,995.0248225,433.488865,2
9205,994.833005,424.6848986,2
9209,994.4382771,431.4216628,2
9212,994.6584806,429.2661957,2
9215,990.5260819,431.1837903,2
9219,993.3772804,428.785881,2
9222,996.2812299,426.4772237,2
9225,989.6264998,429.7945402,2
9229,991.7725517,428.5676661,2
9232,994.3282473,422.9328171,2
9235,990.8967467,433.8404403,2
9239,991.8965951,431.943924,2
9242,992.0427573,428.3521144,2
9245,991.846592,431.0998307,2
9249,989.3378692,429.9489424,2
9252,994.6630461,429.859285,2
9255,987.1450397,439.7748368,2
9259,963.2069139,440.4022771,2
9262,921.2254769,448.6110084,2
9265,871.6444438,456.7773516,2
9269,831.1717457,467.8790314,2
9272,803.6905645,470.3553305,2
9275,778.51616,474.3957288,2
9279,765.14808,477.6686281,2
9282,770.7893193,480.4394135,2
9285,781.5068528,480.6664436,2
9289,796.0279107,479.6341189,2
9292,799.9717683,476.051066,2
9295,792.3067868,471.9279241,2
9299,785.5417692,472.4445476,2
9302,778.4354188,479.2445402,2
9305,773.0802183,476.3075269,2
9309,769.1006584,474.9558572,2
9312,767.9645531,480.5877286,2
9315,770.1904006,472.5919547,2
9319,775.28491,483.4374074,2
9322,773.5559403,476.2014238,2
9325,771.1383425,473.0725961,2
9329,775.9494523,476.3784131,2
9332,777.613734,473.9212631,2
9335,777.1734729,475.6095042,2
9339,776.8149091,487.7318193,2
9342,774.849289,484.210401,2
9345,778.90756,481.0907363,2
9349,778.0419748,477.5847476,2
9352,777.4507084,480.1440137,2
9355,775.0899771,482.8383684,2
9359,779.429348,479.2452601,2
9362,777.593681,482.9856195,2
9365,777.7085424,482.9404963,2
9369,775.0034465,486.8139193,2
9372,778.3389271,476.4260258,2
9375,777.712086,479.8288193,2
9379,773.7197306,481.2226631,2
9382,774.8487339,484.7130866,2
9385,775.8813828,487.4811167,2
9389,773.3643329,483.5014436,2
9392,777.0363933,485.9177287,2
9395,773.8388122,485.2471289,2
9399,774.3784026,485.2536131,2
9402,777.3748554,486.5081103,2
9405,775.0574873,488.5850158,2
9409,NaN,NaN,2
9412,NaN,NaN,2
9415,776.6501843,487.1056129,2
9419,777.2353695,484.9265497,2
9422,777.6553696,485.319662,2
9425,775.6184191,486.6364712,2
9429,778.8360401,481.1193343,2
9432,776.1134223,483.6323156,2
9435,777.9632406,483.1334734,2
9439,776.2463044,483.2089997,2
9442,776.5942976,485.3784051,2
9445,NaN,NaN,2
9449,NaN,NaN,2
9452,776.2990384,484.9344309,2
9455,775.6558979,487.1306033,2
9459,775.2471713,481.5183011,2
9462,777.9053755,483.7265787,2
9465,772.4675691,487.5752125,2
9469,782.6481545,506.5272983,2
9472,803.4153523,562.5912623,2
9475,NaN,NaN,2
9479,NaN,NaN,2
9482,877.7269794,745.0048932,2
9485,897.8242863,792.0557635,2
9489,911.8072875,823.0255353,2
9492,908.5157113,848.1869874,2
9495,907.5670048,872.2187091,2
9499,904.4944084,889.6243039,2
9502,911.3632605,897.0811162,2
9505,922.5514225,889.7130575,2
9509,927.6552506,874.2761704,2
9512,926.9892201,870.1994815,2
9515,928.708081,874.7726482,2
9519,NaN,NaN,2
9522,NaN,NaN,2
9525,929.85283,908.8137248,2
9529,928.3756982,908.9099375,2
9532,NaN,NaN,2
9535,NaN,NaN,2
9539,926.6899682,902.0424823,2
9542,929.7105396,899.5580761,2
9545,NaN,NaN,2
9549,NaN,NaN,2
9552,926.303125,899.4682237,2
9555,926.6710473,898.3114413,2
9559,NaN,NaN,2
9562,NaN,NaN,2
9565,928.1465415,896.1414561,2
9569,929.7479687,899.6825772,2
9572,929.6157824,899.4385994,2
9575,928.9915589,896.365232,2
9579,930.2081703,899.5873737,2
9582,929.8834046,901.4178643,2
9585,929.5196476,897.0962676,2
9589,NaN,NaN,2
9592,NaN,NaN,2
9595,928.1256353,897.6588841,2
9599,928.464405,900.2995346,2
9602,927.3487841,900.3374644,2
9605,931.5185924,899.2189388,2
9609,930.4601216,900.1650789,2
9612,929.699596,899.6607915,2
9615,928.1095877,898.5590914,2
9619,928.1748662,897.5462194,2
9622,930.0360444,899.824505,2
9625,926.8214638,900.930575,2
9629,927.4508382,898.6679188,2
9632,927.7273197,899.903484,2
9635,NaN,NaN,2
9639,NaN,NaN,2
9642,927.9437901,899.640879,2
9645,NaN,NaN,2
9649,NaN,NaN,2
9652,930.0474264,900.1547739,2
9655,929.8013463,899.7676733,2
9659,NaN,NaN,2
9662,NaN,NaN,2
9665,928.7999444,898.8309461,2
9669,926.5495436,900.0160634,2
9672,NaN,NaN,2
9675,NaN,NaN,2
9679,930.8573397,897.9061593,2
9682,929.6425899,896.5203034,2
9685,929.7842007,896.4677336,2
9689,NaN,NaN,2
9692,NaN,NaN,2
9695,930.4958802,899.2195109,2
9699,NaN,NaN,2
9702,NaN,NaN,2
9705,931.2051981,900.3705672,2
9709,929.6723484,898.536569,2
9712,931.5424661,897.4871125,2
9715,930.1800475,897.424772,2
9719,929.9956258,897.8400479,2
9722,930.1877991,897.2070061,2
9725,927.4142089,896.7132183,2
9729,930.3536541,896.8928345,2
9732,932.7550812,896.9737249,2
9735,931.3639075,897.2636755,2
9739,929.1532496,897.6937749,2
9742,930.1342226,898.8233214,2
9745,930.861605,901.2345302,2
9749,929.7127161,894.7239851,2
9752,933.8109079,887.3958295,2
9755,928.6424741,877.5531656,2
9759,NaN,NaN,2
9762,NaN,NaN,2
9765,928.9145676,863.492368,2
9769,NaN,NaN,2
9772,NaN,NaN,2
9775,928.0527734,869.3955987,2
9779,928.6834728,875.1381788,2
9782,929.7490656,877.5998931,2
9785,NaN,NaN,2
9789,NaN,NaN,2
9792,927.9048868,869.9441435,2
9795,927.5231961,869.3742309,2
9799,NaN,NaN,2
9802,NaN,NaN,2
9805,930.713495,869.8666027,2
9809,928.8482079,870.0249281,2
9812,927.5566847,871.9752069,2
9815,NaN,NaN,2
9819,NaN,NaN,2
9822,926.2009274,870.1285708,2
9825,928.7626884,871.1741798,2
9829,NaN,NaN,2
9832,NaN,NaN,2
9835,927.5649498,872.7511864,2
9839,928.8078051,870.5880194,2
9842,NaN,NaN,2
9845,NaN,NaN,2
9849,928.4523683,867.6267027,2
9852,929.9805723,872.0874585,2
9855,NaN,NaN,2
9859,NaN,NaN,2
9862,930.9085794,873.3484005,2
9865,929.0537514,870.0196762,2
9869,NaN,NaN,2
9872,NaN,NaN,2
9875,932.8143646,873.2956239,2
9879,931.2180456,872.7943666,2
9882,932.6691056,872.3309229,2
9885,NaN,NaN,2
9889,NaN,NaN,2
9892,931.469159,872.6201683,2
9895,930.5973859,874.9569515,2
9899,NaN,NaN,2
9902,NaN,NaN,2
9905,930.4270798,874.2425273,2
9909,929.5239295,871.0524653,2
9912,NaN,NaN,2
9915,NaN,NaN,2
9919,931.2615431,871.9611261,2
9922,929.5904462,870.2373883,2
9925,NaN,NaN,2
9929,NaN,NaN,2
9932,930.7898935,873.2159006,2
9935,932.4058451,872.415164,2
9939,NaN,NaN,2
9942,NaN,NaN,2
9945,929.1040563,873.5467934,2
9949,931.1118087,874.6327709,2
9952,927.7454832,872.148336,2
9955,NaN,NaN,2
9959,NaN,NaN,2
9962,933.3773996,873.6482748,2
9965,931.019126,870.2961853,2
9969,NaN,NaN,2
9972,NaN,NaN,2
9975,930.1190574,871.5966533,2
9979,930.6609584,872.9982943,2
9982,NaN,NaN,2
9985,NaN,NaN,2
9989,932.6915803,872.9625493,2
9992,930.761011,874.0400203,2
9995,NaN,NaN,2
9999,NaN,NaN,2
10002,932.8034191,872.6575945,2
10005,933.0216763,875.0493974,2
10009,931.9799465,874.0422783,2
10012,929.7023715,875.113798,2
10015,931.1870739,873.2045109,2
10019,932.8357534,874.322534,2
10022,930.0041382,877.1092081,2
10025,933.3599715,874.9509425,2
10029,931.5780792,875.6047238,2
10032,932.4224247,874.3165313,2
10035,931.4699954,867.6318347,2
10039,933.2075341,855.8397501,2
10042,932.6699089,835.405564,2
10045,925.0592089,806.7679781,2
10049,919.4617409,789.3257151,2
10052,NaN,NaN,2
10055,NaN,NaN,2
10059,896.2110892,754.1696288,2
10062,891.6184394,740.869301,2
10065,893.3535876,729.5320321,2
10069,894.7710795,724.1494133,2
10072,896.0425134,687.3908244,2
10075,909.1165655,721.7215072,2
10079,914.5007822,747.9342031,2
10082,NaN,NaN,2
10085,NaN,NaN,2
10089,NaN,NaN,2
10092,NaN,NaN,2
10095,NaN,NaN,2
10099,NaN,NaN,2
10102,NaN,NaN,2
10105,NaN,NaN,2
10109,NaN,NaN,2
10112,NaN,NaN,2
10115,NaN,NaN,2
10119,NaN,NaN,2
10122,NaN,NaN,2
10125,NaN,NaN,2
10129,NaN,NaN,2
10132,NaN,NaN,2
10135,NaN,NaN,2
10139,NaN,NaN,2
10142,NaN,NaN,2
10145,NaN,NaN,2
10149,NaN,NaN,2
10152,NaN,NaN,2
10155,NaN,NaN,2
10159,NaN,NaN,2
10162,NaN,NaN,2
10165,NaN,NaN,2
10169,NaN,NaN,2
10172,NaN,NaN,2
10175,NaN,NaN,2
10179,NaN,NaN,2
10182,NaN,NaN,2
10185,NaN,NaN,2
10189,NaN,NaN,2
10192,NaN,NaN,2
10195,NaN,NaN,2
10199,NaN,NaN,2
10202,NaN,NaN,2
10205,NaN,NaN,2
10209,NaN,NaN,2
10212,NaN,NaN,2
10215,NaN,NaN,2
10219,NaN,NaN,2
10222,NaN,NaN,2
10225,NaN,NaN,2
10229,NaN,NaN,2
10232,NaN,NaN,2
10235,NaN,NaN,2
10239,NaN,NaN,2
10242,NaN,NaN,2
10245,NaN,NaN,2
10249,NaN,NaN,2
10252,NaN,NaN,2
10255,NaN,NaN,2
10259,NaN,NaN,2
10262,971.0860329,652.4148066,2
10265,965.0522372,643.1478827,2
10269,NaN,NaN,2
10272,958.8750883,612.8316858,2
10275,962.6745106,615.4089636,2
10279,957.8612739,607.1007091,2
10282,961.8947282,610.5997533,2
10285,958.8962403,599.6537928,2
10289,958.6091876,595.4124917,2
10292,961.3855602,613.2219095,2
10295,959.9234215,602.0116442,2
10299,NaN,NaN,2
10302,NaN,NaN,2
10305,NaN,NaN,2
10309,961.2815453,629.8919136,2
10312,959.9241301,628.3465193,2
10315,962.6509795,626.0366106,2
10319,963.510978,625.646392,2
10322,960.8287854,627.7575362,2
10325,962.9163937,625.1070391,2
10329,960.9686041,626.1105332,2
10332,961.2317949,624.4220914,2
10335,963.0990872,622.1924732,2
10339,962.0433209,625.8740553,2
10342,962.2532791,619.4037366,2
10345,962.7110071,617.0362011,2
10349,961.0825422,615.3491463,2
10352,961.2884905,615.6012702,2
10355,961.2108139,614.0942502,2
10359,961.4284372,618.3720903,2
10362,959.6869697,613.038509,2
10365,962.4004781,614.8944428,2
10369,961.0526861,614.242567,2
10372,960.8257642,612.8953332,2
10375,961.2891282,612.9319836,2
10379,963.1279563,610.2892277,2
10382,958.9439658,611.870167,2
10385,961.8127932,610.7053329,2
10389,960.4718078,614.73995,2
10392,962.5925958,608.8988462,2
10395,959.9282584,613.7360059,2
10399,962.2350428,612.8349299,2
10402,958.0373949,611.2042984,2
10405,956.8068139,613.7509383,2
10409,962.8730186,609.2380861,2
10412,961.2654473,613.0532872,2
10415,960.6634147,604.9304529,2
10419,961.528681,611.1813419,2
10422,961.7001647,608.9023514,2
10425,962.8893992,612.5723429,2
10429,960.8283372,608.4197852,2
10432,961.8230482,622.9477952,2
10435,962.2509108,651.5185493,2
10439,945.1845399,692.4903286,2
10442,931.5187034,747.0500858,2
10445,916.6831317,799.6155377,2
10449,913.6852578,836.7145308,2
10452,914.2696146,855.7879804,2
10455,919.9629355,864.7257074,2
10459,923.4625032,873.8859589,2
10462,927.8632547,874.7709188,2
10465,930.2838861,870.8458871,2
10469,935.2390933,867.1799764,2
10472,935.8505376,865.7135419,2
10475,931.0211956,866.4046884,2
10479,928.6704836,871.145916,2
10482,926.3957662,882.6933679,2
10485,925.4204012,887.2141786,2
10489,926.0520395,889.4127141,2
10492,930.0078286,887.2892507,2
10495,928.2649596,886.2959651,2
10499,929.3409636,885.8854676,2
10502,930.7832971,882.5263973,2
10505,931.7378433,883.3140522,2
10509,930.0704727,882.3529573,2
10512,929.0047314,880.8341066,2
10515,931.8729829,879.121481,2
10519,931.7292973,882.4771203,2
10522,930.5876978,882.9097715,2
10525,932.5374641,884.6836869,2
10529,929.552212,882.5514173,2
10532,929.5573694,885.0093074,2
10535,931.6174286,886.187339,2
10539,931.9871882,882.384162,2
10542,933.5237005,884.469458,2
10545,932.0067154,882.5564434,2
10549,932.2946097,883.3159436,2
10552,930.9106621,881.8218447,2
10555,934.3153353,884.6589457,2
10559,932.9317065,884.1322856,2
10562,930.0988241,882.8326944,2
10565,932.6396211,883.6145516,2
10569,935.689314,883.8818966,2
10572,931.9315364,882.851476,2
10575,931.0495506,883.3910462,2
10578,929.9714104,880.9289811,2
10582,931.811193,883.9721827,2
10585,933.023692,885.0278771,2
10589,932.5085817,882.4263913,2
10592,934.6903368,882.7075411,2
10595,935.124574,882.8677879,2
10599,929.9043807,881.4542228,2
10602,933.2806775,882.8782529,2
10605,932.6767537,880.882725,2
10609,930.9752171,880.6707861,2
10612,931.6515713,882.1245422,2
10615,933.7990785,883.4433234,2
10619,932.6081264,884.48313,2
10622,934.294303,882.9868667,2
10625,933.8846836,883.8761481,2
10629,930.5562402,882.5086892,2
10632,931.8573718,880.2019297,2
10635,931.5561999,882.7018861,2
10639,931.320628,881.5112021,2
10642,932.447801,882.1617509,2
10645,931.8099979,882.3163052,2
10648,932.6542201,881.1656484,2
10652,933.7431384,883.0540835,2
10655,933.186106,881.5018709,2
10658,933.6408186,880.5555464,2
10662,934.8384571,881.6564353,2
10665,932.8156788,881.946072,2
10669,934.0790702,885.1610998,2
10672,NaN,NaN,2
10675,NaN,NaN,2
10679,932.4720745,880.557036,2
10682,NaN,NaN,2
10685,NaN,NaN,2
10688,933.691814,882.3325307,2
10692,934.5664864,880.9536077,2
10695,933.3193134,883.2884984,2
10699,930.1200554,882.7778502,2
10702,932.8963339,882.8185758,2
10705,932.8697716,887.8226794,2
10708,931.3066217,881.2941766,2
10712,933.1172212,881.7820482,2
10715,932.4726307,886.6193845,2
10718,929.0237099,884.5218505,2
10722,934.4370386,884.1864489,2
10725,930.4422559,885.4293507,2
10728,929.679342,883.8934337,2
10732,930.6277375,885.8128295,2
10735,932.1490921,885.6183845,2
10739,932.6336519,884.4784908,2
10742,NaN,NaN,2
10745,NaN,NaN,2
10748,931.6617924,882.2083605,2
10752,931.4977213,883.6893887,2
10755,930.0392942,883.2233724,2
10758,932.581851,880.5795484,2
10762,933.2728948,880.1204358,2
10765,929.5207987,883.4842255,2
10769,929.0791632,884.3197121,2
10772,931.9210474,882.4273975,2
10775,931.8980187,883.1436635,2
10779,930.1497361,881.5559383,2
10782,931.0354587,882.0243792,2
10785,931.9997403,880.9779649,2
10788,931.019882,882.0562723,2
10792,931.0239576,883.8397278,2
10795,929.6453691,882.9403462,2
10798,930.525051,883.1770844,2
10802,932.1395462,882.9335197,2
10805,931.6448372,883.522405,2
10809,932.6514947,881.9464568,2
10812,932.0813794,880.7372958,2
10815,930.1680173,881.6197887,2
10818,932.3083517,882.5622693,2
10822,930.4626851,884.3867161,2
10825,931.2538744,881.4526196,2
10828,NaN,NaN,2
10832,NaN,NaN,2
10835,NaN,NaN,2
10839,NaN,NaN,2
10842,NaN,NaN,2
10845,NaN,NaN,2
10848,930.7380565,881.1544998,2
10852,932.0610547,881.1297249,2
10855,931.0159495,883.0607307,2
10859,NaN,NaN,2
10862,NaN,NaN,2
10865,929.5184507,881.5881513,2
10868,NaN,NaN,2
10872,NaN,NaN,2
10875,931.0228771,883.4904909,2
10878,929.2040956,884.8033911,2
10882,933.9126831,882.1810921,2
10885,933.8178567,882.981512,2
10888,929.5819381,881.229058,2
10892,931.433404,882.1078651,2
10895,930.127234,883.4688468,2
10898,930.38247,880.8611402,2
10902,930.1739337,879.872054,2
10905,932.7195928,881.1214933,2
10909,934.1961042,880.5672809,2
10912,933.397954,882.6184667,2
10915,931.1151902,882.7317055,2
10918,932.1890882,879.1162286,2
10922,931.5560729,880.9720932,2
10925,929.1241044,881.1694768,2
10928,931.1683128,885.2430894,2
10932,935.2349009,882.0793197,2
10935,947.549148,870.3029191,2
10939,972.4881892,850.3579376,2
10942,1004.148718,823.7537127,2
10945,1039.993034,788.9462605,2
10948,1074.092095,756.1531563,2
10952,1105.189686,722.7099078,2
10955,1129.87373,692.2814893,2
10958,1154.422196,659.5990307,2
10962,1169.760833,627.9611042,2
10965,1181.704057,591.1092742,2
10968,1191.753058,551.2378718,2
10972,1205.332405,527.0077808,2
10975,1210.568687,505.2061218,2
10978,1214.776478,482.0615015,2
10982,1221.136841,485.2012745,2
10985,1218.732826,483.4326473,2
10988,1215.850633,483.19014,2
10992,1210.153173,488.9365573,2
10995,1209.924817,490.2737066,2
10998,1212.213231,492.3261607,2
11002,1216.25316,485.2776449,2
11005,1215.868682,482.7970958,2
11009,1216.983979,474.6943963,2
11012,1215.104412,477.1068484,2
11015,1215.963259,478.2803641,2
11018,1212.062603,484.0381751,2
11022,1212.334009,481.5846968,2
11025,1210.367944,480.0209117,2
11028,1211.38702,487.1387119,2
11032,1211.272626,487.2688512,2
11035,1211.774791,486.6211891,2
11038,1213.918487,485.1019735,2
11042,1210.159804,490.4566973,2
11045,1210.391299,483.9731374,2
11048,1210.687178,488.2312228,2
11052,1215.363368,482.8226563,2
11055,1213.794296,486.1220582,2
11058,1209.133553,484.967882,2
11062,1211.350483,485.1682454,2
11065,1213.081306,483.0194845,2
11068,1211.484016,482.1853219,2
11072,1215.032839,479.716902,2
11075,1214.636463,481.6237194,2
11078,1213.519847,484.6385207,2
11082,1211.986101,486.3318412,2
11085,1206.346202,487.9801278,2
11088,1214.37389,483.5822886,2
11092,1212.090397,482.5905101,2
11095,1213.909147,481.6974518,2
11098,1214.973617,486.5945741,2
11102,1209.03431,485.3252261,2
11105,1211.538665,482.5943335,2
11108,1214.595401,482.4458485,2
11112,1212.526489,486.9811249,2
11115,1209.070786,485.3191214,2
11118,1213.836928,485.5994448,2
11122,1212.528039,481.0370903,2
11125,1211.002865,483.3088107,2
11128,1211.95793,481.6871569,2
11132,1213.563683,487.8888747,2
11135,1211.965992,490.0674656,2
11138,1212.941746,483.3000944,2
11142,1209.227748,485.2576285,2
11145,1212.347914,485.1156687,2
11148,1209.740981,479.7900414,2
11152,1211.137512,485.0856917,2
11155,1210.662786,489.2333088,2
11158,1214.414868,485.4337822,2
11162,1212.758506,485.0413962,2
11165,1214.482602,478.3827985,2
11168,1210.138605,485.8008524,2
11172,1210.95481,483.7290848,2
11175,1214.728681,485.4098417,2
11178,1211.403473,485.2355792,2
11182,1211.930981,488.4554815,2
11185,1210.65202,487.7982987,2
11188,1211.3704,491.6540974,2
11192,1213.528944,481.9477859,2
11195,1214.28462,482.22301,2
11198,1212.829625,486.0443623,2
11202,1212.597428,485.451314,2
11205,1215.037649,490.0045824,2
11208,1209.837953,481.4195137,2
11212,1211.982085,483.6173535,2
11215,1216.240446,482.5987227,2
11218,1214.120334,483.0558516,2
11222,1212.304974,478.8768395,2
11225,1212.804439,483.6597893,2
11228,1215.109952,484.4350873,2
11232,1213.307567,478.7476423,2
11235,1214.075338,481.5019115,2
11238,1212.045268,486.3341525,2
11242,1210.403244,482.711744,2
11245,1196.966439,490.4627782,2
11248,1169.534429,498.9214714,2
11252,1147.069842,501.8906321,2
11255,1132.665795,517.9571435,2
11258,1134.523354,530.2925187,2
11262,1141.25047,524.5680653,2
11265,1145.598636,525.0159793,2
11268,1156.028795,518.6998355,2
11272,1157.941115,514.5470335,2
11275,1159.032438,511.5319124,2
11278,1153.738805,513.0616662,2
11282,1147.463799,520.056063,2
11285,1144.215639,518.3112448,2
11288,1144.027977,521.9305451,2
11292,1144.164419,523.0789874,2
11295,1146.597898,518.5723788,2
11298,1145.38965,519.7681439,2
11302,1143.104836,521.2478896,2
11305,1148.229094,518.2697852,2
11308,1144.303166,518.9408558,2
11312,1148.950252,516.8139444,2
11315,1146.139799,522.2465298,2
11318,1148.43172,522.7159103,2
11322,1150.141326,521.9458037,2
11325,1146.437086,518.0802715,2
11328,1146.883812,516.3782188,2
11332,1146.010225,516.5597977,2
11335,1146.989591,516.8925247,2
11338,1145.782744,515.5774797,2
11342,1149.129027,517.5312056,2
11345,1148.159864,519.2548168,2
11348,1150.178214,519.1557864,2
11352,1148.523955,516.2006824,2
11355,1150.187771,518.3306238,2
11358,1147.381588,518.7775225,2
11362,1145.321146,525.6872963,2
11365,1147.406015,516.912911,2
11368,1147.748182,517.3782791,2
11372,1145.645707,524.2367142,2
11375,1147.045044,519.5813607,2
11378,1148.50212,518.4242703,2
11382,1148.505927,523.5253004,2
11385,1147.833276,523.9748564,2
11388,1149.289663,517.161865,2
11392,1148.530259,521.3891747,2
11395,1145.591165,515.4196508,2
11398,1149.453265,519.3811824,2
11402,1146.154084,521.8791431,2
11405,1144.98275,522.5950204,2
11408,1148.636686,521.930585,2
11412,1150.153692,515.9576728,2
11415,1145.453534,518.7427759,2
11418,1147.219007,517.2877277,2
11422,1141.928608,519.3411482,2
11425,1149.770966,518.3742267,2
11428,1165.050433,518.4047734,2
11432,1194.914859,516.6696809,2
11435,1235.175579,520.4526981,2
11438,1287.183686,522.0115988,2
11442,1328.813289,516.8638631,2
11445,1368.419112,509.7679242,2
11448,1408.759866,503.2596424,2
11452,1447.706337,499.5061667,2
11455,1492.476369,502.0204087,2
11458,1526.517038,505.885539,2
11462,1546.368011,511.6799543,2
11465,1557.504645,508.3245846,2
11468,1551.59561,507.2490173,2
11472,1534.536451,509.5155695,2
11475,1519.709607,504.8143673,2
11478,NaN,NaN,2
11482,NaN,NaN,2
11485,1538.110795,507.0837059,2
11488,1545.453244,505.9006879,2
11492,1551.091442,508.8884288,2
11495,1549.580198,507.3712033,2
11498,1547.932276,503.3880968,2
11502,1542.60046,503.6631466,2
11505,1538.937914,499.1321682,2
11508,1538.529554,502.8552226,2
11512,1537.983769,501.6996034,2
11515,1536.087614,505.1243502,2
11518,1537.166582,504.5054529,2
11522,1535.551583,505.4231975,2
11525,1534.700823,503.9163702,2
11528,1536.545722,504.6465278,2
11532,NaN,NaN,2
11535,NaN,NaN,2
11538,1534.545341,503.3835323,2
11542,1535.949843,503.3584494,2
11545,1532.495901,504.3785652,2
11548,NaN,NaN,2
11552,NaN,NaN,2
11555,1538.017371,503.4584739,2
11558,1536.869816,501.7544624,2
11562,1536.374553,502.4966381,2
11565,1538.9698,507.6211068,2
11568,1537.096384,506.8454268,2
11572,1540.313618,503.0779127,2
11575,NaN,NaN,2
11578,NaN,NaN,2
11582,1539.789041,503.2348095,2
11585,1532.439314,504.0565687,2
11588,NaN,NaN,2
11592,NaN,NaN,2
11595,1541.466344,501.698606,2
11598,1541.270466,502.8738608,2
11602,1536.034452,505.5000565,2
11605,NaN,NaN,2
11608,NaN,NaN,2
11612,1535.777549,506.8054185,2
11615,1536.370131,505.2797456,2
11618,NaN,NaN,2
11622,NaN,NaN,2
11625,NaN,NaN,2
11628,NaN,NaN,2
11632,NaN,NaN,2
11635,NaN,NaN,2
11638,NaN,NaN,2
11642,NaN,NaN,2
11645,NaN,NaN,2
11648,NaN,NaN,2
11652,1537.260732,504.8405169,2
11655,NaN,NaN,2
11658,NaN,NaN,2
11662,NaN,NaN,2
11665,NaN,NaN,2
11668,1538.357071,506.5605891,2
11672,1537.802896,503.6078384,2
11675,NaN,NaN,2
11678,NaN,NaN,2
11682,NaN,NaN,2
11685,NaN,NaN,2
11688,NaN,NaN,2
11692,NaN,NaN,2
11695,1538.185251,506.9973186,2
11698,1543.157354,504.8955991,2
11702,NaN,NaN,2
11705,NaN,NaN,2
11708,NaN,NaN,2
11712,NaN,NaN,2
11715,NaN,NaN,2
11718,NaN,NaN,2
11722,NaN,NaN,2
11725,NaN,NaN,2
11728,NaN,NaN,2
11732,NaN,NaN,2
11735,NaN,NaN,2
11738,NaN,NaN,2
11742,1172.581412,472.3427376,2
11745,NaN,NaN,2
11748,NaN,NaN,2
11752,NaN,NaN,2
11755,NaN,NaN,2
11758,NaN,NaN,2
11762,NaN,NaN,2
11765,NaN,NaN,2
11768,NaN,NaN,2
11772,NaN,NaN,2
11775,NaN,NaN,2
11778,1107.387654,476.643984,2
11782,1105.352087,477.965506,2
11785,NaN,NaN,2
11788,NaN,NaN,2
11792,1112.800147,475.1188408,2
11795,1109.616825,476.5411328,2
11798,1115.42873,479.3301287,2
11802,1116.45823,477.0770222,2
11805,1114.724698,479.6904853,2
11808,1114.346149,476.7379154,2
11812,1114.374641,482.264884,2
11815,NaN,NaN,2
11818,NaN,NaN,2
11822,1111.854587,477.9380974,2
11825,1109.890481,479.0627781,2
11828,NaN,NaN,2
11832,NaN,NaN,2
11835,1111.043715,474.7787314,2
11838,1109.655738,476.3568447,2
11842,NaN,NaN,2
11845,NaN,NaN,2
11848,1109.077927,479.5593844,2
11852,1110.730925,480.6892327,2
11855,1113.614855,480.4641667,2
11858,1111.746204,484.006541,2
11862,1111.928629,478.6425651,2
11865,1111.915404,479.686996,2
11868,1112.943511,486.0853902,2
11872,1112.623379,482.1864123,2
11875,1111.079957,484.0282838,2
11878,1109.564788,479.2919066,2
11882,1110.697533,481.5913494,2
11885,1113.445102,480.5109371,2
11888,1110.551637,483.8978786,2
11892,1110.129509,474.5658956,2
11895,1114.104088,478.776323,2
11898,NaN,NaN,2
11902,NaN,NaN,2
11905,NaN,NaN,2
11908,NaN,NaN,2
11912,NaN,NaN,2
11915,NaN,NaN,2
11918,1112.212643,477.9293987,2
11922,1113.535124,476.8068415,2
11925,1113.877274,471.5042931,2
11928,NaN,NaN,2
11932,NaN,NaN,2
11935,NaN,NaN,2
11938,NaN,NaN,2
11942,NaN,NaN,2
11945,NaN,NaN,2
11948,1113.171565,475.1997426,2
11952,1111.617747,479.3672059,2
11955,1114.11847,475.1857978,2
11958,1108.320135,470.5837778,2
11962,1113.740679,472.2428879,2
11965,1110.959982,483.9773981,2
11968,1113.210418,476.4011154,2
11972,1112.53595,477.2927067,2
11975,1114.657941,477.4108225,2
11978,1111.32738,478.7873581,2
11982,1115.045127,477.2833497,2
11985,1109.120099,477.3242205,2
11988,1112.033558,478.7047961,2
11992,1114.675638,483.877004,2
11995,1114.834448,481.112674,2
11998,1112.987297,480.8677689,2
12002,1114.733381,480.0138195,2
12005,1113.167084,479.9468916,2
12008,1109.609996,479.1924383,2
12012,1112.072543,476.9067266,2
12015,1113.168637,482.3110279,2
12018,1109.6771,483.4681188,2
12022,1112.942206,480.2608503,2
12025,1113.199562,476.7891558,2
12028,1112.724015,479.1177597,2
12032,1115.6779,476.5932007,2
12035,1113.25956,481.8359606,2
12038,1116.034491,481.121689,2
12042,1113.072452,475.9053483,2
12045,1112.82094,483.932146,2
12048,1108.731193,475.5198708,2
12052,1111.465399,475.5249119,2
12055,1112.129243,476.9597542,2
12058,1111.414728,472.9958495,2
12062,1112.652431,476.3847281,2
12065,1111.103018,476.739282,2
12068,1110.145892,480.4497561,2
12072,1112.60257,482.3658106,2
12075,1112.014412,480.5928438,2
12078,1110.628667,478.9322713,2
12082,1110.047241,479.1674906,2
12085,1113.232916,482.9061859,2
12088,1110.455657,477.7762067,2
12092,1111.437665,480.3826521,2
12095,1112.652759,482.6800464,2
12098,1112.776715,482.5563359,2
12102,1109.565141,481.0160028,2
12105,1112.391432,482.9503993,2
12108,1109.543935,482.8448843,2
12112,1107.48431,479.1837887,2
12115,1113.168304,482.3737562,2
12118,1109.815502,481.9989276,2
12122,1113.431892,478.5556535,2
12125,1113.298243,476.6633656,2
12128,1109.602141,480.1431771,2
12132,1107.141048,477.352324,2
12135,1110.658694,479.692464,2
12138,1111.063102,478.1696287,2
12142,1111.606316,476.0232812,2
12145,1114.498694,489.4299544,2
12148,1132.850854,494.5331875,2
12152,1149.137593,505.7637873,2
12155,1164.928977,520.3138347,2
12158,1171.30986,519.433678,2
12162,1167.019016,525.8998586,2
12165,1157.292829,521.932237,2
12168,1146.404035,520.6248379,2
12172,1142.084536,517.6112257,2
12175,1146.764885,509.5753002,2
12178,1151.398523,511.0082816,2
12182,1153.061843,514.1284368,2
12185,1155.055578,512.2102781,2
12188,1157.915198,515.9653627,2
12192,1158.690723,512.9143387,2
12195,NaN,NaN,2
12198,NaN,NaN,2
12202,1156.67683,519.091436,2
12205,1152.327625,521.4664774,2
12208,NaN,NaN,2
12212,NaN,NaN,2
12215,1156.940208,515.994161,2
12218,1154.864276,521.8750353,2
12222,1154.610455,521.2050256,2
12225,NaN,NaN,2
12228,NaN,NaN,2
12232,1153.477172,520.5844568,2
12235,1154.699852,519.9249049,2
12238,NaN,NaN,2
12242,NaN,NaN,2
12245,1155.839914,518.7124848,2
12248,1156.299683,510.8117975,2
12252,1155.373918,519.1344512,2
12255,1156.634168,514.7395501,2
12258,1158.14068,515.9113094,2
12262,1156.80259,520.7978884,2
12265,NaN,NaN,2
12268,NaN,NaN,2
12272,1156.423352,519.9383308,2
12275,1153.48099,514.8843221,2
12278,NaN,NaN,2
12282,NaN,NaN,2
12285,1154.72631,519.8168327,2
12288,1156.344143,520.3728216,2
12292,1156.642283,522.8190117,2
12295,NaN,NaN,2
12298,NaN,NaN,2
12302,NaN,NaN,2
12305,NaN,NaN,2
12308,NaN,NaN,2
12312,NaN,NaN,2
12315,1158.624559,514.3881495,2
12318,1157.71699,518.6478544,2
12322,NaN,NaN,2
12325,NaN,NaN,2
12328,1155.69427,519.0619097,2
12332,1154.180204,517.6812293,2
12335,NaN,NaN,2
12338,NaN,NaN,2
12342,NaN,NaN,2
12345,NaN,NaN,2
12348,1155.038849,519.586827,2
12352,NaN,NaN,2
12355,NaN,NaN,2
12358,1151.410322,519.7815001,2
12362,1154.324914,518.1300023,2
12365,NaN,NaN,2
12368,NaN,NaN,2
12372,NaN,NaN,2
12375,NaN,NaN,2
12378,NaN,NaN,2
12382,NaN,NaN,2
12385,NaN,NaN,2
12388,NaN,NaN,2
12392,NaN,NaN,2
12395,NaN,NaN,2
12398,NaN,NaN,2
12402,NaN,NaN,2
12405,NaN,NaN,2
12408,NaN,NaN,2
12412,NaN,NaN,2
12415,NaN,NaN,2
12418,1151.640288,520.8080126,2
12422,NaN,NaN,2
12425,NaN,NaN,2
12428,NaN,NaN,2
12432,NaN,NaN,2
12435,NaN,NaN,2
12438,NaN,NaN,2
12442,NaN,NaN,2
12445,NaN,NaN,2
12448,NaN,NaN,2
12452,NaN,NaN,2
12455,NaN,NaN,2
12458,NaN,NaN,2
12462,NaN,NaN,2
12465,NaN,NaN,2
12468,NaN,NaN,2
12472,NaN,NaN,2
12475,NaN,NaN,2
12478,NaN,NaN,2
12482,NaN,NaN,2
12485,NaN,NaN,2
12488,NaN,NaN,2
12492,NaN,NaN,2
12495,NaN,NaN,2
12498,NaN,NaN,2
12502,NaN,NaN,2
12505,NaN,NaN,2
12508,NaN,NaN,2
12512,NaN,NaN,2
12515,NaN,NaN,2
12518,NaN,NaN,2
12522,NaN,NaN,2
12525,NaN,NaN,2
12528,NaN,NaN,2
12532,NaN,NaN,2
12535,NaN,NaN,2
12538,NaN,NaN,2
12542,NaN,NaN,2
12545,NaN,NaN,2
12548,NaN,NaN,2
12552,NaN,NaN,2
12555,NaN,NaN,2
12558,NaN,NaN,2
12562,NaN,NaN,2
12565,NaN,NaN,2
12568,NaN,NaN,2
12572,NaN,NaN,2
12575,NaN,NaN,2
12578,NaN,NaN,2
12582,NaN,NaN,2
12585,NaN,NaN,2
12588,NaN,NaN,2
12592,NaN,NaN,2
12595,NaN,NaN,2
12598,NaN,NaN,2
12602,NaN,NaN,2
12605,NaN,NaN,2
12608,NaN,NaN,2
12612,NaN,NaN,2
12615,1158.340407,513.3724629,2
12618,NaN,NaN,2
12622,NaN,NaN,2
12625,NaN,NaN,2
12628,NaN,NaN,2
12632,NaN,NaN,2
12635,NaN,NaN,2
12638,NaN,NaN,2
12642,NaN,NaN,2
12645,NaN,NaN,2
12648,NaN,NaN,2
12652,NaN,NaN,2
12655,NaN,NaN,2
12658,NaN,NaN,2
12662,NaN,NaN,2
12665,NaN,NaN,2
12668,NaN,NaN,2
12672,NaN,NaN,2
12675,NaN,NaN,2
12678,NaN,NaN,2
12682,NaN,NaN,2
12685,NaN,NaN,2
12688,NaN,NaN,2
12692,NaN,NaN,2
12695,NaN,NaN,2
12698,NaN,NaN,2
12702,NaN,NaN,2
12705,NaN,NaN,2
12708,NaN,NaN,2
12712,NaN,NaN,2
12715,NaN,NaN,2
12718,NaN,NaN,2
12722,NaN,NaN,2
12725,NaN,NaN,2
12728,NaN,NaN,2
12732,NaN,NaN,2
12735,NaN,NaN,2
12738,NaN,NaN,2
12742,NaN,NaN,2
12745,NaN,NaN,2
12748,NaN,NaN,2
12752,NaN,NaN,2
12755,NaN,NaN,2
12758,NaN,NaN,2
12762,NaN,NaN,2
12765,NaN,NaN,2
12768,NaN,NaN,2
12772,NaN,NaN,2
12775,NaN,NaN,2
12778,NaN,NaN,2
12782,NaN,NaN,2
12785,NaN,NaN,2
12788,NaN,NaN,2
12792,NaN,NaN,2
12795,NaN,NaN,2
12798,NaN,NaN,2
12802,NaN,NaN,2
12805,NaN,NaN,2
12808,NaN,NaN,2
12812,NaN,NaN,2
12815,NaN,NaN,2
12818,NaN,NaN,2
12822,NaN,NaN,2
12825,NaN,NaN,2
12828,NaN,NaN,2
12832,NaN,NaN,2
12835,NaN,NaN,2
12838,NaN,NaN,2
12842,NaN,NaN,2
12845,NaN,NaN,2
12848,NaN,NaN,2
12852,NaN,NaN,2
12855,NaN,NaN,2
12858,NaN,NaN,2
12862,NaN,NaN,2
12865,NaN,NaN,2
12868,NaN,NaN,2
12872,NaN,NaN,2
12875,NaN,NaN,2
12878,NaN,NaN,2
12882,NaN,NaN,2
12885,NaN,NaN,2
12888,NaN,NaN,2
12892,NaN,NaN,2
12895,NaN,NaN,2
12898,NaN,NaN,2
12902,NaN,NaN,2
12905,NaN,NaN,2
12908,NaN,NaN,2
12912,NaN,NaN,2
12915,NaN,NaN,2
12918,NaN,NaN,2
12922,NaN,NaN,2
12925,NaN,NaN,2
12928,NaN,NaN,2
12932,NaN,NaN,2
12935,NaN,NaN,2
12938,NaN,NaN,2
12942,NaN,NaN,2
12945,NaN,NaN,2
12948,NaN,NaN,2
12951,NaN,NaN,2
12955,NaN,NaN,2
12958,NaN,NaN,2
12962,NaN,NaN,2
12965,NaN,NaN,2
12968,NaN,NaN,2
12971,NaN,NaN,2
12975,NaN,NaN,2
12978,NaN,NaN,2
12982,NaN,NaN,2
12985,NaN,NaN,2
12988,NaN,NaN,2
12992,NaN,NaN,2
12995,NaN,NaN,2
12998,NaN,NaN,2
13002,NaN,NaN,2
13005,NaN,NaN,2
13008,NaN,NaN,2
13012,NaN,NaN,2
13015,NaN,NaN,2
13018,NaN,NaN,2
13022,NaN,NaN,2
13025,NaN,NaN,2
13028,NaN,NaN,2
13032,NaN,NaN,2
13035,NaN,NaN,2
13038,NaN,NaN,2
13042,NaN,NaN,2
13045,NaN,NaN,2
13048,NaN,NaN,2
13051,NaN,NaN,2
13055,NaN,NaN,2
13058,NaN,NaN,2
13062,NaN,NaN,2
13065,NaN,NaN,2
13068,NaN,NaN,2
13071,NaN,NaN,2
13075,NaN,NaN,2
13078,NaN,NaN,2
13081,NaN,NaN,2
13085,NaN,NaN,2
13088,NaN,NaN,2
13091,NaN,NaN,2
13095,NaN,NaN,2
13098,NaN,NaN,2
13101,NaN,NaN,2
13105,NaN,NaN,2
13108,NaN,NaN,2
13111,NaN,NaN,2
13115,NaN,NaN,2
13118,NaN,NaN,2
13122,NaN,NaN,2
13125,NaN,NaN,2
13128,NaN,NaN,2
13132,NaN,NaN,2
13135,NaN,NaN,2
13138,NaN,NaN,2
13141,NaN,NaN,2
13145,NaN,NaN,2
13148,NaN,NaN,2
13151,NaN,NaN,2
13155,NaN,NaN,2
13158,NaN,NaN,2
13161,NaN,NaN,2
13165,NaN,NaN,2
13168,NaN,NaN,2
13171,NaN,NaN,2
13175,NaN,NaN,2
13178,NaN,NaN,2
13181,NaN,NaN,2
13185,NaN,NaN,2
13188,NaN,NaN,2
13191,NaN,NaN,2
13195,NaN,NaN,2
13198,NaN,NaN,2
13201,NaN,NaN,2
13205,NaN,NaN,2
13208,NaN,NaN,2
13211,NaN,NaN,2
13215,NaN,NaN,2
13218,NaN,NaN,2
13221,NaN,NaN,2
13225,NaN,NaN,2
13228,NaN,NaN,2
13231,NaN,NaN,2
13235,NaN,NaN,2
13238,NaN,NaN,2
13241,NaN,NaN,2
13245,NaN,NaN,2
13248,NaN,NaN,2
13251,NaN,NaN,2
13255,NaN,NaN,2
13258,NaN,NaN,2
13261,NaN,NaN,2
13265,NaN,NaN,2
13268,NaN,NaN,2
13271,NaN,NaN,2
13275,NaN,NaN,2
13278,NaN,NaN,2
13281,NaN,NaN,2
13285,NaN,NaN,2
13288,NaN,NaN,2
13291,NaN,NaN,2
13295,NaN,NaN,2
13298,NaN,NaN,2
13301,NaN,NaN,2
13305,NaN,NaN,2
13308,NaN,NaN,2
13311,NaN,NaN,2
13315,NaN,NaN,2
13318,NaN,NaN,2
13321,NaN,NaN,2
13325,NaN,NaN,2
13328,NaN,NaN,2
13331,NaN,NaN,2
13335,NaN,NaN,2
13338,NaN,NaN,2
13341,NaN,NaN,2
13345,NaN,NaN,2
13348,NaN,NaN,2
13351,NaN,NaN,2
13355,NaN,NaN,2
13358,NaN,NaN,2
13361,NaN,NaN,2
13365,NaN,NaN,2
13368,NaN,NaN,2
13371,NaN,NaN,2
13375,NaN,NaN,2
13378,NaN,NaN,2
13381,NaN,NaN,2
13385,NaN,NaN,2
13388,NaN,NaN,2
13391,NaN,NaN,2
13395,NaN,NaN,2
13398,NaN,NaN,2
13401,NaN,NaN,2
13405,NaN,NaN,2
13408,NaN,NaN,2
13411,NaN,NaN,2
13415,NaN,NaN,2
13418,NaN,NaN,2
13421,NaN,NaN,2
13425,NaN,NaN,2
13428,NaN,NaN,2
13431,NaN,NaN,2
13435,NaN,NaN,2
13438,NaN,NaN,2
13441,NaN,NaN,2
13445,NaN,NaN,2
13448,NaN,NaN,2
13451,NaN,NaN,2
13455,NaN,NaN,2
13458,NaN,NaN,2
13461,NaN,NaN,2
13465,NaN,NaN,2
13468,NaN,NaN,2
13471,NaN,NaN,2
13475,NaN,NaN,2
13478,NaN,NaN,2
13481,NaN,NaN,2
13485,NaN,NaN,2
13488,NaN,NaN,2
13491,NaN,NaN,2
13495,NaN,NaN,2
13498,NaN,NaN,2
13501,NaN,NaN,2
13505,NaN,NaN,2
13508,NaN,NaN,2
13511,NaN,NaN,2
13515,NaN,NaN,2
13518,NaN,NaN,2
13521,NaN,NaN,2
13525,NaN,NaN,2
13528,NaN,NaN,2
13531,NaN,NaN,2
13535,NaN,NaN,2
13538,NaN,NaN,2
13541,NaN,NaN,2
13545,NaN,NaN,2
13548,NaN,NaN,2
13551,NaN,NaN,2
13555,NaN,NaN,2
13558,NaN,NaN,2
13561,NaN,NaN,2
13565,NaN,NaN,2
13568,NaN,NaN,2
13571,NaN,NaN,2
13575,NaN,NaN,2
13578,NaN,NaN,2
13581,NaN,NaN,2
13585,NaN,NaN,2
13588,NaN,NaN,2
13591,NaN,NaN,2
13595,NaN,NaN,2
13598,NaN,NaN,2
13601,NaN,NaN,2
13605,NaN,NaN,2
13608,NaN,NaN,2
13611,NaN,NaN,2
13615,NaN,NaN,2
13618,NaN,NaN,2
13621,NaN,NaN,2
13625,NaN,NaN,2
13628,NaN,NaN,2
13631,NaN,NaN,2
13635,NaN,NaN,2
13638,NaN,NaN,2
13641,NaN,NaN,2
13645,NaN,NaN,2
13648,NaN,NaN,2
13651,NaN,NaN,2
13655,NaN,NaN,2
13658,NaN,NaN,2
13661,NaN,NaN,2
13665,NaN,NaN,2
13668,NaN,NaN,2
13671,NaN,NaN,2
13675,NaN,NaN,2
13678,NaN,NaN,2
13681,NaN,NaN,2
13685,NaN,NaN,2
13688,NaN,NaN,2
13691,NaN,NaN,2
13695,NaN,NaN,2
13698,NaN,NaN,2
13701,NaN,NaN,2
13705,NaN,NaN,2
13708,NaN,NaN,2
13711,NaN,NaN,2
13715,NaN,NaN,2
13718,NaN,NaN,2
13721,NaN,NaN,2
13725,NaN,NaN,2
13728,NaN,NaN,2
13731,NaN,NaN,2
13735,NaN,NaN,2
13738,NaN,NaN,2
13741,NaN,NaN,2
13745,NaN,NaN,2
13748,NaN,NaN,2
13751,NaN,NaN,2
13755,NaN,NaN,2
13758,NaN,NaN,2
13761,NaN,NaN,2
13765,NaN,NaN,2
13768,NaN,NaN,2
13771,NaN,NaN,2
13775,NaN,NaN,2
13778,NaN,NaN,2
13781,NaN,NaN,2
13785,NaN,NaN,2
13788,NaN,NaN,2
13791,NaN,NaN,2
13795,NaN,NaN,2
13798,NaN,NaN,2
13801,NaN,NaN,2
13805,NaN,NaN,2
13808,NaN,NaN,2
13811,NaN,NaN,2
13815,NaN,NaN,2
13818,NaN,NaN,2
13821,NaN,NaN,2
13825,NaN,NaN,2
13828,NaN,NaN,2
13831,NaN,NaN,2
13835,NaN,NaN,2
13838,NaN,NaN,2
13841,NaN,NaN,2
13845,NaN,NaN,2
13848,NaN,NaN,2
13851,NaN,NaN,2
13855,NaN,NaN,2
13858,NaN,NaN,2
13861,NaN,NaN,2
13865,NaN,NaN,2
13868,NaN,NaN,2
13871,NaN,NaN,2
13875,NaN,NaN,2
13878,1220.470921,513.3267417,2
13881,1226.583442,513.5261015,2
13885,1224.934522,511.1482524,2
13888,NaN,NaN,2
13891,NaN,NaN,2
13895,1205.931982,515.7442534,2
13898,1205.224657,519.0161867,2
13901,NaN,NaN,2
13905,NaN,NaN,2
13908,1211.00301,513.1279524,2
13911,1213.214317,515.6134916,2
13915,NaN,NaN,2
13918,NaN,NaN,2
13921,NaN,NaN,2
13925,NaN,NaN,2
13928,NaN,NaN,2
13931,NaN,NaN,2
13935,NaN,NaN,2
13938,NaN,NaN,2
13941,NaN,NaN,2
13945,NaN,NaN,2
13948,1212.284567,518.407693,2
13951,1213.746761,518.0075851,2
13955,1211.663178,524.0502316,2
13958,NaN,NaN,2
13961,NaN,NaN,2
13965,1209.467282,518.5783686,2
13968,1212.223373,521.2765728,2
13971,NaN,NaN,2
13975,NaN,NaN,2
13978,NaN,NaN,2
13981,NaN,NaN,2
13985,NaN,NaN,2
13988,NaN,NaN,2
13991,1207.766437,520.2434405,2
13995,1210.269752,519.7534988,2
13998,1210.170599,518.3369245,2
14001,1209.027756,525.1236216,2
14005,1210.648795,520.5647124,2
14008,1212.869962,516.8952837,2
14011,1226.439802,522.1386024,2
14015,NaN,NaN,2
14018,NaN,NaN,2
14021,1344.165362,506.361852,2
14025,1382.063799,499.9251861,2
14028,NaN,NaN,2
14031,NaN,NaN,2
14035,1488.701414,498.203773,2
14038,1510.159062,501.6901678,2
14041,NaN,NaN,2
14045,NaN,NaN,2
14048,NaN,NaN,2
14051,NaN,NaN,2
14055,NaN,NaN,2
14058,NaN,NaN,2
14061,1535.186747,501.3030035,2
14065,1547.841713,500.1676118,2
14068,NaN,NaN,2
14071,NaN,NaN,2
14075,1557.65512,503.5969087,2
14078,1555.835968,499.5910732,2
14081,1554.144774,504.2714978,2
14085,NaN,NaN,2
14088,NaN,NaN,2
14091,1549.11049,502.9945972,2
14095,1545.450403,498.5685503,2
14098,NaN,NaN,2
14101,NaN,NaN,2
14105,NaN,NaN,2
14108,NaN,NaN,2
14111,NaN,NaN,2
14115,NaN,NaN,2
14118,1547.235282,499.6572435,2
14121,1548.13492,497.5708243,2
14125,NaN,NaN,2
14128,NaN,NaN,2
14131,NaN,NaN,2
14135,NaN,NaN,2
14138,1546.91136,506.2895346,2
14141,NaN,NaN,2
14145,NaN,NaN,2
14148,NaN,NaN,2
14151,NaN,NaN,2
14155,NaN,NaN,2
14158,NaN,NaN,2
14161,NaN,NaN,2
14165,NaN,NaN,2
14168,NaN,NaN,2
14171,NaN,NaN,2
14175,1548.274784,509.340073,2
14178,1548.882258,499.5953903,2
14181,1543.77175,508.1464266,2
14185,1549.016999,501.5691975,2
14188,1547.365072,508.9791775,2
14191,1547.380713,504.813586,2
14195,1544.605369,499.3220716,2
14198,1545.830185,502.3297212,2
14201,1546.214987,501.2780261,2
14205,1545.315631,502.3932047,2
14208,NaN,NaN,2
14211,NaN,NaN,2
14215,NaN,NaN,2
14218,NaN,NaN,2
14221,NaN,NaN,2
14225,NaN,NaN,2
14228,NaN,NaN,2
14231,NaN,NaN,2
14235,NaN,NaN,2
14238,NaN,NaN,2
14241,NaN,NaN,2
14245,NaN,NaN,2
14248,NaN,NaN,2
14251,NaN,NaN,2
14255,NaN,NaN,2
14258,NaN,NaN,2
14261,1543.78126,505.2479686,2
14265,1547.443084,502.6131925,2
14268,NaN,NaN,2
14271,NaN,NaN,2
14275,1546.950267,502.377998,2
14278,1544.703912,504.5263791,2
14281,NaN,NaN,2
14285,NaN,NaN,2
14288,1543.382838,503.1534773,2
14291,NaN,NaN,2
14295,NaN,NaN,2
14298,NaN,NaN,2
14301,NaN,NaN,2
14305,1545.887031,500.703611,2
14308,NaN,NaN,2
14311,NaN,NaN,2
14315,NaN,NaN,2
14318,NaN,NaN,2
14321,NaN,NaN,2
14325,NaN,NaN,2
14328,NaN,NaN,2
14331,NaN,NaN,2
14335,NaN,NaN,2
14338,NaN,NaN,2
14341,NaN,NaN,2
14345,NaN,NaN,2
14348,NaN,NaN,2
14351,NaN,NaN,2
14355,NaN,NaN,2
14358,NaN,NaN,2
14361,NaN,NaN,2
14365,NaN,NaN,2
14368,NaN,NaN,2
14371,NaN,NaN,2
14375,NaN,NaN,2
14378,NaN,NaN,2
14381,NaN,NaN,2
14385,NaN,NaN,2
14388,NaN,NaN,2
18054,684.1127521,347.0900976,3
18057,684.7061455,347.3482056,3
18061,684.1990957,351.2463218,3
18064,683.3684167,349.0357134,3
18067,682.3856207,350.0016863,3
18071,NaN,NaN,3
18074,NaN,NaN,3
18077,NaN,NaN,3
18081,682.1883001,350.7728119,3
18084,685.8694384,351.20237,3
18087,684.367843,351.3792579,3
18091,683.7725503,351.9960712,3
18094,685.8601143,351.6454051,3
18097,684.5559283,351.6242689,3
18101,681.7121107,352.4947765,3
18104,684.8173654,352.7736755,3
18107,684.4771593,353.9549995,3
18111,683.7761017,356.4917661,3
18114,683.1150133,355.0428959,3
18117,682.4157818,358.2458207,3
18121,682.1405639,353.1363868,3
18124,681.0924617,355.9676736,3
18127,684.0446809,355.671133,3
18131,683.1261418,355.8020721,3
18134,680.352953,360.023895,3
18137,683.2835787,352.7871323,3
18141,681.0434704,354.917627,3
18144,679.9310978,358.7195425,3
18147,683.1439374,352.1764596,3
18151,681.9300992,355.5006908,3
18154,683.6384477,355.4503018,3
18157,681.2969261,354.7888449,3
18161,683.3248465,362.8599541,3
18164,683.6966814,354.965154,3
18167,679.516728,359.0757456,3
18171,680.0180218,358.0519857,3
18174,678.3109585,355.7837377,3
18177,682.9027441,354.1542274,3
18181,681.3939323,356.5583301,3
18184,684.6517871,359.8139137,3
18187,680.5396349,355.4547459,3
18191,682.7944307,357.8089146,3
18194,680.4165573,358.414869,3
18197,681.444328,357.9799705,3
18201,680.8467975,358.1696187,3
18204,680.0061205,360.7215064,3
18207,681.9082684,356.8091379,3
18211,683.0043424,357.8957824,3
18214,682.487227,357.6659975,3
18217,683.0478566,357.737612,3
18221,683.4864392,360.9442729,3
18224,680.3774882,360.8066827,3
18227,679.6187148,360.0956176,3
18231,695.2423062,369.1119375,3
18234,721.4430164,381.7248542,3
18237,756.3440023,404.7998431,3
18241,791.373758,429.2898096,3
18244,815.9920474,452.9125871,3
18247,835.1334944,478.5654354,3
18251,841.7199949,492.5597039,3
18254,842.3656209,506.0808463,3
18257,827.5706507,501.582965,3
18261,818.5251726,491.728285,3
18264,814.622737,475.0092844,3
18267,819.1284447,474.2555359,3
18271,823.0853992,478.2493377,3
18274,834.1773923,481.243701,3
18277,837.8418445,488.786437,3
18281,839.667946,500.773211,3
18284,840.6121902,503.0985822,3
18287,840.8667934,502.1966239,3
18291,837.2012556,500.4376409,3
18294,834.8201046,500.0817678,3
18297,836.8409025,501.6798484,3
18301,838.1378911,496.270477,3
18304,836.7843449,492.7203957,3
18307,834.9429601,492.7812929,3
18311,835.8573847,496.2610311,3
18314,838.6715373,495.0621937,3
18317,836.4182498,499.9093211,3
18321,838.017,497.1378231,3
18324,836.7941407,497.9994567,3
18327,838.338358,496.2181091,3
18331,836.0824166,500.8825533,3
18334,837.3893574,499.6198722,3
18337,835.8916577,498.9570552,3
18341,837.5982823,499.8762208,3
18344,834.4192074,501.6731274,3
18347,835.8503541,500.660051,3
18351,836.1397308,504.6695872,3
18354,837.3517003,503.8627377,3
18357,838.0870806,506.8923691,3
18361,835.1879247,502.3041423,3
18364,836.3028897,499.7348163,3
18367,835.8492796,501.5991467,3
18371,835.5243725,503.0775072,3
18374,836.7012656,504.9191642,3
18377,837.0425741,504.2219671,3
18381,835.8868355,501.6418327,3
18384,834.2829303,502.161844,3
18387,837.9758829,502.5264452,3
18391,836.9701053,504.4877809,3
18394,839.8335782,506.5565722,3
18397,837.2517317,501.0458181,3
18401,837.8599069,503.2254446,3
18404,837.3592316,499.4765975,3
18407,834.5264545,499.7497574,3
18411,837.3715825,489.5437887,3
18414,847.6613179,517.9153484,3
18417,876.2860766,552.1901415,3
18421,909.9586381,620.2389288,3
18424,943.2370809,693.6986941,3
18427,958.3722986,751.4259899,3
18431,967.1817743,802.290836,3
18434,962.1149042,829.9243906,3
18437,962.5130099,860.704845,3
18441,958.3070179,890.1433682,3
18444,NaN,NaN,3
18447,NaN,NaN,3
18451,NaN,NaN,3
18454,NaN,NaN,3
18457,NaN,NaN,3
18461,NaN,NaN,3
18464,968.1111557,930.159807,3
18467,969.9782093,938.477619,3
18471,NaN,NaN,3
18474,NaN,NaN,3
18477,971.9411825,958.5534701,3
18481,972.8703446,958.5348725,3
18484,970.1500972,955.0287887,3
18487,970.6725783,950.2167378,3
18491,969.1903463,950.0896004,3
18494,967.6560981,950.0538292,3
18497,968.4705105,951.1244735,3
18501,970.0610397,950.2188983,3
18504,969.901234,948.6771261,3
18507,968.3778007,949.0464008,3
18511,970.8254204,953.0024987,3
18514,974.7793568,952.0258319,3
18517,970.9637914,952.0873571,3
18521,969.5556792,951.3783355,3
18524,970.7474088,951.9907058,3
18527,969.3868545,951.6294769,3
18531,970.2409084,952.9002457,3
18534,972.3665944,953.1922084,3
18537,971.7964197,948.331637,3
18541,970.0330705,950.6974987,3
18544,970.5338836,951.0621287,3
18547,969.1318639,951.2339262,3
18551,971.3806584,949.2054945,3
18554,971.4729678,952.7855323,3
18557,968.8578133,950.3493405,3
18561,970.4451623,952.5176559,3
18564,971.3663118,949.3941948,3
18567,973.4341185,949.0916082,3
18571,NaN,NaN,3
18574,NaN,NaN,3
18577,NaN,NaN,3
18581,NaN,NaN,3
18584,NaN,NaN,3
18587,NaN,NaN,3
18591,971.926714,915.8335064,3
18594,970.3309916,904.4238107,3
18597,975.3396643,899.5095656,3
18601,NaN,NaN,3
18604,NaN,NaN,3
18607,983.0097153,906.9365377,3
18611,979.5120155,906.5797759,3
18614,NaN,NaN,3
18617,NaN,NaN,3
18621,980.5686415,909.0617528,3
18624,978.6358956,908.3902724,3
18627,NaN,NaN,3
18631,NaN,NaN,3
18634,979.672132,903.2866636,3
18637,981.2524521,904.6150973,3
18641,NaN,NaN,3
18644,NaN,NaN,3
18647,NaN,NaN,3
18651,NaN,NaN,3
18654,NaN,NaN,3
18657,NaN,NaN,3
18661,975.9513251,903.5480646,3
18664,981.7167496,904.600979,3
18667,977.2954925,904.1032298,3
18671,NaN,NaN,3
18674,NaN,NaN,3
18677,978.5306029,903.1269817,3
18681,980.1747903,902.6371288,3
18684,NaN,NaN,3
18687,NaN,NaN,3
18691,979.7863901,903.4767216,3
18694,978.3097062,902.7554476,3
18697,NaN,NaN,3
18701,NaN,NaN,3
18704,977.9788206,905.8232299,3
18707,NaN,NaN,3
18711,NaN,NaN,3
18714,NaN,NaN,3
18717,NaN,NaN,3
18721,976.7032224,901.3823712,3
18724,977.2179564,902.8923774,3
18727,NaN,NaN,3
18731,NaN,NaN,3
18734,NaN,NaN,3
18737,NaN,NaN,3
18741,NaN,NaN,3
18744,NaN,NaN,3
18747,978.0151546,904.0463741,3
18751,979.922194,906.7514759,3
18754,NaN,NaN,3
18757,NaN,NaN,3
18761,978.4274499,905.0959573,3
18764,980.9050813,902.5123397,3
18767,NaN,NaN,3
18771,NaN,NaN,3
18774,979.3902022,904.6410631,3
18777,980.2115093,903.0879469,3
18781,NaN,NaN,3
18784,NaN,NaN,3
18787,981.2760496,905.2686108,3
18791,975.8108147,905.9693913,3
18794,980.2248209,904.5819641,3
18797,NaN,NaN,3
18801,NaN,NaN,3
18804,980.1996984,905.4050476,3
18807,984.0073702,905.0079799,3
18811,NaN,NaN,3
18814,NaN,NaN,3
18817,NaN,NaN,3
18821,NaN,NaN,3
18824,NaN,NaN,3
18827,NaN,NaN,3
18831,980.1782218,904.6261259,3
18834,982.766232,906.303511,3
18837,980.9702194,907.1110086,3
18841,978.2181493,906.9809971,3
18844,982.0487522,909.1643167,3
18847,981.9896605,905.6310192,3
18851,978.1195483,902.4873911,3
18854,975.6170468,887.740853,3
18857,979.1755206,863.5109256,3
18861,974.2829154,836.0517871,3
18864,982.1358429,813.7192878,3
18867,NaN,NaN,3
18871,NaN,NaN,3
18874,996.6841753,740.3335669,3
18877,987.4608162,715.1675726,3
18881,978.1172846,700.7370506,3
18884,972.0036385,683.9810884,3
18887,967.378786,672.7970939,3
18891,969.9384583,650.9511767,3
18894,973.8138055,638.8462991,3
18897,975.0208261,626.517752,3
18901,977.0968486,631.9746104,3
18904,973.2294327,637.7683267,3
18907,976.6203,639.6241838,3
18911,977.0421479,643.357082,3
18914,974.3429313,642.4955019,3
18917,971.8566054,638.8580943,3
18921,969.673996,636.0997233,3
18924,975.3483006,631.075376,3
18927,972.7220603,630.4029124,3
18931,973.7072796,636.4221754,3
18934,974.0817696,637.1327717,3
18937,971.1583659,632.9612103,3
18941,974.7105554,637.0952122,3
18944,972.5992841,636.8592106,3
18947,975.9700698,637.6116709,3
18951,971.2468545,638.1802977,3
18954,975.4709531,640.5172939,3
18957,973.3415842,632.7690057,3
18961,974.1876773,636.4330021,3
18964,973.5884489,637.2980123,3
18967,973.497218,638.3098574,3
18971,972.2393517,636.1591954,3
18974,977.054588,635.0056815,3
18977,975.7146713,635.7476041,3
18981,974.6448582,634.4868749,3
18984,972.8132941,635.3100805,3
18987,973.1146357,632.7504987,3
18991,974.6759953,635.5174832,3
18994,974.9796143,635.9897686,3
18997,971.9615144,635.5027887,3
19001,972.1214187,637.6625932,3
19004,971.3210993,634.6427264,3
19007,976.0418878,635.6914505,3
19011,972.6184325,636.1331848,3
19014,973.9607599,629.997326,3
19017,974.4095935,640.8695069,3
19021,974.3408573,635.5823557,3
19024,973.7310857,636.3537979,3
19027,972.6392757,635.1936639,3
19031,972.2820527,637.424048,3
19034,970.6172488,637.3681351,3
19037,976.0016603,637.6605725,3
19041,970.6210781,636.4344849,3
19044,974.7168508,641.0593892,3
19047,975.7713067,638.9685598,3
19051,971.6440462,640.2574041,3
19054,970.5216395,640.5232684,3
19057,970.6713455,640.3714506,3
19061,973.8986471,639.6200778,3
19064,992.2975327,631.0935747,3
19067,1018.083427,619.7801436,3
19071,1055.086852,594.9580922,3
19074,1091.104866,569.5311646,3
19077,1120.892349,557.7759381,3
19081,1132.067599,547.8254192,3
19084,1145.933793,540.0496091,3
19087,1154.29723,529.4460978,3
19091,1151.150809,519.2988027,3
19094,1150.887876,510.610266,3
19097,1145.775324,509.155038,3
19101,1143.39135,509.899862,3
19104,1144.96059,517.329636,3
19107,1149.620082,523.9020084,3
19111,1154.39712,523.1932054,3
19114,1153.062856,522.6194965,3
19117,1157.303869,515.0348281,3
19121,1155.853988,516.4496358,3
19124,1156.145746,513.9970034,3
19127,1154.480304,512.9707899,3
19131,1154.064873,510.7870093,3
19134,1153.664403,513.5667667,3
19137,1152.564497,514.1432362,3
19141,1149.014928,514.2371324,3
19144,1152.405429,514.5165789,3
19147,1151.344381,514.3126651,3
19151,1151.012914,513.2844882,3
19154,1152.617011,511.8907041,3
19157,1151.475066,518.2199345,3
19161,1154.272904,512.6487953,3
19164,1152.638137,516.90982,3
19167,1152.280098,512.1133532,3
19171,1154.193278,519.3934401,3
19174,1153.464063,514.1602663,3
19177,1157.442425,513.2872675,3
19181,1153.978515,513.5205619,3
19184,1152.409429,518.9068949,3
19187,1154.636117,514.753024,3
19191,1151.775746,514.7478394,3
19194,1152.738606,513.8577531,3
19197,1154.719149,514.9346957,3
19201,1152.65115,512.5765019,3
19204,1155.537824,512.0429161,3
19207,1150.947158,509.4352307,3
19211,1153.05093,511.1787236,3
19214,1152.212449,514.1634492,3
19217,1150.830262,510.9106459,3
19221,1153.345306,516.0614506,3
19224,1152.003819,515.670081,3
19227,1151.816907,516.1685853,3
19231,1153.970565,515.5570797,3
19234,1151.291718,516.2053159,3
19237,1150.111585,517.8584411,3
19241,1154.068704,515.4608717,3
19244,1154.119433,515.8966156,3
19247,1152.20556,514.027043,3
19251,1151.445911,520.157793,3
19254,1153.369785,516.3147037,3
19257,1152.816438,519.3578081,3
19261,1151.473085,514.5522574,3
19264,1152.113438,515.7586651,3
19267,1152.804752,513.0130501,3
19271,1151.704928,516.6550737,3
19274,1151.211173,520.1148511,3
19277,1152.969946,516.1795911,3
19281,1154.424091,514.1074074,3
19284,1150.621486,514.903322,3
19287,1153.487814,516.8538575,3
19291,1154.510247,516.6961291,3
19294,1154.529505,518.1965461,3
19297,1153.231541,515.1733387,3
19301,1152.301809,515.7955549,3
19304,1153.42288,514.2845753,3
19307,1151.878609,518.2310229,3
19311,1153.80426,513.8654597,3
19314,1153.02729,519.477537,3
19317,1153.492974,514.9194434,3
19321,1150.986427,514.0305644,3
19324,1154.46676,514.2481594,3
19327,1151.611603,518.2657427,3
19331,1152.181168,517.9825116,3
19334,1150.498641,519.6501958,3
19337,1153.660471,514.0928722,3
19341,1155.486167,517.7202879,3
19344,1152.324963,516.2107254,3
19347,1153.39666,514.1139108,3
19351,1151.364439,517.0679986,3
19354,1149.025792,519.424487,3
19357,1150.868083,521.2323564,3
19361,1152.093684,518.7306116,3
19364,1151.292925,519.033338,3
19367,1152.488242,519.8039253,3
19371,1152.24759,518.3133558,3
19374,1150.808977,517.7391014,3
19377,1151.519307,522.5486825,3
19381,1151.447584,519.156826,3
19384,1148.86918,517.4298025,3
19387,1152.383035,521.2305661,3
19391,1153.261031,520.5776601,3
19394,1151.558814,516.6872218,3
19397,1150.156019,520.3294377,3
19401,1152.672016,518.3997514,3
19404,1150.18734,516.7358066,3
19407,1148.737189,521.8493503,3
19411,1150.338663,521.9469949,3
19414,1149.244618,513.8065446,3
19417,1146.901169,514.8236728,3
19421,1160.803376,519.0245549,3
19424,1187.71457,514.8487572,3
19427,1225.975814,517.3940673,3
19431,1270.507215,512.1005325,3
19434,1302.64313,509.8198075,3
19437,1327.521105,502.2693564,3
19441,1346.140566,497.1676873,3
19444,1365.219719,501.6306713,3
19447,1406.064181,503.6938637,3
19451,1443.47342,507.3326018,3
19454,1487.84301,504.5304783,3
19457,1526.377754,507.8343124,3
19461,1559.803434,511.9164581,3
19464,1582.07641,516.5990955,3
19467,1600.731832,509.5775596,3
19471,1600.249054,510.1605875,3
19474,1584.286878,511.2757421,3
19477,1573.075149,508.0976844,3
19481,1570.202111,503.123193,3
19484,1572.172924,505.6901908,3
19487,NaN,NaN,3
19491,NaN,NaN,3
19494,1592.60073,511.6191232,3
19497,1591.645723,507.3112607,3
19501,1587.119023,509.0137644,3
19504,1587.937273,508.388172,3
19507,1583.093883,504.5527942,3
19511,1587.003671,507.4100798,3
19514,1582.726305,508.5713894,3
19517,NaN,NaN,3
19521,NaN,NaN,3
19524,1581.803759,509.4511014,3
19527,1579.421096,511.977288,3
19531,1583.27786,509.282702,3
19534,1580.447001,505.2642336,3
19537,1584.780024,505.9323847,3
19541,1580.192705,509.7782719,3
19544,NaN,NaN,3
19547,NaN,NaN,3
19551,NaN,NaN,3
19554,NaN,NaN,3
19557,NaN,NaN,3
19561,NaN,NaN,3
19564,1579.568768,508.2076445,3
19567,1577.885952,509.5535326,3
19571,NaN,NaN,3
19574,NaN,NaN,3
19577,1580.308591,508.2525642,3
19581,1579.610363,510.0342821,3
19584,NaN,NaN,3
19587,NaN,NaN,3
19591,NaN,NaN,3
19594,NaN,NaN,3
19597,1579.617354,512.3744489,3
19601,1581.622747,509.5744279,3
19604,1578.896881,509.0178857,3
19607,1577.60608,510.9494089,3
19611,1577.278757,514.4224879,3
19614,NaN,NaN,3
19617,NaN,NaN,3
19621,NaN,NaN,3
19624,NaN,NaN,3
19627,NaN,NaN,3
19631,NaN,NaN,3
19634,NaN,NaN,3
19637,NaN,NaN,3
19641,NaN,NaN,3
19644,NaN,NaN,3
19647,NaN,NaN,3
19651,NaN,NaN,3
19654,NaN,NaN,3
19657,NaN,NaN,3
19661,NaN,NaN,3
19664,NaN,NaN,3
19667,1578.309644,511.072707,3
19671,1573.755917,508.7025608,3
19674,1575.119055,510.7381184,3
19677,NaN,NaN,3
19681,NaN,NaN,3
19684,NaN,NaN,3
19687,NaN,NaN,3
19691,NaN,NaN,3
19694,NaN,NaN,3
19697,NaN,NaN,3
19701,NaN,NaN,3
19704,NaN,NaN,3
19707,NaN,NaN,3
19711,1577.811671,510.9924156,3
19714,NaN,NaN,3
19717,NaN,NaN,3
19721,NaN,NaN,3
19724,NaN,NaN,3
19727,NaN,NaN,3
19731,NaN,NaN,3
19734,NaN,NaN,3
19737,NaN,NaN,3
19741,NaN,NaN,3
19744,NaN,NaN,3
19747,NaN,NaN,3
19751,NaN,NaN,3
19754,NaN,NaN,3
19757,NaN,NaN,3
19761,NaN,NaN,3
19764,NaN,NaN,3
19767,NaN,NaN,3
19771,NaN,NaN,3
19774,NaN,NaN,3
19777,NaN,NaN,3
19781,NaN,NaN,3
19784,NaN,NaN,3
19787,NaN,NaN,3
19791,NaN,NaN,3
19794,NaN,NaN,3
19797,NaN,NaN,3
19801,NaN,NaN,3
19804,NaN,NaN,3
19807,NaN,NaN,3
19811,NaN,NaN,3
19814,NaN,NaN,3
19817,NaN,NaN,3
19821,NaN,NaN,3
19824,NaN,NaN,3
19827,NaN,NaN,3
19831,NaN,NaN,3
19834,NaN,NaN,3
19837,NaN,NaN,3
19841,NaN,NaN,3
19844,NaN,NaN,3
19847,NaN,NaN,3
19851,NaN,NaN,3
19854,NaN,NaN,3
19857,NaN,NaN,3
19861,NaN,NaN,3
19864,1251.494823,707.3393161,3
19867,NaN,NaN,3
19871,NaN,NaN,3
19874,1215.33798,601.2756007,3
19877,NaN,NaN,3
19881,NaN,NaN,3
19884,NaN,NaN,3
19887,1234.485892,494.047994,3
19891,1240.252321,498.0641751,3
19894,1218.787099,495.1048885,3
19897,1219.931505,514.2642603,3
19901,1228.189601,501.8536961,3
19904,1220.625964,487.6464653,3
19907,1218.557605,480.0120502,3
19911,1223.001045,466.9504538,3
19914,1213.645269,459.4371896,3
19917,1218.447317,464.3326316,3
19921,1215.35885,460.7580972,3
19924,1212.888814,441.069438,3
19927,1217.823481,437.8339112,3
19931,1218.177187,444.6577213,3
19934,1215.236551,443.5706428,3
19937,1228.154522,472.2900962,3
19941,NaN,NaN,3
19944,NaN,NaN,3
19947,NaN,NaN,3
19950,1218.564118,486.1747591,3
19954,1221.588756,489.649032,3
19957,1221.454466,484.1209671,3
19961,1219.212798,478.9593246,3
19964,1224.368493,468.7006591,3
19967,NaN,NaN,3
19971,NaN,NaN,3
19974,NaN,NaN,3
19977,NaN,NaN,3
19981,NaN,NaN,3
19984,NaN,NaN,3
19987,1222.154434,474.9180575,3
19991,NaN,NaN,3
19994,NaN,NaN,3
19997,NaN,NaN,3
20001,NaN,NaN,3
20004,NaN,NaN,3
20007,NaN,NaN,3
20011,NaN,NaN,3
20014,1119.564741,498.6776873,3
20017,1099.286394,504.3312724,3
20021,1090.293935,502.1451028,3
20024,NaN,NaN,3
20027,NaN,NaN,3
20031,NaN,NaN,3
20034,NaN,NaN,3
20037,NaN,NaN,3
20041,NaN,NaN,3
20044,1110.341897,494.4404132,3
20047,1103.359642,496.2683757,3
20051,1102.51038,495.9381691,3
20054,1101.349254,496.398477,3
20057,1102.408833,498.8294591,3
20061,1103.71525,498.1693142,3
20064,NaN,NaN,3
20067,NaN,NaN,3
20071,1109.905126,492.1732624,3
20074,1108.888153,491.8945023,3
20077,NaN,NaN,3
20081,NaN,NaN,3
20084,1108.288659,494.7859568,3
20087,1108.11739,494.1574212,3
20091,1109.405606,492.7957298,3
20094,1104.604736,495.8723265,3
20097,1104.925633,494.3513307,3
20101,1107.980429,492.5555747,3
20104,1105.228813,489.7406805,3
20107,NaN,NaN,3
20111,NaN,NaN,3
20114,1103.098163,494.9787484,3
20117,1107.135978,493.038464,3
20121,NaN,NaN,3
20124,NaN,NaN,3
20127,1099.570552,493.8458383,3
20131,1067.397739,494.3006812,3
20134,NaN,NaN,3
20137,NaN,NaN,3
20140,899.2328988,481.5856396,3
20144,843.9248061,485.3910491,3
20147,800.818927,477.7136804,3
20151,NaN,NaN,3
20154,NaN,NaN,3
20157,NaN,NaN,3
20161,NaN,NaN,3
20164,NaN,NaN,3
20167,NaN,NaN,3
20171,NaN,NaN,3
20174,NaN,NaN,3
20177,NaN,NaN,3
20180,NaN,NaN,3
20184,516.1034414,486.499915,3
20187,522.1618138,485.8948793,3
20190,NaN,NaN,3
20194,NaN,NaN,3
20197,493.8079348,486.9801827,3
20201,490.6405106,490.6849231,3
20204,NaN,NaN,3
20207,NaN,NaN,3
20211,NaN,NaN,3
20214,NaN,NaN,3
20217,504.2443609,480.6405643,3
20221,NaN,NaN,3
20224,NaN,NaN,3
20227,502.0272278,478.3537036,3
20231,500.2732736,476.9147961,3
20234,495.9514683,480.45115,3
20237,NaN,NaN,3
20240,NaN,NaN,3
20244,NaN,NaN,3
20247,NaN,NaN,3
20250,NaN,NaN,3
20254,495.6040985,480.7580636,3
20257,496.9194634,476.1728566,3
20261,497.879578,479.2120446,3
20264,NaN,NaN,3
20267,NaN,NaN,3
20270,496.0735423,482.5583442,3
20274,495.7326683,480.4792856,3
20277,497.2373916,480.6870967,3
20280,496.6660551,480.6875905,3
20284,495.3003165,478.5854495,3
20287,496.9021168,478.4875273,3
20290,496.2159197,482.5038567,3
20294,494.2429645,480.9515015,3
20297,499.0672831,483.4015895,3
20301,497.9483853,478.5032327,3
20304,NaN,NaN,3
20307,NaN,NaN,3
20310,500.3173666,483.9619945,3
20314,492.1084156,479.016602,3
20317,495.9472011,480.6835564,3
20320,496.9036855,482.9406745,3
20324,494.3361126,479.8736889,3
20327,494.7712647,481.2301763,3
20331,496.5347894,484.0409879,3
20334,495.9366278,479.2566548,3
20337,496.2987157,481.7047069,3
20340,495.3258003,481.3919599,3
20344,496.6091731,484.099051,3
20347,497.1489302,482.5051166,3
20350,496.0743854,482.9281768,3
20354,496.4145904,478.9321865,3
20357,498.8114707,481.5591048,3
20360,504.0487206,478.0134457,3
20364,495.3017649,480.6291571,3
20367,482.6961886,479.3389286,3
20370,458.0994761,485.5605417,3
20374,426.4727766,482.0065972,3
20377,398.3557602,484.4798707,3
20380,384.3293825,491.0846667,3
20384,389.1743031,488.9170669,3
20387,410.4669437,490.0785488,3
20390,NaN,NaN,3
20394,NaN,NaN,3
20397,432.6637248,483.4018972,3
20401,423.232517,478.9563154,3
20404,NaN,NaN,3
20407,NaN,NaN,3
20410,411.2463551,482.3651982,3
20414,411.6663817,476.7499444,3
20417,412.7193354,480.7607937,3
20420,414.1457198,479.4247415,3
20424,416.7778579,478.8997858,3
20427,415.7312638,476.1469727,3
20430,NaN,NaN,3
20434,NaN,NaN,3
20437,413.5043289,489.62781,3
20440,422.2638113,490.6863784,3
20444,421.0751452,490.6867772,3
20447,417.7063093,494.5905347,3
20450,418.2111911,491.6889039,3
20454,418.3416468,492.7595757,3
20457,417.4210552,491.0676328,3
20460,417.3205191,491.503472,3
20464,420.4125596,494.6435602,3
20467,416.6985799,494.6971334,3
20470,419.3239837,489.3467061,3
20474,413.9423131,493.3490145,3
20477,414.3738587,496.9454964,3
20480,414.8201288,494.6229811,3
20484,415.4404885,494.6891009,3
20487,419.6328877,497.6932489,3
20490,417.4088236,497.020986,3
20494,415.9340603,495.5333904,3
20497,417.1250822,499.0619587,3
20500,421.2622611,496.7682563,3
20504,414.3387857,491.6664719,3
20507,420.0729359,493.5759045,3
20510,416.0725076,493.2696364,3
20514,418.2061136,484.763852,3
20517,416.5870169,486.9988011,3
20520,419.2812705,483.3778054,3
20524,413.0148084,487.0369893,3
20527,414.5688737,488.9372836,3
20530,420.9188626,482.8799247,3
20534,412.8605814,482.2628423,3
20537,412.1514505,481.6636907,3
20540,413.3797461,482.1896427,3
20544,420.751189,484.9204101,3
20547,445.8824748,491.8294257,3
20550,493.294771,495.8758937,3
20554,547.5096888,482.2701746,3
20557,NaN,NaN,3
20560,NaN,NaN,3
20564,NaN,NaN,3
20567,NaN,NaN,3
20570,NaN,NaN,3
20574,NaN,NaN,3
20577,NaN,NaN,3
20580,NaN,NaN,3
20584,NaN,NaN,3
20587,NaN,NaN,3
20590,NaN,NaN,3
20594,NaN,NaN,3
20597,NaN,NaN,3
20600,NaN,NaN,3
20604,NaN,NaN,3
20607,NaN,NaN,3
20610,NaN,NaN,3
20614,NaN,NaN,3
20617,NaN,NaN,3
20620,NaN,NaN,3
20624,NaN,NaN,3
20627,NaN,NaN,3
20630,NaN,NaN,3
20634,NaN,NaN,3
20637,NaN,NaN,3
20641,NaN,NaN,3
20644,NaN,NaN,3
20647,NaN,NaN,3
20650,NaN,NaN,3
20654,NaN,NaN,3
20657,NaN,NaN,3
20660,NaN,NaN,3
20664,NaN,NaN,3
20667,NaN,NaN,3
20670,NaN,NaN,3
20674,NaN,NaN,3
20677,NaN,NaN,3
20680,NaN,NaN,3
20684,NaN,NaN,3
20687,NaN,NaN,3
20690,NaN,NaN,3
20694,NaN,NaN,3
20697,NaN,NaN,3
20700,NaN,NaN,3
20704,801.8157611,609.2193175,3
20707,NaN,NaN,3
20710,NaN,NaN,3
20714,802.1324443,597.0152118,3
20717,808.960814,576.6958673,3
20720,808.4163695,576.6317426,3
20724,814.841442,555.938958,3
20727,806.8209707,530.9895559,3
20730,NaN,NaN,3
20734,NaN,NaN,3
20737,800.8736977,492.5801108,3
20740,801.3977972,492.6007657,3
20744,805.0244991,486.3797109,3
20747,807.6339423,485.1027106,3
20750,809.6345957,479.2091579,3
20754,813.9929158,471.6772915,3
20757,811.4343992,484.3150353,3
20760,812.431132,476.2284774,3
20764,814.2834926,488.8708574,3
20767,812.8229916,496.5143613,3
20770,810.0748729,502.6493105,3
20774,813.8343794,502.7739038,3
20777,806.8385263,507.4819066,3
20780,813.5571085,505.7311527,3
20784,809.953641,506.7372212,3
20787,814.3854061,503.9126026,3
20790,810.654671,504.4776902,3
20794,813.8819322,497.0516116,3
20797,808.4383016,484.4622767,3
20800,809.2328593,496.2056545,3
20804,812.8078303,491.8940662,3
20807,816.2564711,485.8820878,3
20810,814.6496758,486.8752198,3
20814,812.4713805,494.0261233,3
20817,813.3959422,490.8730859,3
20820,811.0970842,492.9253906,3
20824,807.7697333,491.6519631,3
20827,810.297534,491.4338426,3
20830,810.2290821,489.7038442,3
20834,809.0173447,473.8244295,3
20837,813.3197825,485.2123482,3
20840,816.0721288,490.851047,3
20844,813.7291397,490.4838464,3
20847,805.8075457,475.1277347,3
20850,812.8205205,488.2356755,3
20854,809.6142473,494.2277478,3
20857,811.0169703,482.795306,3
20860,810.4438616,475.8266902,3
20864,807.9252675,479.4412425,3
20867,812.5740545,477.7118675,3
20870,812.5055559,473.8481333,3
20874,814.3771945,484.9822189,3
20877,816.8619185,484.1584247,3
20880,811.5074071,488.877583,3
20884,806.9558149,476.2521827,3
20887,811.1703123,489.0912717,3
20890,813.9091037,487.4361801,3
20894,810.646746,472.4598685,3
20897,812.594127,474.0999569,3
20900,811.3415894,472.5816674,3
20904,811.1173874,486.3314306,3
20907,813.8324421,479.0526679,3
20910,812.2223899,486.5352417,3
20914,814.5302521,475.1542129,3
20917,816.7664473,487.6939638,3
20920,816.3290913,479.5993303,3
20924,809.3504323,463.6267036,3
20927,811.4430406,470.9403698,3
20930,812.3706359,477.0394713,3
20934,810.8260717,470.6022463,3
20937,810.8755929,458.5924061,3
20940,804.3043892,488.9607113,3
20944,806.3204856,494.1083641,3
20947,807.5287944,480.0404069,3
20950,804.2781095,480.4268567,3
20954,803.188662,481.3082677,3
20957,805.6609015,479.8807122,3
20960,798.1740805,477.630183,3
20964,803.0414426,478.1930305,3
20967,804.2597382,480.6182931,3
20970,804.2911072,485.105777,3
20974,808.5001628,480.3568827,3
20977,809.9554031,475.5545234,3
20980,803.6592103,481.5183779,3
20984,809.4013788,476.9420609,3
20987,804.5418286,476.1901131,3
20990,807.5747937,477.6992176,3
20994,805.2476018,475.1824465,3
20997,805.9769223,476.4796043,3
21000,803.8121571,486.4162042,3
21004,808.5487569,477.7285364,3
21007,808.9974879,477.0784542,3
21010,806.3684514,479.6017363,3
21014,805.5656506,485.1229855,3
21017,807.2130295,481.8193122,3
21020,804.7851036,476.1932519,3
21024,808.1787225,473.4609885,3
21027,802.7926532,478.1124367,3
21030,803.213256,479.1371811,3
21034,805.6238055,477.5737607,3
21037,806.6290231,481.0679358,3
21040,807.038652,480.5818689,3
21044,804.7564384,476.9707563,3
21047,801.4005108,479.1369131,3
21050,807.6088848,484.3242647,3
21054,804.7268833,477.4910165,3
21057,803.7497034,481.726251,3
21060,804.5916585,480.6518722,3
21064,803.7648886,478.726918,3
21067,804.4238292,483.9349015,3
21070,803.9921428,488.6213262,3
21074,806.0315416,481.8961725,3
21077,804.422721,483.3422694,3
21080,807.4701929,480.9373114,3
21084,802.4064009,477.0635996,3
21087,802.9662772,479.5338006,3
21090,806.2027898,472.3594595,3
21094,805.3666902,467.736175,3
21097,808.1388031,471.6388312,3
21100,808.7681509,469.3757335,3
21104,808.9437519,473.8191292,3
21107,809.2472469,474.7533851,3
21110,809.58812,472.7499355,3
21114,808.8815158,474.6523646,3
21117,808.0002823,480.7730808,3
21120,807.7144749,479.409553,3
21124,800.1217604,493.0088706,3
21127,787.1119996,500.0261055,3
21130,774.3326574,512.3995754,3
21134,759.7546668,533.0070852,3
21137,757.5764386,545.6485768,3
21140,763.8932615,550.2395931,3
21144,771.0504517,549.2847336,3
21147,774.6177982,544.2567643,3
21150,782.6524642,533.1297262,3
21154,781.8749076,536.626727,3
21157,774.1928556,524.9194762,3
21160,768.6060216,537.7991286,3
21164,767.903509,544.3195374,3
21167,768.3475918,550.8207733,3
21170,768.0254001,547.8573597,3
21174,767.9509711,550.6416306,3
21177,768.1856299,549.1577608,3
21180,769.37972,548.8663074,3
21184,769.1111266,547.1879442,3
21187,770.5548543,547.4910684,3
21190,769.3895837,541.2640229,3
21194,772.9934614,544.4743658,3
21197,772.0926524,541.6769316,3
21200,771.0828282,548.0407613,3
21204,771.5433775,547.1816345,3
21207,770.2880068,543.2531866,3
21210,772.0689216,547.9747997,3
21214,770.609844,547.1734481,3
21217,770.7468094,543.557778,3
21220,772.33388,547.7254672,3
21224,774.9214571,542.5214797,3
21227,768.0601434,546.3329935,3
21230,770.7782899,547.6984135,3
21234,769.9992214,545.2545934,3
21237,768.0578485,550.0834036,3
21240,768.8892679,547.3718465,3
21244,772.4413659,551.4290013,3
21247,768.9603864,550.7488389,3
21250,767.2726418,542.3745206,3
21254,770.6950154,544.7037351,3
21257,768.014673,547.1860154,3
21260,769.1926261,544.034344,3
21264,766.9448631,540.7508363,3
21267,766.6568957,546.3238885,3
21270,771.1661637,541.4932234,3
21274,767.5217153,543.9956857,3
21277,770.9249579,533.5093992,3
21280,767.6364246,543.2895458,3
21284,770.3391238,541.1448927,3
21287,770.6929375,552.8952334,3
21290,770.4290149,550.7036577,3
21294,768.8102561,548.0596546,3
21297,772.9848601,552.4537072,3
21300,772.5252642,550.3358007,3
21304,769.9511799,550.5365886,3
21307,770.3607855,550.0367294,3
21310,772.1534447,551.2276268,3
21314,768.698576,550.3982891,3
21317,769.9985799,551.9865154,3
21320,766.8939091,552.8946733,3
21324,769.9847968,549.4501608,3
21327,769.350684,545.0498841,3
21330,771.2755633,550.5820977,3
21334,769.7848527,551.4672934,3
21337,770.4291086,553.120091,3
21340,771.7707024,548.8618546,3
21344,772.1045224,554.9821595,3
21347,768.3286156,548.3909133,3
21350,770.0870531,551.7704528,3
21354,770.4471712,552.5036106,3
21357,768.7971166,553.4483938,3
21360,773.6577553,556.4707736,3
21364,NaN,NaN,3
21367,NaN,NaN,3
21370,771.8362135,551.6405867,3
21374,NaN,NaN,3
21377,NaN,NaN,3
21380,770.4508112,554.6683303,3
21384,768.3041,553.6495132,3
21387,NaN,NaN,3
21390,NaN,NaN,3
21394,768.2481853,550.6325593,3
21397,770.7627077,554.0715916,3
21400,771.1370959,550.6347943,3
21404,NaN,NaN,3
21407,NaN,NaN,3
21410,771.2497136,546.7592753,3
21414,768.6942976,546.7055359,3
21417,NaN,NaN,3
21420,NaN,NaN,3
21424,770.4145324,547.4995262,3
21427,771.8384989,547.1720336,3
21430,769.521537,538.7830618,3
21434,NaN,NaN,3
21437,NaN,NaN,3
21440,769.2684102,545.4798838,3
21444,NaN,NaN,3
21447,NaN,NaN,3
21450,772.25586,546.7806735,3
21454,767.2332448,543.132123,3
21457,771.6060068,551.6629948,3
21460,NaN,NaN,3
21464,NaN,NaN,3
21467,768.5009353,553.5591228,3
21470,769.6702493,552.4143262,3
21474,767.7156312,552.3497226,3
21477,NaN,NaN,3
21480,NaN,NaN,3
21484,768.6974296,552.658623,3
21487,766.5510255,556.3797496,3
21490,NaN,NaN,3
21494,NaN,NaN,3
21497,771.0715537,554.8780735,3
21500,769.7796608,560.3764888,3
21504,NaN,NaN,3
21507,NaN,NaN,3
21510,771.5690121,557.3560832,3
21514,771.5618809,554.3404395,3
21517,NaN,NaN,3
21520,NaN,NaN,3
21524,NaN,NaN,3
21527,NaN,NaN,3
21530,NaN,NaN,3
21534,NaN,NaN,3
21537,768.3207882,560.3445103,3
21540,NaN,NaN,3
21544,NaN,NaN,3
21547,NaN,NaN,3
21550,NaN,NaN,3
21554,767.5552811,554.5937336,3
21557,770.0927311,549.6226024,3
21560,NaN,NaN,3
21564,NaN,NaN,3
21567,NaN,NaN,3
21570,NaN,NaN,3
21574,NaN,NaN,3
21577,NaN,NaN,3
21580,NaN,NaN,3
21584,NaN,NaN,3
21587,NaN,NaN,3
21590,NaN,NaN,3
21594,NaN,NaN,3
21597,NaN,NaN,3
21600,NaN,NaN,3
21604,NaN,NaN,3
21607,NaN,NaN,3
21610,NaN,NaN,3
21614,NaN,NaN,3
21617,NaN,NaN,3
21620,NaN,NaN,3
21624,NaN,NaN,3
21627,768.7928498,552.1147252,3
21630,771.5949508,554.6087341,3
21634,770.5467098,553.5091835,3
21637,NaN,NaN,3
21640,NaN,NaN,3
21644,NaN,NaN,3
21647,NaN,NaN,3
21650,770.8952828,556.6668368,3
21654,769.2822545,549.3553977,3
21657,NaN,NaN,3
21660,NaN,NaN,3
21664,768.731403,555.9060809,3
21667,771.5137774,557.7211216,3
21670,NaN,NaN,3
21674,NaN,NaN,3
21677,768.2405443,558.2896467,3
21680,769.0050767,555.4139277,3
21684,NaN,NaN,3
21687,NaN,NaN,3
21690,NaN,NaN,3
21694,NaN,NaN,3
21697,NaN,NaN,3
21700,NaN,NaN,3
21704,NaN,NaN,3
21707,NaN,NaN,3
21710,769.6740791,554.4280315,3
21714,NaN,NaN,3
21717,NaN,NaN,3
21720,NaN,NaN,3
21724,NaN,NaN,3
21727,NaN,NaN,3
21730,NaN,NaN,3
21734,767.1708075,556.6374684,3
21737,766.5129631,558.3280857,3
21740,765.8567491,556.6456332,3
21744,766.2218432,560.1727484,3
21747,769.1465016,557.2459953,3
21750,NaN,NaN,3
21754,NaN,NaN,3
21757,NaN,NaN,3
21760,NaN,NaN,3
21764,NaN,NaN,3
25506,NaN,NaN,4
25510,NaN,NaN,4
25513,NaN,NaN,4
25516,NaN,NaN,4
25520,NaN,NaN,4
25523,NaN,NaN,4
25526,NaN,NaN,4
25530,NaN,NaN,4
25533,NaN,NaN,4
25536,NaN,NaN,4
25540,946.0682829,694.2950371,4
25543,944.578873,695.5488733,4
25546,NaN,NaN,4
25550,NaN,NaN,4
25553,939.7743158,705.1640013,4
25556,938.2943256,703.3729524,4
25560,935.7096287,706.7104825,4
25563,NaN,NaN,4
25566,NaN,NaN,4
25570,938.9102784,695.9442233,4
25573,939.4795545,697.814922,4
25576,NaN,NaN,4
25580,NaN,NaN,4
25583,NaN,NaN,4
25586,NaN,NaN,4
25590,NaN,NaN,4
25593,NaN,NaN,4
25596,NaN,NaN,4
25600,NaN,NaN,4
25603,NaN,NaN,4
25606,NaN,NaN,4
25610,NaN,NaN,4
25613,NaN,NaN,4
25616,NaN,NaN,4
25620,NaN,NaN,4
25623,937.2503636,697.6370704,4
25626,937.4277243,701.3410806,4
25630,936.7263387,697.6057434,4
25633,NaN,NaN,4
25636,NaN,NaN,4
25640,940.0928694,700.4642603,4
25643,937.3734767,700.8644932,4
25646,938.4997355,698.7532601,4
25650,935.8430558,696.6688486,4
25653,939.8250366,693.9049093,4
25656,937.3689884,696.7042049,4
25660,NaN,NaN,4
25663,NaN,NaN,4
25666,NaN,NaN,4
25670,NaN,NaN,4
25673,NaN,NaN,4
25676,NaN,NaN,4
25680,940.5741655,697.85991,4
25683,937.8242845,697.2209748,4
25686,939.4014537,700.1816265,4
25690,NaN,NaN,4
25693,NaN,NaN,4
25696,935.046308,700.1018293,4
25700,NaN,NaN,4
25703,NaN,NaN,4
25706,938.0578945,699.4478565,4
25710,938.2127524,697.6418185,4
25713,940.9698965,697.1899898,4
25716,940.1869106,693.9203595,4
25720,940.2550036,702.7835992,4
25723,938.4374055,701.4708955,4
25726,936.1095513,698.8864386,4
25730,936.8940462,697.9246733,4
25733,935.0498225,699.0889556,4
25736,936.8575805,699.6678056,4
25740,933.5775724,700.0771841,4
25743,939.8957253,698.0491112,4
25746,937.9869666,695.0058146,4
25750,934.3198555,697.8518319,4
25753,935.8906493,699.5355516,4
25756,935.7715844,706.3978472,4
25760,934.9565488,720.9575116,4
25763,929.1019412,748.5248756,4
25766,928.2804327,786.7209986,4
25770,923.2709156,811.8396299,4
25773,918.2174293,830.3257267,4
25776,913.3559761,845.2798943,4
25780,916.4811264,863.2627153,4
25783,927.8791405,876.6934944,4
25786,NaN,NaN,4
25790,NaN,NaN,4
25793,935.1530861,882.3559283,4
25796,936.0006854,876.2585309,4
25800,NaN,NaN,4
25803,NaN,NaN,4
25806,930.5742941,875.3693913,4
25810,930.9161329,882.7573465,4
25813,929.9223932,886.6763514,4
25816,NaN,NaN,4
25820,NaN,NaN,4
25823,NaN,NaN,4
25826,NaN,NaN,4
25830,NaN,NaN,4
25833,NaN,NaN,4
25836,NaN,NaN,4
25840,NaN,NaN,4
25843,NaN,NaN,4
25846,NaN,NaN,4
25850,930.6906378,882.5274978,4
25853,NaN,NaN,4
25856,NaN,NaN,4
25860,NaN,NaN,4
25863,NaN,NaN,4
25866,933.0907442,884.9494204,4
25870,NaN,NaN,4
25873,NaN,NaN,4
25876,932.5520075,884.6950283,4
25880,932.2248925,883.7307075,4
25883,932.358724,886.3903288,4
25886,NaN,NaN,4
25890,NaN,NaN,4
25893,NaN,NaN,4
25896,NaN,NaN,4
25900,NaN,NaN,4
25903,NaN,NaN,4
25906,931.9392417,884.5792789,4
25910,932.9296483,884.669165,4
25913,934.2401383,886.3890509,4
25916,NaN,NaN,4
25920,NaN,NaN,4
25923,931.515818,886.8936962,4
25926,NaN,NaN,4
25930,NaN,NaN,4
25933,943.878234,871.3015153,4
25936,971.146851,842.0302165,4
25940,NaN,NaN,4
25943,NaN,NaN,4
25946,1052.757684,705.3098372,4
25950,1067.653955,663.293516,4
25953,1076.061274,623.0805103,4
25956,1092.197141,591.4638077,4
25960,1104.922373,559.8521145,4
25963,1132.229398,518.0441916,4
25966,1148.768092,487.0494546,4
25970,1159.33842,476.6085991,4
25973,1155.866194,470.2265609,4
25976,1151.842883,467.3594457,4
25980,1145.101642,476.4015568,4
25983,1142.353571,480.9575435,4
25986,1147.739697,481.4366644,4
25990,1147.379624,481.4757084,4
25993,1150.419496,477.0941378,4
25996,1152.028321,467.2373085,4
26000,1150.839427,469.4050802,4
26003,1153.889356,465.7939402,4
26006,1149.144236,469.6861015,4
26010,1149.320946,464.9774213,4
26013,1151.001064,474.076374,4
26016,1147.026285,473.1155421,4
26020,1145.526817,478.7778864,4
26023,1149.524647,473.8782036,4
26026,1147.338135,473.5575988,4
26030,1144.741024,479.9793553,4
26033,1151.510046,471.0933464,4
26036,1146.22787,471.0532005,4
26040,1147.49983,467.8864959,4
26043,1150.04866,475.3469469,4
26046,1149.187974,470.6247597,4
26050,1146.343738,472.5970952,4
26053,1149.336639,474.8579562,4
26056,1147.384413,469.5170515,4
26060,1145.519852,472.8494094,4
26063,1146.998638,474.9617412,4
26066,1147.795728,473.4821856,4
26070,1148.883023,472.990718,4
26073,1147.116344,468.7173219,4
26076,1149.822543,471.5300154,4
26080,1149.190788,473.2515037,4
26083,1146.427866,474.3474359,4
26086,1148.64593,471.3661022,4
26090,1146.036691,472.7472572,4
26093,1145.419171,471.5342294,4
26096,1147.134169,474.6551769,4
26100,1148.50175,475.5705506,4
26103,1151.177447,471.9091032,4
26106,1146.223799,476.0098801,4
26110,1148.383261,474.2878806,4
26113,1146.119458,476.7995666,4
26116,1148.084506,472.5964057,4
26120,1150.802583,476.7871296,4
26123,1148.392364,475.813619,4
26126,1143.17285,476.8288486,4
26130,1147.950953,473.724775,4
26133,1146.672951,470.0184922,4
26136,1145.422656,474.9922784,4
26140,1146.454864,468.5845775,4
26143,1145.707933,477.4030098,4
26146,1147.112689,473.3024009,4
26150,1147.14117,477.5120642,4
26153,1148.911746,470.8341829,4
26156,1145.940293,476.9149527,4
26160,1146.667917,477.0028668,4
26163,1145.900431,475.7976802,4
26166,1147.8149,471.3423074,4
26170,1147.541765,480.0373705,4
26173,1145.909237,474.5406421,4
26176,1146.590144,470.1717933,4
26180,1145.917431,472.5864746,4
26183,1146.246371,473.3936156,4
26186,1143.578805,471.6145197,4
26190,1147.604239,469.8291776,4
26193,1148.702145,468.8513395,4
26196,1143.875152,467.4884346,4
26200,1146.84843,475.2341529,4
26203,1149.948663,475.4737141,4
26206,1148.171987,473.7130263,4
26210,1146.41968,474.2239735,4
26213,1145.97757,475.3758941,4
26216,1145.904809,473.7204616,4
26220,1144.059422,473.428336,4
26223,1149.29706,476.1788262,4
26226,1142.026066,474.7298006,4
26230,1149.681233,472.8526132,4
26233,1141.613173,478.0509873,4
26236,1147.0528,473.9942609,4
26240,1148.20357,472.9531172,4
26243,1147.957368,470.1024792,4
26246,1145.616785,471.2051591,4
26250,1148.495314,472.6453607,4
26253,1146.611754,473.6500621,4
26256,1147.767288,473.0007362,4
26260,1149.421788,469.4782855,4
26263,1150.696249,475.1223412,4
26266,1145.08531,477.5860103,4
26270,1145.721504,476.892395,4
26273,1145.178472,475.5802562,4
26276,1149.224741,472.0278145,4
26280,1148.470636,470.0590306,4
26283,1149.145433,473.7855862,4
26286,1147.197759,474.5573763,4
26290,1147.43593,481.2332563,4
26293,1147.858708,480.0593366,4
26296,1147.278331,474.3910105,4
26300,1147.368747,473.9727472,4
26303,1147.179054,475.369916,4
26306,1151.620422,479.0589684,4
26310,NaN,NaN,4
26313,NaN,NaN,4
26316,1144.802957,478.90888,4
26320,1149.748293,474.0735175,4
26323,NaN,NaN,4
26326,NaN,NaN,4
26330,NaN,NaN,4
26333,NaN,NaN,4
26336,NaN,NaN,4
26340,NaN,NaN,4
26343,1144.907166,470.8536447,4
26346,1149.687506,479.2096778,4
26350,NaN,NaN,4
26353,NaN,NaN,4
26356,1146.805154,472.3077299,4
26360,1149.187001,471.3673349,4
26363,1143.994671,480.71956,4
26366,1148.456084,473.4395584,4
26370,1148.119154,470.8031928,4
26373,1147.729454,474.8556378,4
26376,1148.387779,476.6887743,4
26380,1148.023274,467.9146359,4
26383,1146.165609,476.5669116,4
26386,1148.952579,479.9628117,4
26390,1149.155843,475.5820843,4
26393,NaN,NaN,4
26396,NaN,NaN,4
26400,1145.378394,476.0409769,4
26403,1147.635454,479.9408854,4
26406,NaN,NaN,4
26410,NaN,NaN,4
26413,1145.365186,471.8312558,4
26416,1144.923922,470.6941599,4
26420,NaN,NaN,4
26423,NaN,NaN,4
26426,1143.54383,476.3449026,4
26430,1145.84277,476.0823277,4
26433,1145.950196,475.1495334,4
26436,NaN,NaN,4
26440,NaN,NaN,4
26443,1145.981605,480.8167176,4
26446,1146.163638,478.213839,4
26450,NaN,NaN,4
26453,NaN,NaN,4
26456,NaN,NaN,4
26460,NaN,NaN,4
26463,NaN,NaN,4
26466,NaN,NaN,4
26470,1145.972061,481.9013872,4
26473,1147.709052,480.1625055,4
26476,NaN,NaN,4
26480,NaN,NaN,4
26483,1145.94957,475.77947,4
26486,1144.612134,481.9666547,4
26490,NaN,NaN,4
26493,NaN,NaN,4
26496,1146.054763,478.759694,4
26500,1146.136533,475.6368169,4
26503,1146.73686,474.606488,4
26506,NaN,NaN,4
26510,NaN,NaN,4
26513,NaN,NaN,4
26516,NaN,NaN,4
26520,NaN,NaN,4
26523,NaN,NaN,4
26526,1145.712064,479.1002091,4
26530,NaN,NaN,4
26533,NaN,NaN,4
26536,NaN,NaN,4
26540,NaN,NaN,4
26543,NaN,NaN,4
26546,NaN,NaN,4
26550,NaN,NaN,4
26553,NaN,NaN,4
26556,1144.79492,475.8712336,4
26560,1144.603515,480.0791857,4
26563,NaN,NaN,4
26566,NaN,NaN,4
26570,1145.47571,477.8701007,4
26573,1145.86444,478.8301934,4
26576,NaN,NaN,4
26580,NaN,NaN,4
26583,1145.541638,479.18619,4
26586,1147.206558,475.7571976,4
26590,NaN,NaN,4
26593,NaN,NaN,4
26596,1146.746393,476.2104387,4
26600,1147.979085,471.6143724,4
26603,NaN,NaN,4
26606,NaN,NaN,4
26610,NaN,NaN,4
26613,NaN,NaN,4
26616,1147.002653,475.8357715,4
26620,NaN,NaN,4
26623,NaN,NaN,4
26626,NaN,NaN,4
26630,NaN,NaN,4
26633,NaN,NaN,4
26636,NaN,NaN,4
26640,1142.563975,482.719217,4
26643,1144.101315,473.6488332,4
26646,NaN,NaN,4
26650,NaN,NaN,4
26653,1146.463308,474.3570654,4
26656,NaN,NaN,4
26660,NaN,NaN,4
26663,NaN,NaN,4
26666,NaN,NaN,4
26670,1145.624128,476.1578717,4
26673,1143.625828,474.7565435,4
26676,NaN,NaN,4
26680,NaN,NaN,4
26683,NaN,NaN,4
26686,NaN,NaN,4
26690,NaN,NaN,4
26693,NaN,NaN,4
26696,1143.183489,473.9540502,4
26700,1141.174403,476.5057372,4
26703,NaN,NaN,4
26706,NaN,NaN,4
26710,NaN,NaN,4
26713,NaN,NaN,4
26716,NaN,NaN,4
26720,NaN,NaN,4
26723,NaN,NaN,4
26726,NaN,NaN,4
26730,1144.243037,479.9872122,4
26733,NaN,NaN,4
26736,NaN,NaN,4
26740,NaN,NaN,4
26743,NaN,NaN,4
26746,NaN,NaN,4
26750,NaN,NaN,4
26753,1142.476359,477.6389243,4
26756,1141.77453,469.8497089,4
34488,1177.288208,776.2672613,5
34492,1177.721648,774.1262351,5
34495,1176.716586,776.52568,5
34498,1179.16772,772.7984125,5
34502,1175.163927,773.347349,5
34505,1178.157189,773.8542057,5
34509,1180.741429,772.0103506,5
34512,1177.948898,776.2496995,5
34515,1175.977305,774.2226046,5
34518,1175.496304,774.2894891,5
34522,1175.970676,775.092225,5
34525,1175.036208,774.758938,5
34528,1176.041505,774.7036245,5
34532,1174.65575,772.8337386,5
34535,1174.286971,773.1867239,5
34538,1177.533583,772.9586129,5
34542,1174.963043,774.7484688,5
34545,1174.982951,771.8232152,5
34548,1176.187613,773.2530363,5
34552,1173.275364,773.0156396,5
34555,1175.350032,770.501917,5
34558,1176.294332,774.6760359,5
34562,1173.521787,768.5015079,5
34565,1176.162594,769.1457173,5
34568,1173.383555,773.2998245,5
34572,1174.587069,772.1925028,5
34575,1173.276654,771.2042133,5
34579,1171.811702,772.8822585,5
34582,1173.857942,771.8606151,5
34585,1171.652677,771.6537116,5
34588,1172.128403,771.5477004,5
34592,1174.601956,769.5176327,5
34595,1172.696396,772.4766728,5
34598,1169.675981,770.8941794,5
34602,1172.938955,770.546273,5
34605,1169.252089,774.0577149,5
34609,1170.905432,773.8085611,5
34612,1168.967623,771.1136154,5
34615,1170.458631,769.1976096,5
34618,1169.740451,771.9348864,5
34622,1169.574356,774.6427273,5
34625,1173.654462,769.1683486,5
34628,1168.760829,771.3796481,5
34632,1168.622043,770.3394781,5
34635,1169.741938,770.2315102,5
34638,1169.808039,770.9263005,5
34642,1169.288416,771.10017,5
34645,1169.538358,773.4862443,5
34648,1173.803626,769.6932818,5
34652,1165.139243,769.626527,5
34655,1148.832319,774.4474542,5
34658,1112.228574,780.9046143,5
34662,1066.825223,798.0962845,5
34665,1019.355951,815.9911252,5
34668,981.4110391,834.4516682,5
34672,959.5176881,843.3600933,5
34675,949.6979029,847.7862425,5
34679,953.317524,845.1330837,5
34682,NaN,NaN,5
34685,NaN,NaN,5
34688,988.5738705,832.9236881,5
34692,981.538451,834.0906059,5
34695,NaN,NaN,5
34698,NaN,NaN,5
34702,954.3031607,847.2998738,5
34705,954.94297,850.2929315,5
34708,952.5034475,851.9121211,5
34712,955.6284112,847.9608654,5
34715,955.849419,848.9226972,5
34718,964.3194319,847.46946,5
34722,NaN,NaN,5
34725,NaN,NaN,5
34728,958.7147397,847.916601,5
34732,960.1893037,846.9777372,5
34735,960.4760893,847.3084075,5
34738,960.7642115,849.9191223,5
34742,959.8124518,849.9798154,5
34745,960.9194633,848.5885003,5
34748,959.7583569,849.2639403,5
34752,NaN,NaN,5
34755,NaN,NaN,5
34758,957.9057329,848.0808155,5
34762,958.726985,849.3781635,5
34765,958.5020974,846.8911694,5
34768,956.90981,847.8920981,5
34772,959.6157404,848.5365265,5
34775,961.1646626,845.025814,5
34778,NaN,NaN,5
34782,NaN,NaN,5
34785,NaN,NaN,5
34788,NaN,NaN,5
34792,NaN,NaN,5
34795,NaN,NaN,5
34798,959.5529492,843.334382,5
34802,NaN,NaN,5
34805,NaN,NaN,5
34808,NaN,NaN,5
34812,NaN,NaN,5
34815,NaN,NaN,5
34818,NaN,NaN,5
34822,NaN,NaN,5
34825,NaN,NaN,5
34828,NaN,NaN,5
34832,NaN,NaN,5
34835,NaN,NaN,5
34838,NaN,NaN,5
34842,1111.766393,694.4586669,5
34845,1149.01065,672.9813606,5
34848,1193.395567,645.9263378,5
34852,1234.808171,620.5549114,5
34855,1265.633392,582.3775534,5
34858,1288.259727,555.5948351,5
34862,1302.640245,537.2445915,5
34865,1321.854187,520.7270657,5
34868,1332.871307,514.3820033,5
34872,1335.160922,518.4245714,5
34875,1330.621568,524.093619,5
34878,1321.860354,527.182661,5
34882,1318.819909,530.0892928,5
34885,1320.577187,529.764202,5
34888,1330.208147,523.1768093,5
34892,1333.078481,518.390432,5
34895,1335.062873,514.9182318,5
34898,1334.683134,512.8073689,5
34902,1336.012264,510.4877473,5
34905,1334.697159,517.0736674,5
34908,1332.002149,519.0489293,5
34912,1327.98593,521.1209094,5
34915,1327.592594,520.5964008,5
34918,1329.288687,519.7568009,5
34922,1329.148746,518.7508993,5
34925,1326.603592,523.11144,5
34928,1325.572357,521.763991,5
34932,1323.510666,521.4629636,5
34935,1324.69186,519.7141505,5
34938,1330.368172,521.6500829,5
34942,1326.124979,517.1084535,5
34945,1327.877775,523.688984,5
34948,NaN,NaN,5
34952,NaN,NaN,5
34955,1329.558721,518.2329891,5
34958,1325.839638,523.539139,5
34962,1329.389717,523.0459277,5
34965,1329.615232,520.9539139,5
34968,1325.937504,521.6782838,5
34972,1325.811351,521.2447135,5
34975,1325.212156,522.7686544,5
34978,1327.404137,522.4527289,5
34982,1327.491338,520.9481382,5
34985,1326.907356,518.4597376,5
34988,NaN,NaN,5
34992,NaN,NaN,5
34995,1329.553043,519.5018762,5
34998,1328.487658,520.3470968,5
35002,1324.395854,525.5319203,5
35005,NaN,NaN,5
35008,NaN,NaN,5
35012,1326.734293,518.221663,5
35015,1324.436545,521.8055588,5
35018,NaN,NaN,5
35022,NaN,NaN,5
35025,1388.491502,519.6280168,5
35028,1434.614938,511.0646911,5
35032,NaN,NaN,5
35035,NaN,NaN,5
35038,1543.181851,512.1595085,5
35042,1567.053279,511.231599,5
35045,NaN,NaN,5
35048,NaN,NaN,5
35052,1546.850008,513.8997228,5
35055,1533.884577,514.8062926,5
35058,1525.140142,512.5289307,5
35062,NaN,NaN,5
35065,NaN,NaN,5
35068,NaN,NaN,5
35072,NaN,NaN,5
35075,NaN,NaN,5
35078,NaN,NaN,5
35082,1562.270033,512.6189823,5
35085,1561.029775,512.6753315,5
35088,NaN,NaN,5
35092,NaN,NaN,5
35095,NaN,NaN,5
35098,NaN,NaN,5
35102,NaN,NaN,5
35105,NaN,NaN,5
35108,NaN,NaN,5
35112,NaN,NaN,5
35115,NaN,NaN,5
35118,NaN,NaN,5
35122,NaN,NaN,5
35125,NaN,NaN,5
35128,NaN,NaN,5
35132,NaN,NaN,5
35135,NaN,NaN,5
35138,NaN,NaN,5
35142,NaN,NaN,5
35145,NaN,NaN,5
35148,NaN,NaN,5
35152,NaN,NaN,5
35155,NaN,NaN,5
35158,NaN,NaN,5
35162,NaN,NaN,5
35165,NaN,NaN,5
35168,NaN,NaN,5
35172,NaN,NaN,5
35175,NaN,NaN,5
35178,NaN,NaN,5
35182,NaN,NaN,5
35185,NaN,NaN,5
35188,NaN,NaN,5
35192,NaN,NaN,5
35195,NaN,NaN,5
35198,NaN,NaN,5
35202,NaN,NaN,5
35205,NaN,NaN,5
35208,NaN,NaN,5
35212,NaN,NaN,5
35215,NaN,NaN,5
35218,NaN,NaN,5
35222,NaN,NaN,5
35225,NaN,NaN,5
35228,NaN,NaN,5
35232,NaN,NaN,5
35235,NaN,NaN,5
35238,NaN,NaN,5
35242,NaN,NaN,5
35245,NaN,NaN,5
35248,NaN,NaN,5
35252,NaN,NaN,5
35255,NaN,NaN,5
35258,NaN,NaN,5
35262,NaN,NaN,5
35265,NaN,NaN,5
35268,NaN,NaN,5
35272,NaN,NaN,5
35275,NaN,NaN,5
35278,NaN,NaN,5
35282,NaN,NaN,5
35285,NaN,NaN,5
35288,NaN,NaN,5
35292,NaN,NaN,5
35295,NaN,NaN,5
35298,NaN,NaN,5
35302,NaN,NaN,5
35305,NaN,NaN,5
35308,NaN,NaN,5
35312,NaN,NaN,5
35315,NaN,NaN,5
35318,NaN,NaN,5
35322,NaN,NaN,5
35325,NaN,NaN,5
35328,NaN,NaN,5
35332,NaN,NaN,5
35335,NaN,NaN,5
35338,NaN,NaN,5
35342,NaN,NaN,5
35345,NaN,NaN,5
35348,NaN,NaN,5
35352,NaN,NaN,5
35355,NaN,NaN,5
35358,NaN,NaN,5
35362,NaN,NaN,5
35365,NaN,NaN,5
35368,NaN,NaN,5
35372,NaN,NaN,5
35375,NaN,NaN,5
35378,NaN,NaN,5
35382,NaN,NaN,5
35385,NaN,NaN,5
35388,NaN,NaN,5
35392,NaN,NaN,5
35395,NaN,NaN,5
35398,NaN,NaN,5
35402,NaN,NaN,5
35405,NaN,NaN,5
35408,NaN,NaN,5
35412,NaN,NaN,5
35415,NaN,NaN,5
35418,NaN,NaN,5
35422,NaN,NaN,5
35425,NaN,NaN,5
35428,NaN,NaN,5
35432,NaN,NaN,5
35435,NaN,NaN,5
35438,NaN,NaN,5
35442,NaN,NaN,5
35445,NaN,NaN,5
35448,NaN,NaN,5
35452,NaN,NaN,5
35455,NaN,NaN,5
35458,NaN,NaN,5
35462,NaN,NaN,5
35465,NaN,NaN,5
35468,NaN,NaN,5
35472,NaN,NaN,5
35475,NaN,NaN,5
35478,NaN,NaN,5
35482,NaN,NaN,5
35485,NaN,NaN,5
35488,NaN,NaN,5
35492,NaN,NaN,5
35495,NaN,NaN,5
35498,NaN,NaN,5
35502,NaN,NaN,5
35505,NaN,NaN,5
35508,NaN,NaN,5
35512,NaN,NaN,5
35515,NaN,NaN,5
35518,NaN,NaN,5
35522,NaN,NaN,5
35525,NaN,NaN,5
35528,NaN,NaN,5
35532,NaN,NaN,5
35535,NaN,NaN,5
35538,NaN,NaN,5
35542,NaN,NaN,5
35545,NaN,NaN,5
35548,NaN,NaN,5
35552,NaN,NaN,5
35555,NaN,NaN,5
35558,NaN,NaN,5
35562,NaN,NaN,5
35565,NaN,NaN,5
35568,NaN,NaN,5
35572,NaN,NaN,5
35575,NaN,NaN,5
35578,NaN,NaN,5
35582,NaN,NaN,5
35585,NaN,NaN,5
35588,NaN,NaN,5
35592,NaN,NaN,5
35595,NaN,NaN,5
35598,NaN,NaN,5
35602,NaN,NaN,5
35605,NaN,NaN,5
35608,NaN,NaN,5
35612,NaN,NaN,5
35615,NaN,NaN,5
35618,NaN,NaN,5
35622,NaN,NaN,5
35625,NaN,NaN,5
35628,NaN,NaN,5
35632,NaN,NaN,5
35635,NaN,NaN,5
35638,NaN,NaN,5
35642,NaN,NaN,5
35645,NaN,NaN,5
35648,NaN,NaN,5
35652,NaN,NaN,5
35655,NaN,NaN,5
35658,NaN,NaN,5
35662,NaN,NaN,5
35665,NaN,NaN,5
35668,NaN,NaN,5
35672,NaN,NaN,5
35675,NaN,NaN,5
35678,NaN,NaN,5
35682,NaN,NaN,5
35685,NaN,NaN,5
35688,NaN,NaN,5
35692,NaN,NaN,5
35695,NaN,NaN,5
35698,NaN,NaN,5
35702,NaN,NaN,5
35705,NaN,NaN,5
35708,NaN,NaN,5
35712,NaN,NaN,5
35715,NaN,NaN,5
35718,NaN,NaN,5
35722,NaN,NaN,5
35725,NaN,NaN,5
35728,NaN,NaN,5
35732,NaN,NaN,5
35735,NaN,NaN,5
35738,NaN,NaN,5
35742,NaN,NaN,5
35745,NaN,NaN,5
35748,NaN,NaN,5
35752,NaN,NaN,5
35755,NaN,NaN,5
35758,NaN,NaN,5
35762,NaN,NaN,5
35765,NaN,NaN,5
35768,NaN,NaN,5
35772,NaN,NaN,5
35775,NaN,NaN,5
35778,NaN,NaN,5
35782,NaN,NaN,5
35785,NaN,NaN,5
35788,NaN,NaN,5
35792,NaN,NaN,5
35795,NaN,NaN,5
35798,NaN,NaN,5
35802,NaN,NaN,5
35805,NaN,NaN,5
35808,NaN,NaN,5
35812,NaN,NaN,5
35815,NaN,NaN,5
35818,NaN,NaN,5
35822,NaN,NaN,5
35825,NaN,NaN,5
39491,947.224894,906.3738507,6
39494,948.0074258,903.426196,6
39498,948.038668,905.8026702,6
39501,945.2027198,909.6277932,6
39504,947.8735697,907.0666001,6
39508,946.4581697,907.1530625,6
39511,947.1347067,907.2240476,6
39514,947.7128419,909.0054353,6
39518,945.7145653,906.2484338,6
39521,947.5607118,907.925858,6
39524,950.1964853,908.3814944,6
39528,949.0362267,906.1578047,6
39531,947.7292665,909.0308599,6
39534,947.3124415,904.6440008,6
39538,948.0868593,909.6078167,6
39541,949.9630466,907.267376,6
39544,946.4112313,907.746354,6
39548,947.7900446,905.5274904,6
39551,949.0514487,907.7514985,6
39554,948.7003782,908.8014063,6
39558,947.834073,906.9633263,6
39561,949.9910392,909.0466757,6
39564,948.6024409,909.1315375,6
39568,946.5616277,908.3394195,6
39571,944.7462121,909.2543134,6
39574,946.3883065,907.5597668,6
39578,945.8656754,906.7167617,6
39581,954.9080128,903.5376414,6
39584,971.1233996,889.8542139,6
39588,990.3631279,878.7499751,6
39591,1005.197637,856.0601681,6
39594,1013.785431,835.4011784,6
39598,1011.082946,820.7908688,6
39601,1002.62023,811.4437334,6
39604,995.5988321,816.1857238,6
39608,990.0075772,825.5940785,6
39611,989.2579206,839.2794405,6
39614,997.175376,841.5359846,6
39618,996.4805854,835.1505853,6
39621,998.2933424,832.5503746,6
39624,998.1453323,833.8114621,6
39628,999.4915725,830.3756728,6
39631,1001.972437,828.0060463,6
39634,1002.555534,829.966125,6
39638,998.2424081,828.0612462,6
39641,1002.042712,831.5209442,6
39644,999.4038361,830.0868385,6
39648,999.46655,833.3033144,6
39651,998.0375734,833.0737572,6
39654,995.2030211,833.4716848,6
39658,999.0596987,830.5921123,6
39661,1000.504917,830.0205467,6
39664,997.7209331,831.9931725,6
39668,1003.114438,828.2625875,6
39671,999.8726466,826.1138804,6
39674,1000.937664,835.6095567,6
39678,1000.488544,832.585312,6
39681,996.2314864,837.804566,6
39684,999.4621316,833.2432927,6
39688,998.3832699,833.8148104,6
39691,998.3133299,831.3635869,6
39694,999.0299235,833.5064938,6
39698,997.1693357,829.0411991,6
39701,993.34869,825.2102587,6
39704,1003.031225,830.8687757,6
39708,1001.13437,832.3745218,6
39711,1000.606455,830.3924971,6
39714,995.0819417,825.7479465,6
39718,996.0185539,828.213572,6
39721,994.7460749,828.2271399,6
39724,1002.629557,831.7339645,6
39728,998.3255201,838.3177431,6
39731,994.8158229,830.2253469,6
39734,998.9012474,830.5458333,6
39738,996.34291,830.5055764,6
39741,1000.393962,830.8929838,6
39744,1001.702817,832.2800156,6
39748,993.1693329,827.8788687,6
39751,995.9014853,831.9423836,6
39754,994.4999138,828.1148548,6
39758,998.7496121,829.9981785,6
39761,993.1200717,827.2340434,6
39764,996.4413965,827.6443194,6
39768,999.0844808,824.8174232,6
39771,995.9238175,832.0731808,6
39774,996.3778969,828.8712479,6
39778,997.3103186,834.95587,6
39781,996.5669731,827.9535967,6
39784,994.3208052,821.5280852,6
39788,995.4357812,840.5880815,6
39791,987.0674851,860.2219409,6
39794,974.4460022,881.7516375,6
39798,957.3847773,894.9074987,6
39801,948.4170032,900.4272199,6
39804,947.5579849,897.225205,6
39808,949.9201653,900.7139336,6
39811,955.5196813,894.9041199,6
39814,959.7764254,890.63938,6
39818,961.6220041,891.8714696,6
39821,958.2302529,891.0428839,6
39824,960.6170129,895.7160577,6
39828,959.6195183,894.1658402,6
39831,953.6279206,902.0930843,6
39834,954.5919888,895.6576006,6
39838,953.423566,899.6964915,6
39841,952.6068381,901.5436224,6
39844,961.8550021,900.5176454,6
39848,957.2535548,899.1587472,6
39851,958.3780112,903.5873038,6
39854,955.6637233,902.4818521,6
39858,952.7032897,901.0689441,6
39861,953.4276297,898.1670756,6
39864,954.2692664,897.7806913,6
39868,951.6014278,895.0963928,6
39871,957.1140514,893.9304725,6
39874,958.042856,900.4192035,6
39878,957.4686797,896.7495835,6
39881,958.4349995,900.4905583,6
39884,952.9082333,898.1894163,6
39888,953.2499117,899.030955,6
39891,951.9960256,897.1782753,6
39894,956.0380535,897.5922527,6
39898,957.6318934,893.8399024,6
39901,959.1382213,900.9017493,6
39904,951.8324529,899.3997583,6
39908,952.7122635,900.0906319,6
39911,956.1571739,901.466863,6
39914,954.9506884,900.9847836,6
39918,957.6383695,900.924867,6
39921,952.4468718,893.902549,6
39924,955.5529696,896.809889,6
39928,961.8683576,901.4903464,6
39931,952.0838279,896.4115478,6
39934,960.3702674,897.285035,6
39938,958.100973,900.4926804,6
39941,959.9063055,900.5695266,6
39944,954.4481957,900.2165007,6
39948,954.9870279,895.0522624,6
39951,956.2471012,897.0713834,6
39954,952.2770128,902.2995931,6
39958,954.8265727,895.5786422,6
39961,956.4398044,905.9223235,6
39964,952.5250804,899.9411871,6
39968,953.3579869,896.2585103,6
39971,951.1182639,899.7005533,6
39974,950.6257725,898.7250513,6
39978,957.4353915,899.1088157,6
39981,NaN,NaN,6
39984,NaN,NaN,6
39988,957.1493483,896.5338328,6
39991,958.1448777,901.0655991,6
39994,957.0390726,897.2546828,6
39998,951.6713853,896.6772544,6
40001,954.5999027,897.6689661,6
40004,956.8767497,898.9186631,6
40008,953.3597273,897.407222,6
40011,955.178188,900.9431498,6
40014,954.6629495,900.761286,6
40018,958.1858976,900.699898,6
40021,954.0495363,897.6586237,6
40024,956.9178465,899.1809645,6
40028,955.7373752,899.93563,6
40031,954.7397967,900.0443781,6
40034,955.2954168,899.712563,6
40038,958.6022604,899.4623251,6
40041,954.5806481,900.3400428,6
40044,954.7325865,904.4899356,6
40048,952.3959717,900.5995774,6
40051,962.6118537,899.7307619,6
40054,953.9776796,904.3833155,6
40058,950.6110815,900.0434388,6
40061,950.272536,900.3051518,6
40064,953.7816433,892.832841,6
40068,956.9278242,903.8183066,6
40071,954.6400302,901.6138938,6
40074,955.521873,899.8868567,6
40078,952.84279,896.9714476,6
40081,955.6242305,900.6822835,6
40084,955.8838281,905.5692263,6
40088,955.8416644,899.7970013,6
40091,952.13658,900.187917,6
40094,955.2056477,901.1332398,6
40098,953.9805348,901.898736,6
40101,954.6864118,906.0437826,6
40104,951.6965315,904.8401459,6
40108,951.483215,902.0406417,6
40111,952.714099,903.9738999,6
40114,957.8517527,903.9025216,6
40118,954.7036939,905.3516648,6
40121,955.4422019,903.7271181,6
40124,953.3109782,903.9122763,6
40128,955.3988848,902.4358489,6
40131,951.3689294,900.2047891,6
40134,953.7266492,903.1094838,6
40138,954.1603349,902.9006589,6
40141,953.1079669,904.4868631,6
40144,953.7433213,905.0203743,6
40148,952.9788821,906.2446208,6
40151,951.9071636,900.762765,6
40154,956.0166993,902.8234351,6
40158,952.144283,905.1902939,6
40161,954.6418428,905.6416738,6
40164,949.5957522,903.1991857,6
40168,954.8846834,901.2760721,6
40171,953.2600826,902.2057489,6
40174,952.6684227,904.1861042,6
40178,953.5029898,903.689529,6
40181,951.8880069,901.6060017,6
40184,954.4252842,904.0348683,6
40188,957.6302888,903.5375936,6
40191,953.0008521,904.7873076,6
40194,955.8176151,903.9023774,6
40198,956.4538715,901.2011964,6
40201,954.8347404,906.4352198,6
40204,952.8637593,906.9120022,6
40208,955.9774184,907.0770035,6
40211,956.40765,906.9727973,6
40214,950.6595067,906.8790971,6
40218,955.0527068,906.9337839,6
40221,953.1958514,904.4612708,6
40224,952.7905909,905.7781542,6
40228,952.4515712,904.9716101,6
40231,959.2940085,905.6048228,6
40234,NaN,NaN,6
40238,NaN,NaN,6
40241,956.655803,905.1661159,6
40244,956.9055141,901.4993227,6
40248,954.7382277,905.533726,6
40251,955.7504746,907.0481892,6
40254,953.5535451,905.1568247,6
40258,954.6165309,902.1408112,6
40261,955.9582648,903.5678709,6
40264,NaN,NaN,6
40268,NaN,NaN,6
40271,955.3792862,907.5367586,6
40274,955.0387337,904.1298798,6
40278,956.6737143,906.8975287,6
40281,954.4845067,904.9717545,6
40284,954.6832031,903.319718,6
40288,956.0416671,906.1592007,6
40291,954.9648123,900.6028435,6
40294,957.3958164,904.370641,6
40298,958.5037863,906.9810575,6
40301,957.5368792,905.5747248,6
40304,956.3569018,906.3747923,6
40308,960.2719524,902.3381118,6
40311,958.4092817,903.5818109,6
40314,958.9618469,905.7022974,6
40318,957.216808,903.6891677,6
40321,956.694087,905.0746461,6
40324,957.1628122,910.0184398,6
40328,962.0242976,901.0280341,6
40331,956.4801545,908.0140242,6
40334,953.6549528,905.8405357,6
40338,954.4363599,906.3093601,6
40341,953.050408,905.0896642,6
40344,955.4356273,907.3063856,6
40348,954.443637,905.5232581,6
40351,953.5921265,903.7251584,6
40354,947.4384206,900.7747905,6
40358,942.5464043,878.4203319,6
40361,932.9502695,851.5230782,6
40364,932.787614,822.68177,6
40368,927.9117222,799.461631,6
40371,939.1356245,782.7001492,6
40374,940.6152241,768.4793119,6
40378,944.5409524,749.6113766,6
40381,949.1557313,731.4086345,6
40384,950.8098062,712.9828042,6
40388,961.8492824,697.4970592,6
40391,965.5413925,679.936271,6
40394,960.638349,671.8992088,6
40398,956.998961,668.9099244,6
40401,957.3434188,671.797402,6
40404,954.1506708,674.8220599,6
40408,959.0577759,682.3386825,6
40411,955.6702609,678.9227515,6
40414,952.4977065,680.5531667,6
40418,954.4406002,671.5182139,6
40421,955.3390027,670.2445083,6
40424,958.2016387,665.8669237,6
40428,957.1847805,663.9194447,6
40431,956.0705403,666.4414916,6
40434,957.1989142,658.2210274,6
40438,959.1705409,663.3888502,6
40441,956.2075888,666.2134086,6
40444,952.049213,674.0718267,6
40448,956.8598926,665.9942573,6
40451,956.6232876,668.6705022,6
40454,955.7557822,661.3737644,6
40458,955.1400751,672.0160329,6
40461,954.6980023,668.9071191,6
40464,952.9232994,662.4849338,6
40468,955.7448079,659.5073808,6
40471,957.7956497,663.5911605,6
40474,951.6915147,668.0367695,6
40478,953.2088247,668.0620759,6
40481,954.8927223,666.2051666,6
40484,956.3212506,669.9554646,6
40488,955.3851083,662.8948331,6
40491,955.422013,671.9734837,6
40494,953.6623003,669.1447056,6
40498,955.4634817,671.2593469,6
40501,954.0129038,674.8635889,6
40504,954.3373543,670.316879,6
40508,956.8486425,672.4104511,6
40511,951.9940459,676.0057434,6
40514,950.7958336,675.9187627,6
40518,952.599936,674.9532559,6
40521,955.6269033,665.0476021,6
40524,956.5151487,672.1589469,6
40528,951.0954731,680.686944,6
40531,953.812306,675.8739897,6
40534,955.9720737,676.5265973,6
40538,954.9577712,675.8711125,6
40541,953.5132596,687.4195844,6
40544,952.5904608,691.6650458,6
40548,955.4488501,680.4939479,6
40551,954.5271236,707.2955591,6
40554,NaN,NaN,6
40558,NaN,NaN,6
40561,NaN,NaN,6
40564,NaN,NaN,6
40568,NaN,NaN,6
40571,NaN,NaN,6
40574,NaN,NaN,6
40578,NaN,NaN,6
40581,NaN,NaN,6
40584,NaN,NaN,6
40588,NaN,NaN,6
40591,NaN,NaN,6
40594,NaN,NaN,6
40598,NaN,NaN,6
40601,NaN,NaN,6
40604,NaN,NaN,6
40608,NaN,NaN,6
40611,NaN,NaN,6
40614,NaN,NaN,6
40618,NaN,NaN,6
40621,NaN,NaN,6
40624,NaN,NaN,6
40628,NaN,NaN,6
40631,NaN,NaN,6
40634,NaN,NaN,6
40638,NaN,NaN,6
40641,NaN,NaN,6
40644,NaN,NaN,6
40648,NaN,NaN,6
40651,NaN,NaN,6
40654,NaN,NaN,6
40658,NaN,NaN,6
40661,NaN,NaN,6
40664,NaN,NaN,6
40668,NaN,NaN,6
40671,NaN,NaN,6
40674,NaN,NaN,6
40678,NaN,NaN,6
40681,NaN,NaN,6
40684,NaN,NaN,6
40688,NaN,NaN,6
40691,NaN,NaN,6
40694,NaN,NaN,6
40698,NaN,NaN,6
40701,NaN,NaN,6
40704,NaN,NaN,6
40708,NaN,NaN,6
40711,NaN,NaN,6
40714,NaN,NaN,6
40718,NaN,NaN,6
40721,NaN,NaN,6
40724,NaN,NaN,6
40728,NaN,NaN,6
40731,NaN,NaN,6
40734,NaN,NaN,6
40738,NaN,NaN,6
40741,840.3799662,640.1895376,6
40744,NaN,NaN,6
40748,NaN,NaN,6
40751,831.0759886,637.699949,6
40754,834.6846431,625.2127959,6
40758,826.8644889,613.9938446,6
40761,833.4938461,597.6667983,6
40764,NaN,NaN,6
40768,NaN,NaN,6
40771,NaN,NaN,6
40774,827.2278577,565.9957262,6
40778,828.8483069,570.8314411,6
40781,835.5954931,562.624327,6
40784,827.2099794,578.5883348,6
40788,830.1645184,584.7762594,6
40791,829.0841367,586.0780627,6
40794,826.7319309,583.9582828,6
40798,829.1100975,598.6528844,6
40801,825.2705497,600.3507396,6
40804,829.0892582,602.7832088,6
40808,826.1392563,598.6906438,6
40811,827.8070264,604.0576621,6
40814,832.3103385,602.9072965,6
40818,826.231652,599.7089639,6
40821,826.5243036,598.9059615,6
40824,826.2802105,596.4014927,6
40828,828.9878702,598.7432241,6
40831,829.3146019,597.5065233,6
40834,827.6142253,597.4064807,6
40838,828.5540335,592.4999213,6
40841,826.6707626,590.7179792,6
40844,825.0595428,589.4045022,6
40848,830.1799712,592.3287615,6
40851,828.3889003,592.6783996,6
40854,825.2731221,594.2131614,6
40858,826.507707,589.8569285,6
40861,826.477674,591.5006096,6
40864,830.2650172,586.2084623,6
40868,827.25951,590.2916513,6
40871,825.1968775,590.7156712,6
40874,828.31936,589.7079706,6
40878,827.7189467,589.35752,6
40881,826.9606581,588.2119919,6
40884,829.8585057,590.6985136,6
40888,827.832828,587.2358537,6
40891,828.4246235,590.6322748,6
40894,828.9686548,592.2925496,6
40898,828.4763942,588.9113465,6
40901,829.3210796,593.0185605,6
40904,825.7512451,589.6871787,6
40908,829.0582172,587.0224714,6
40911,827.3192651,592.5586058,6
40914,828.8426295,590.5299511,6
40918,828.7625561,591.2419009,6
40921,827.0726912,589.8367439,6
40924,830.1572851,581.464048,6
40928,829.9018605,591.1046627,6
40931,824.7328727,587.2866634,6
40934,827.2102644,583.0546622,6
40938,834.8930496,592.4747062,6
40941,856.1426292,590.6883613,6
40944,883.7935509,577.2688949,6
40948,923.2543,566.2666502,6
40951,963.1937901,558.4634344,6
40954,1001.915339,547.1894459,6
40958,1033.17129,544.3307128,6
40961,1062.023385,532.3910356,6
40964,1086.106841,530.6661605,6
40968,1115.873384,523.1014734,6
40971,1141.060373,518.1661306,6
40974,1154.820767,521.7718513,6
40978,1164.815393,522.0071381,6
40981,1165.814297,519.8669036,6
40984,1154.481672,524.3058919,6
40988,1148.021077,528.2105267,6
40991,1146.73242,525.141819,6
40994,1149.678144,524.6897372,6
40998,1152.161765,521.5878325,6
41001,1160.558415,525.069024,6
41004,1164.143386,524.1528434,6
41008,1162.478784,523.1324752,6
41011,1160.375674,523.1050381,6
41014,1161.681641,522.2201996,6
41018,1158.190728,522.3134881,6
41021,1155.893344,524.8091331,6
41024,1160.357584,522.2123711,6
41028,1156.755394,524.2794482,6
41031,1159.034379,523.4238959,6
41034,1158.70979,527.3239451,6
41038,1159.865887,523.5563657,6
41041,1156.507716,528.4637958,6
41044,1157.235064,521.1365382,6
41048,1160.963682,525.9328623,6
41051,1158.950843,523.483794,6
41054,1158.837948,525.1753287,6
41058,1159.721154,523.4922788,6
41061,1157.121389,525.9379789,6
41064,1159.881293,524.7255272,6
41068,1159.260422,526.9771709,6
41071,1159.185112,522.3313211,6
41074,1159.950922,527.1996893,6
41078,1159.237503,523.488429,6
41081,1160.782256,524.1872234,6
41084,1158.150264,523.8920038,6
41088,1159.842414,529.3210825,6
41091,1159.876741,526.2576215,6
41094,1160.910371,526.7614475,6
41098,1154.206924,529.3345372,6
41101,1159.638944,526.391649,6
41104,1158.280146,529.9792774,6
41108,1159.945758,528.80226,6
41111,1161.224037,525.6042758,6
41114,1156.2276,527.6657119,6
41118,1158.709325,530.2560568,6
41121,1162.234923,525.0079643,6
41124,1159.661061,529.9615726,6
41128,1157.88945,530.6738184,6
41131,1160.162011,528.0662329,6
41134,1159.594527,532.1199137,6
41138,1160.07149,530.4834759,6
41141,1159.119988,529.3554674,6
41144,1157.140849,524.7698704,6
41148,1157.372768,526.4758263,6
41151,1160.498079,526.7725255,6
41154,1160.318976,529.9744973,6
41158,1159.783671,531.4400406,6
41161,1155.559046,530.9314464,6
41164,1158.691157,526.6307951,6
41168,1158.46443,528.1458783,6
41171,1158.338247,529.8211059,6
41174,1158.013613,529.4137467,6
41178,1160.069147,523.2850787,6
41181,1158.436974,527.1891695,6
41184,1159.440305,526.7661899,6
41188,1158.876557,531.0741467,6
41191,1154.37854,528.9889524,6
41194,1156.550993,528.9866855,6
41198,1158.274701,525.6628756,6
41201,1161.84839,527.1917694,6
41204,1160.66666,526.2113707,6
41207,1158.503906,525.8459904,6
41211,1155.315574,529.9267481,6
41214,1161.24573,532.4394848,6
41218,1158.481558,525.0014053,6
41221,1158.772822,526.2889859,6
41224,1160.079548,525.9106175,6
41228,1159.966239,523.8089528,6
41231,1157.876053,518.0341442,6
41234,1161.487508,523.087552,6
41238,1159.184092,524.1771998,6
41241,1160.288884,524.1913929,6
41244,1158.541849,519.6483836,6
41248,1161.198866,529.5902732,6
41251,1161.486205,520.3566218,6
41254,1160.533994,523.1995781,6
41258,1157.225935,523.1241192,6
41261,1157.916805,531.4351535,6
41264,1149.599588,521.1791578,6
41268,1115.973035,518.4985092,6
41271,1066.407561,511.7747082,6
41274,1017.595452,498.1739062,6
41278,963.076673,481.0823858,6
41281,918.4017441,480.1936633,6
41284,870.7228682,473.4382001,6
41288,832.2729704,470.6879956,6
41291,786.36866,454.8922516,6
41294,741.8216992,462.0877237,6
41298,695.7466162,453.3823151,6
41301,643.1641579,459.7134147,6
41304,591.8663581,467.8893804,6
41307,550.4239463,467.0807729,6
41311,507.9578934,461.9992675,6
41314,473.4139261,472.8875769,6
41317,435.0353514,465.402062,6
41321,406.5907943,469.3062341,6
41324,386.9247452,465.6072518,6
41328,385.4559587,466.7410334,6
41331,397.6908505,472.0669409,6
41334,412.0240264,473.8823861,6
41338,420.687513,471.0089077,6
41341,413.5100223,471.7437863,6
41344,402.2775798,467.1396545,6
41347,389.613203,466.8326008,6
41351,387.0389347,464.9344107,6
41354,385.2856453,470.9705784,6
41358,388.988013,465.63369,6
41361,396.0144149,468.1299377,6
41364,393.8652212,472.2530509,6
41368,397.5332499,468.6186999,6
41371,402.0325182,454.6293236,6
41374,399.627398,462.7921776,6
41377,396.5160344,462.4967284,6
41381,397.0757602,461.4227642,6
41384,399.3207711,462.2449274,6
41387,398.2682744,459.5879293,6
41391,401.7338885,453.4930379,6
41394,403.7523728,456.3591288,6
41398,394.7375724,460.2361901,6
41401,396.5633852,460.4133287,6
41404,NaN,NaN,6
41408,NaN,NaN,6
41411,400.151314,459.8097011,6
41414,398.8270759,459.1322447,6
41417,399.4729056,459.0532451,6
41421,392.6363556,465.0725522,6
41424,397.2564353,458.1898424,6
41428,398.089866,456.753063,6
41431,393.6049782,458.7489037,6
41434,395.4027945,458.0643504,6
41437,394.2296865,463.7175111,6
41441,394.9949461,461.888996,6
41444,398.5040884,458.6891622,6
41447,397.4399715,455.9398627,6
41451,396.1222073,461.1843831,6
41454,394.4999562,462.6007545,6
41457,396.01864,462.9551499,6
41461,392.5066157,463.9703394,6
41464,396.9065013,460.2932682,6
41468,397.3723207,460.0809586,6
41471,NaN,NaN,6
41474,NaN,NaN,6
41478,NaN,NaN,6
41481,392.2673064,462.6601852,6
41484,392.1263791,460.86617,6
41487,392.592136,461.7033192,6
41491,390.5737403,463.3210002,6
41494,392.7373542,463.3278175,6
41498,393.9262313,464.1343276,6
41501,397.0058917,462.249725,6
41504,392.5460693,465.4979141,6
41507,393.6224444,462.2992435,6
41511,394.9748585,464.0479226,6
41514,392.4836498,463.5284695,6
41518,NaN,NaN,6
41521,NaN,NaN,6
41524,392.0940788,460.7142059,6
41527,NaN,NaN,6
41531,NaN,NaN,6
41534,392.0562824,461.6931424,6
41537,390.0274108,464.4360264,6
41541,394.0625951,462.8519241,6
41544,NaN,NaN,6
41547,NaN,NaN,6
41551,NaN,NaN,6
41554,NaN,NaN,6
41557,NaN,NaN,6
41561,NaN,NaN,6
41564,398.8249979,462.1624762,6
41568,391.9926493,463.9890648,6
41571,392.31178,465.8173189,6
41574,390.4961118,464.6367326,6
41577,392.5909353,465.0170711,6
41581,395.0875571,466.7235161,6
41584,391.0183626,463.3464587,6
41587,391.8775103,466.445141,6
41591,390.8046051,463.3244721,6
41594,390.8785679,465.8765057,6
41598,394.1948791,462.3358293,6
41601,389.0280915,469.1223163,6
41604,394.6665874,459.4289954,6
41607,388.9918967,463.2166849,6
41611,393.2016029,459.280973,6
41614,392.4632548,462.5613161,6
41617,393.6257683,465.7976991,6
41621,394.2936763,464.6781384,6
41624,396.0371919,459.6368994,6
41627,392.8279328,465.1336029,6
41631,391.2023112,470.497729,6
41634,391.223247,463.6486155,6
41637,393.5739223,462.5813362,6
41641,392.4969507,466.2554523,6
41644,395.0436918,465.1787002,6
41647,393.5490047,467.2236024,6
41651,393.0597571,462.9148192,6
41654,394.1337413,467.5465641,6
41657,393.5281203,464.5980089,6
41661,392.9466723,462.6145685,6
41664,392.1044314,468.4349472,6
41667,401.7072453,466.4314059,6
41671,433.2099409,467.4278645,6
41674,482.1015282,468.9709456,6
41677,543.5690128,458.971123,6
41681,601.7343956,453.7898201,6
41684,647.7592259,455.84012,6
41687,679.798872,452.8966003,6
41691,727.0106719,447.0911133,6
41694,763.3808415,440.9273951,6
41698,808.9561647,434.5046093,6
41701,856.1990388,438.521918,6
41704,898.8840634,440.3824951,6
41707,947.2819066,439.0373512,6
41711,991.6596515,438.1525054,6
41714,1039.916096,443.5713299,6
41717,1082.305834,449.8835425,6
41721,1116.985558,456.394984,6
41724,1154.362381,470.485284,6
41727,1188.718752,480.489228,6
41731,1210.467541,480.1067346,6
41734,1208.451915,474.9346161,6
41737,1191.828126,473.0579642,6
41741,1175.263702,472.5745855,6
41744,1169.88001,468.231936,6
41747,1172.612216,474.3184156,6
41751,1182.805335,478.7164865,6
41754,1190.962651,476.1633109,6
41757,1197.238314,472.6178772,6
41761,1199.258717,476.7692635,6
41764,1196.034319,475.821535,6
41767,1197.037757,474.9892958,6
41771,1190.285634,471.376258,6
41774,1191.250883,479.6239694,6
41777,1186.26507,481.8904511,6
41781,1186.383028,471.9208114,6
41784,1187.620154,478.2893091,6
41787,1189.472359,479.8997638,6
41791,1185.308555,483.3965579,6
41794,1188.372555,476.2216962,6
41797,1188.106397,480.9517967,6
41801,1188.146444,477.5407309,6
41804,1189.043128,480.4153083,6
41807,1190.356488,480.5364039,6
41811,1192.357013,477.6531164,6
41814,1187.96789,479.7301275,6
41817,1187.828168,477.4518639,6
41821,1190.527437,480.6104901,6
41824,1184.134721,480.6790967,6
41827,1190.29699,473.1444999,6
41831,1187.666157,475.8764844,6
41834,1190.292467,474.2804267,6
41837,1192.062687,476.485944,6
41841,1188.159616,478.6734674,6
41844,1187.933932,480.1295225,6
41847,1185.395374,476.5887691,6
41851,1185.331202,481.589405,6
41854,1187.688153,478.6528467,6
41857,1188.35137,475.5041669,6
41861,1188.533182,479.2736041,6
41864,1189.771282,476.9500991,6
41867,1187.896791,484.1681763,6
41871,1189.797782,484.1961562,6
41874,1189.700538,477.4752106,6
41877,1186.737934,477.2716308,6
41881,1187.603476,473.6362955,6
41884,1190.84701,482.210914,6
41887,1187.889337,486.5051685,6
41891,1189.26925,483.6697973,6
41894,1186.837277,480.5122092,6
41897,1188.97603,484.7707376,6
41901,1188.083545,479.4253254,6
41904,1189.344295,486.3830742,6
41907,1189.222321,479.7796919,6
41911,1189.751797,478.591047,6
41914,1189.509373,479.2914102,6
41917,1187.530981,480.044578,6
41921,1191.134975,480.1728135,6
41924,1188.202306,480.2026244,6
41927,1187.092398,476.8252749,6
41931,1185.565032,479.9867515,6
41934,1191.048204,480.0127903,6
41937,1186.034329,483.0545581,6
41941,1187.243859,484.7025116,6
41944,1190.517848,480.4026996,6
41947,1186.268638,484.7758701,6
41951,1187.163782,481.2822659,6
41954,1187.66891,479.9842536,6
41957,1187.492955,484.3387917,6
41961,1188.065821,479.6305415,6
41964,1187.934491,487.0727065,6
41967,1187.951653,483.0546446,6
41971,1189.024535,481.6341723,6
41974,1187.01369,477.4640803,6
41977,1188.629418,483.4408345,6
41981,1187.735899,481.3782197,6
41984,1186.046349,486.8143365,6
41987,1188.221871,484.0528909,6
41991,1189.683907,481.9902637,6
41994,1188.282023,479.3909193,6
41997,1189.245892,476.4989565,6
42001,1189.175238,474.5110912,6
42004,1190.334226,476.8928656,6
42007,1187.001381,479.8623076,6
42011,1189.246695,482.1954176,6
42014,1186.767243,480.1736788,6
42017,1189.419512,480.2623223,6
42021,1187.905583,479.9685835,6
42024,1185.793452,486.8542073,6
42027,1186.547103,475.1121974,6
42031,1185.341216,483.6423211,6
42034,1188.592051,483.6788855,6
42037,1185.317841,479.0994634,6
42041,1189.582468,481.2465204,6
42044,1188.916696,479.5536278,6
42047,1188.475069,480.641382,6
42051,1184.292955,483.4459393,6
42054,1186.48975,485.7804687,6
42057,1188.596644,486.9083343,6
42061,1184.054283,484.8198824,6
42064,1183.984608,485.1811432,6
42067,1186.601719,482.965369,6
42071,1187.275062,487.3336373,6
42074,1186.186231,486.393758,6
42077,1181.572314,483.6735206,6
42081,1185.403422,485.3113862,6
42084,1186.069938,480.9082945,6
42087,1188.267688,483.6815313,6
42091,1184.487445,483.1065716,6
42094,1185.547786,484.4330305,6
42097,1188.34652,485.5832939,6
42101,1189.233924,490.6966219,6
42104,1186.137388,485.557325,6
42107,1184.934645,490.4465811,6
42111,1184.557468,485.8613288,6
42114,1183.262429,484.8986729,6
42117,1183.589065,481.6382285,6
42121,1187.35097,484.4536463,6
42124,1185.339656,487.7213646,6
42127,1184.638089,485.6389881,6
42131,1184.049578,485.8687838,6
42134,1183.095292,483.9018248,6
42137,1183.828335,484.8799569,6
42141,1182.901708,484.266392,6
42144,1185.592314,483.275024,6
42147,1184.222693,477.0937912,6
42151,1190.07541,481.6754728,6
42154,1179.244592,490.7706819,6
42157,1166.110528,496.5478928,6
42161,1142.143099,509.5926875,6
42164,1129.817181,522.0643834,6
42167,1127.264969,526.7438437,6
42171,1142.784088,524.4349975,6
42174,1158.369288,531.2561881,6
42177,1169.221909,525.6775353,6
42181,1167.778135,524.4859941,6
42184,1160.028155,522.1104069,6
42187,1154.266832,525.5618047,6
42191,1148.894707,517.2699048,6
42194,1148.975254,522.9337956,6
42197,1149.308111,523.4335593,6
42201,1151.412645,527.4401304,6
42204,1151.808164,528.5988918,6
42207,1152.236608,533.2763148,6
42211,1153.268664,525.6178038,6
42214,1149.774378,525.5291379,6
42217,1151.704692,528.3300838,6
42221,1152.359977,525.7877801,6
42224,1151.96889,527.4725296,6
42227,1151.985281,526.0599307,6
42231,1151.277829,524.0546734,6
42234,1151.56575,525.8310817,6
42237,1153.68782,521.4694211,6
42241,1152.917895,518.7142617,6
42244,1150.932947,520.2722957,6
42247,1150.397265,529.8178187,6
42251,1150.335673,519.5630496,6
42254,1151.49929,525.4689433,6
42257,1152.757951,528.1900641,6
42261,1152.486329,529.1781864,6
42264,1152.371848,528.9185008,6
42267,1153.964961,527.6921577,6
42271,1153.333009,527.4143091,6
42274,1151.737506,525.9169982,6
42277,1153.331561,527.3507287,6
42281,1154.527369,528.7890557,6
42284,1153.336715,520.2265601,6
42287,1154.454937,530.6801759,6
42291,1154.334914,527.2757194,6
42294,1153.99367,529.9431442,6
42297,1151.979397,525.2214976,6
42301,1149.973333,526.9892979,6
42304,1150.202218,525.8635051,6
42307,1155.81047,531.5116292,6
42311,1153.692843,527.2581643,6
42314,1152.410202,533.2039757,6
42317,1151.837306,529.2061696,6
42321,1154.013328,523.2488569,6
42324,1148.665138,532.7289679,6
42327,1153.773182,533.4132304,6
42331,1151.060934,533.434765,6
42334,1150.585312,529.0159935,6
42337,1149.943955,533.6648477,6
42341,1150.306679,533.6904738,6
42344,1149.519447,531.8336575,6
42347,1151.255604,529.9865644,6
42351,1147.582156,530.0589457,6
42354,1150.467531,532.4206599,6
42357,1151.526651,527.1483464,6
42361,1150.962118,528.8389957,6
42364,1152.575491,531.5904777,6
42367,1155.245842,526.9250335,6
42371,1151.005149,527.4284231,6
42374,1149.256389,531.0587601,6
42377,1150.741278,531.4099368,6
42381,1149.454567,531.9272686,6
42384,1151.339316,532.8062115,6
42387,1151.199093,527.4601041,6
42391,1151.366285,527.2229721,6
42394,1160.234305,536.5467032,6
42397,1183.385985,534.1198437,6
42401,1217.739352,540.9333846,6
42404,1258.383539,549.4171842,6
42407,1301.333077,558.2337322,6
42411,1339.988265,559.2430489,6
42414,1372.538628,553.2089706,6
42417,1410.247684,553.2247568,6
42421,1447.878112,544.207204,6
42424,1474.695192,547.4973351,6
42427,1505.997696,543.8008705,6
42431,1518.859141,545.7083823,6
42434,NaN,NaN,6
42437,NaN,NaN,6
42441,1513.481526,540.3386473,6
42444,1506.818736,537.8222983,6
42447,1500.840177,542.1777743,6
42451,1502.297159,545.1401616,6
42454,1511.675835,548.1539974,6
42457,1517.237474,544.8177757,6
42461,1523.696485,543.8400817,6
42464,1522.637944,542.6963899,6
42467,1524.42627,541.7438228,6
42471,1520.215862,540.1609617,6
42474,1519.358395,545.8564521,6
42477,1516.555094,545.9836742,6
42481,1512.289816,546.8908606,6
42484,1514.599312,544.3966079,6
42487,1515.258176,541.440624,6
42491,1516.924441,547.7194271,6
42494,1515.575164,542.6632878,6
42497,1517.402247,542.4041144,6
42501,1514.010419,537.6834218,6
42504,1511.367925,539.5605844,6
42507,1514.712754,542.7123312,6
42511,1515.482569,539.9174927,6
42514,1516.431136,534.8075173,6
42517,NaN,NaN,6
42521,NaN,NaN,6
42524,NaN,NaN,6
42527,NaN,NaN,6
42531,NaN,NaN,6
42534,NaN,NaN,6
42537,1516.429577,543.5784236,6
42541,1513.190683,541.9919614,6
42544,NaN,NaN,6
42547,NaN,NaN,6
42551,1513.242564,549.059618,6
42554,1515.968096,545.9545253,6
42557,1516.565633,544.0416223,6
42561,1516.545001,545.3913196,6
42564,1516.245355,544.4515911,6
42567,1516.246796,542.5297372,6
42571,1512.660676,545.1159544,6
42574,1516.230681,546.5334129,6
42577,1515.83787,547.9853125,6
42581,1515.341302,544.6446908,6
42584,1517.015616,543.8850668,6
42587,1517.296543,542.4338767,6
42591,1515.972346,541.668489,6
42594,1516.933397,541.3676632,6
42597,1513.555756,538.8930887,6
42601,NaN,NaN,6
42604,NaN,NaN,6
42607,1516.288281,541.9073685,6
42611,1515.532168,540.9771041,6
42614,1518.818903,544.199553,6
42617,NaN,NaN,6
42621,NaN,NaN,6
42624,NaN,NaN,6
42627,NaN,NaN,6
42631,NaN,NaN,6
42634,NaN,NaN,6
42637,NaN,NaN,6
42641,NaN,NaN,6
42644,NaN,NaN,6
42647,NaN,NaN,6
42651,1516.878565,542.8550611,6
42654,1515.728539,540.1231931,6
42657,NaN,NaN,6
42661,NaN,NaN,6
42664,1516.822416,542.5482641,6
42667,1513.749844,543.839164,6
42671,NaN,NaN,6
42674,NaN,NaN,6
42677,1515.052529,543.1818925,6
42681,1513.634162,546.7832254,6
42684,1513.112504,552.2705251,6
42687,1509.679298,556.4614067,6
42691,1511.373693,556.5266738,6
42694,1506.998938,557.3696594,6
42697,1490.568693,602.2813766,6
42701,1462.788152,653.4185628,6
42704,NaN,NaN,6
42707,NaN,NaN,6
42711,NaN,NaN,6
42714,NaN,NaN,6
42717,NaN,NaN,6
42721,NaN,NaN,6
42724,NaN,NaN,6
42727,NaN,NaN,6
42731,NaN,NaN,6
42734,NaN,NaN,6
42737,NaN,NaN,6
42741,NaN,NaN,6
42744,NaN,NaN,6
42747,NaN,NaN,6
42751,NaN,NaN,6
42754,NaN,NaN,6
42757,NaN,NaN,6
42761,NaN,NaN,6
42764,NaN,NaN,6
42767,NaN,NaN,6
42771,NaN,NaN,6
42774,NaN,NaN,6
42777,NaN,NaN,6
42781,NaN,NaN,6
42784,NaN,NaN,6
42787,NaN,NaN,6
42791,NaN,NaN,6
42794,NaN,NaN,6
42797,NaN,NaN,6
42801,NaN,NaN,6
42804,NaN,NaN,6
42807,NaN,NaN,6
42811,NaN,NaN,6
42814,NaN,NaN,6
42817,NaN,NaN,6
42821,NaN,NaN,6
42824,NaN,NaN,6
42827,NaN,NaN,6
42831,NaN,NaN,6
42834,NaN,NaN,6
42837,NaN,NaN,6
42841,NaN,NaN,6
42844,NaN,NaN,6
42847,NaN,NaN,6
42851,NaN,NaN,6
42854,NaN,NaN,6
42857,NaN,NaN,6
42861,NaN,NaN,6
42864,NaN,NaN,6
42867,NaN,NaN,6
42871,NaN,NaN,6
42874,NaN,NaN,6
42877,NaN,NaN,6
42881,NaN,NaN,6
42884,NaN,NaN,6
42887,NaN,NaN,6
42891,NaN,NaN,6
42894,NaN,NaN,6
42897,NaN,NaN,6
42901,NaN,NaN,6
42904,NaN,NaN,6
42907,NaN,NaN,6
42911,NaN,NaN,6
42914,NaN,NaN,6
42917,NaN,NaN,6
42921,954.2673711,874.5804207,6
42924,NaN,NaN,6
42927,NaN,NaN,6
42931,NaN,NaN,6
42934,NaN,NaN,6
42937,NaN,NaN,6
42941,960.6160342,857.5595277,6
42944,NaN,NaN,6
42947,NaN,NaN,6
42951,NaN,NaN,6
42954,NaN,NaN,6
42957,NaN,NaN,6
42961,NaN,NaN,6
42964,NaN,NaN,6
42967,NaN,NaN,6
42971,NaN,NaN,6
42974,NaN,NaN,6
42977,NaN,NaN,6
42981,NaN,NaN,6
42984,NaN,NaN,6
42987,NaN,NaN,6
42991,NaN,NaN,6
42994,NaN,NaN,6
42997,NaN,NaN,6
43001,NaN,NaN,6
43004,NaN,NaN,6
43007,NaN,NaN,6
43011,NaN,NaN,6
43014,NaN,NaN,6
43017,NaN,NaN,6
43021,NaN,NaN,6
43024,NaN,NaN,6
43027,NaN,NaN,6
43031,NaN,NaN,6
43034,NaN,NaN,6
43037,NaN,NaN,6
43041,NaN,NaN,6
43044,NaN,NaN,6
43047,NaN,NaN,6
43051,NaN,NaN,6
43054,NaN,NaN,6
43057,NaN,NaN,6
43061,NaN,NaN,6
43064,NaN,NaN,6
43067,NaN,NaN,6
43071,NaN,NaN,6
43074,NaN,NaN,6
43077,NaN,NaN,6
43081,NaN,NaN,6
43084,NaN,NaN,6
43087,NaN,NaN,6
43091,NaN,NaN,6
43094,NaN,NaN,6
43097,NaN,NaN,6
43101,NaN,NaN,6
43104,NaN,NaN,6
43107,NaN,NaN,6
43111,NaN,NaN,6
43114,NaN,NaN,6
43117,NaN,NaN,6
43121,NaN,NaN,6
43124,NaN,NaN,6
43127,NaN,NaN,6
43131,NaN,NaN,6
43134,NaN,NaN,6
43137,NaN,NaN,6
43141,NaN,NaN,6
43144,NaN,NaN,6
43147,NaN,NaN,6
43151,NaN,NaN,6
43154,NaN,NaN,6
43157,NaN,NaN,6
43161,NaN,NaN,6
43164,NaN,NaN,6
43167,NaN,NaN,6
43171,NaN,NaN,6
43174,NaN,NaN,6
43177,NaN,NaN,6
43181,NaN,NaN,6
43184,NaN,NaN,6
43187,NaN,NaN,6
43191,NaN,NaN,6
43194,NaN,NaN,6
43197,NaN,NaN,6
43201,NaN,NaN,6
43204,NaN,NaN,6
43207,NaN,NaN,6
43211,NaN,NaN,6
43214,NaN,NaN,6
43217,NaN,NaN,6
43221,NaN,NaN,6
43224,NaN,NaN,6
43227,NaN,NaN,6
43231,NaN,NaN,6
43234,1131.404919,567.9894032,6
43237,NaN,NaN,6
43241,NaN,NaN,6
43244,NaN,NaN,6
43247,NaN,NaN,6
43251,NaN,NaN,6
43254,NaN,NaN,6
43257,1129.76686,568.1418866,6
43261,1127.634321,568.1775445,6
43264,NaN,NaN,6
43267,NaN,NaN,6
43271,1130.053515,567.3267184,6
43274,1126.930381,569.0827031,6
43277,NaN,NaN,6
43281,NaN,NaN,6
43284,1129.009277,568.6860566,6
43287,1131.205664,562.2038488,6
43291,1124.686968,568.4381611,6
43294,NaN,NaN,6
43297,NaN,NaN,6
43301,1126.047852,570.4689188,6
43304,1129.561645,568.4412239,6
43307,NaN,NaN,6
43311,NaN,NaN,6
43314,1125.89972,571.8047788,6
43317,1128.156124,568.2657741,6
43321,1127.648202,570.4294699,6
43324,1127.466513,567.6693656,6
43327,1127.245227,574.717399,6
43331,1130.191988,569.3694124,6
43334,NaN,NaN,6
43337,NaN,NaN,6
43341,1171.066256,563.900122,6
43344,1220.884258,558.0984418,6
43347,NaN,NaN,6
43351,NaN,NaN,6
43354,1367.550066,539.5812449,6
43357,1409.457753,530.9753601,6
43361,1447.513207,528.3293852,6
43364,NaN,NaN,6
43367,NaN,NaN,6
43371,1516.310914,517.833516,6
43374,1533.089084,506.1439797,6
43377,1535.315121,501.7323774,6
43381,1529.395956,504.2092058,6
43384,1516.919233,505.9773661,6
43387,1512.616919,509.049845,6
43391,1513.180358,512.5823116,6
43394,1519.264525,510.3351247,6
43397,1529.264826,503.1896595,6
43401,1533.61513,504.6483006,6
43404,NaN,NaN,6
43407,NaN,NaN,6
43411,1530.627518,500.9167253,6
43414,NaN,NaN,6
43417,NaN,NaN,6
43421,NaN,NaN,6
43424,NaN,NaN,6
43427,1523.951607,504.6814879,6
43431,1525.487744,506.9969463,6
43434,NaN,NaN,6
43437,NaN,NaN,6
43441,NaN,NaN,6
43444,NaN,NaN,6
43447,NaN,NaN,6
43451,NaN,NaN,6
43454,1524.654656,507.65055,6
43457,1523.530815,512.1195427,6
43461,1520.287435,512.0501583,6
43464,1522.983606,511.3084758,6
43467,1521.675144,513.2954578,6
43471,1525.54989,510.9289689,6
43474,1523.083855,515.2984836,6
43477,1524.396319,513.0855085,6
43481,1525.739892,512.3023748,6
43484,1523.607272,510.271506,6
43487,1521.199784,513.8123052,6
43491,1524.136561,508.3687745,6
43494,1522.595262,508.0949839,6
43497,NaN,NaN,6
43501,NaN,NaN,6
43504,NaN,NaN,6
43507,NaN,NaN,6
43511,NaN,NaN,6
43514,NaN,NaN,6
43517,NaN,NaN,6
43521,NaN,NaN,6
43524,NaN,NaN,6
43527,NaN,NaN,6
43531,NaN,NaN,6
43534,NaN,NaN,6
43537,NaN,NaN,6
43541,NaN,NaN,6
43544,NaN,NaN,6
43547,NaN,NaN,6
43551,1527.08242,511.8481727,6
43554,1524.478733,512.4154818,6
43557,1524.195096,514.9286084,6
43561,1527.390605,516.5586043,6
43564,1523.643316,513.3473144,6
43567,1523.11763,512.6725159,6
43571,1522.559699,512.8761387,6
43574,1521.294356,514.7418219,6
43577,1522.406797,510.9363904,6
43581,1523.793514,516.5694397,6
43584,1522.28323,514.2681604,6
43587,NaN,NaN,6
43591,NaN,NaN,6
43594,1519.708402,512.6219533,6
43597,1521.477871,514.379158,6
43601,NaN,NaN,6
43604,NaN,NaN,6
43607,NaN,NaN,6
43611,NaN,NaN,6
43614,NaN,NaN,6
43617,NaN,NaN,6
43621,NaN,NaN,6
43624,NaN,NaN,6
43627,NaN,NaN,6
43631,NaN,NaN,6
43634,NaN,NaN,6
43637,NaN,NaN,6
43641,1518.602787,512.4333406,6
43644,1518.153701,516.2125656,6
43647,1516.487808,513.6191681,6
43651,1515.710306,510.5449678,6
43654,1519.844243,516.736498,6
43657,NaN,NaN,6
43661,NaN,NaN,6
43664,1518.231716,514.7569872,6
43667,1518.138042,512.705311,6
43670,1519.864114,514.8406665,6
43674,1516.439068,517.6547899,6
43677,1517.82089,513.2454887,6
43681,1518.010724,515.7468592,6
43684,1515.987694,514.0644422,6
43687,NaN,NaN,6
43691,NaN,NaN,6
43694,1518.847793,519.0658874,6
43697,1493.567273,516.3048264,6
43701,NaN,NaN,6
43704,NaN,NaN,6
43707,NaN,NaN,6
43711,NaN,NaN,6
43714,NaN,NaN,6
43717,NaN,NaN,6
43721,1160.204747,509.6627347,6
43724,1113.393755,501.386938,6
43727,1070.677972,502.9311314,6
43730,1027.302749,503.1741835,6
43734,983.9245634,513.1052252,6
43737,947.7957105,521.9012288,6
43740,916.4997201,516.3692098,6
43744,906.4459402,514.1191015,6
43747,913.2212564,516.2722894,6
43751,924.4600587,529.0088394,6
43754,934.6463638,534.2885673,6
43757,930.589823,522.2766548,6
43760,927.5067577,521.0596926,6
43764,917.0827653,551.4877353,6
43767,NaN,NaN,6
43771,NaN,NaN,6
43774,NaN,NaN,6
43777,NaN,NaN,6
43781,NaN,NaN,6
43784,NaN,NaN,6
43787,NaN,NaN,6
43791,NaN,NaN,6
43794,NaN,NaN,6
43797,NaN,NaN,6
43800,NaN,NaN,6
43804,NaN,NaN,6
43807,NaN,NaN,6
43811,NaN,NaN,6
43814,NaN,NaN,6
43817,NaN,NaN,6
43821,NaN,NaN,6
43824,NaN,NaN,6
43827,NaN,NaN,6
43830,NaN,NaN,6
43834,NaN,NaN,6
43837,NaN,NaN,6
43840,NaN,NaN,6
43844,NaN,NaN,6
43847,NaN,NaN,6
43851,NaN,NaN,6
43854,NaN,NaN,6
43857,NaN,NaN,6
43860,NaN,NaN,6
43864,NaN,NaN,6
43867,NaN,NaN,6
43870,NaN,NaN,6
43874,NaN,NaN,6
43877,NaN,NaN,6
43880,NaN,NaN,6
43884,NaN,NaN,6
43887,NaN,NaN,6
43890,NaN,NaN,6
43894,NaN,NaN,6
43897,NaN,NaN,6
43900,NaN,NaN,6
43904,NaN,NaN,6
43907,NaN,NaN,6
43911,1665.970636,647.7914568,6
43914,NaN,NaN,6
43917,NaN,NaN,6
43921,1653.642121,598.7520506,6
43924,1648.472596,588.8618118,6
43927,1643.79702,577.5662062,6
43930,1639.100918,576.6063665,6
43934,1638.624257,582.3801008,6
43937,1638.953473,584.7695601,6
43940,1647.609371,558.4560522,6
43944,1646.588964,570.9377725,6
43947,1648.643627,568.8317308,6
43951,1676.140104,565.7043607,6
43954,1669.844862,563.2931324,6
43957,1646.845302,569.0093785,6
43960,1625.687155,562.6190904,6
43964,NaN,NaN,6
43967,NaN,NaN,6
43970,NaN,NaN,6
43974,NaN,NaN,6
43977,1624.777961,558.6505214,6
43981,1627.961681,554.9270066,6
43984,NaN,NaN,6
43987,NaN,NaN,6
43990,1624.835502,553.0625546,6
43994,1625.587119,556.7381951,6
43997,NaN,NaN,6
44000,NaN,NaN,6
44004,NaN,NaN,6
44007,NaN,NaN,6
44010,NaN,NaN,6
44014,NaN,NaN,6
44017,1621.780169,555.4655057,6
44021,1623.964185,553.3714815,6
44024,NaN,NaN,6
44027,NaN,NaN,6
44030,1624.125204,553.681431,6
44034,1625.485798,560.1674113,6
44037,NaN,NaN,6
44040,NaN,NaN,6
44044,NaN,NaN,6
44047,NaN,NaN,6
44051,1621.809171,554.8995322,6
44054,NaN,NaN,6
44057,NaN,NaN,6
44060,1624.995834,557.3712953,6
44064,1622.173946,554.2167057,6
44067,1622.693944,556.6693825,6
44070,1623.772919,552.7309364,6
44074,1624.547133,557.6938882,6
44077,1625.698788,555.0604373,6
44080,1625.079765,556.7426601,6
44084,1625.025537,556.801722,6
44087,NaN,NaN,6
44090,NaN,NaN,6
44094,NaN,NaN,6
44097,NaN,NaN,6
44100,1622.644614,558.2821354,6
44104,1621.687618,556.2174234,6
44107,1627.164727,555.7331543,6
44110,NaN,NaN,6
44114,NaN,NaN,6
44117,1619.278968,554.83471,6
44120,1621.469338,554.9645604,6
44124,NaN,NaN,6
44127,NaN,NaN,6
44130,1622.324372,558.4601272,6
44134,1624.272366,555.888087,6
44137,NaN,NaN,6
44140,NaN,NaN,6
44144,1626.297089,554.5464758,6
44147,1624.522886,553.8151146,6
44150,1622.223264,554.4848137,6
44154,NaN,NaN,6
44157,NaN,NaN,6
44160,1543.008703,547.1286965,6
44164,NaN,NaN,6
44167,NaN,NaN,6
44170,1414.297818,532.2822764,6
44174,1376.673535,525.002982,6
44177,1343.570726,522.808248,6
44180,NaN,NaN,6
44184,NaN,NaN,6
44187,NaN,NaN,6
44190,NaN,NaN,6
44194,1174.418855,498.9378606,6
44197,1157.75704,493.7432807,6
44200,1135.748093,491.4020427,6
44204,1111.583412,487.1288721,6
44207,1098.700983,490.9053335,6
44210,1089.798872,495.1386489,6
44214,1097.36482,494.2347463,6
44217,1110.074802,493.2944729,6
44220,NaN,NaN,6
44224,NaN,NaN,6
44227,NaN,NaN,6
44230,NaN,NaN,6
44234,1088.970062,506.5180804,6
44237,1092.676975,491.8919211,6
44240,1089.988617,497.9588618,6
44244,1091.350672,509.0458436,6
44247,1090.459818,522.6752097,6
44250,1088.040435,532.5362634,6
44254,1091.057863,536.5404004,6
44257,1093.198325,533.8868456,6
44260,1087.463476,528.5899716,6
44264,1094.776698,518.062228,6
44267,1091.72882,510.8477719,6
44270,1087.890871,503.5924252,6
44274,1089.086794,502.5395766,6
44277,1086.679807,497.3950142,6
44280,1084.978114,492.1225037,6
44284,1089.313653,493.9016109,6
44287,1087.849921,497.135372,6
44290,1089.223134,494.8638029,6
44294,1087.663102,490.2561807,6
44297,1089.359669,497.557526,6
44300,1084.32525,497.1513278,6
44304,1085.661181,504.5332928,6
44307,1086.954426,508.4515826,6
44310,1091.116628,504.8771474,6
44314,1094.191933,496.4203501,6
44317,1088.848857,498.6030086,6
44320,1089.189557,495.0274717,6
44324,1088.496989,497.9011262,6
44327,1086.813093,492.4201583,6
44330,1090.96429,490.0917315,6
44334,1086.909353,491.6148946,6
44337,1088.295516,496.8720344,6
44340,1090.658896,494.9291483,6
44344,1090.125173,491.0397875,6
44347,1090.558564,489.2032898,6
44350,1091.413556,490.7328208,6
44354,1091.676186,489.5624833,6
44357,1087.899856,488.7035977,6
44360,1087.882007,488.7257978,6
44364,1090.422202,492.0615241,6
44367,1092.687116,491.0351672,6
44370,1091.010919,489.160348,6
44374,1091.164375,488.9023228,6
44377,1088.319851,490.0975768,6
44380,1092.175261,495.8872817,6
44384,1090.13854,490.7914271,6
44387,1092.36043,491.1589485,6
44390,1090.588685,490.2183114,6
44394,1090.539447,488.0349912,6
44397,1092.709054,488.7069598,6
44400,1091.809281,487.621331,6
44404,1088.232323,486.6335768,6
44407,1093.797113,484.6416511,6
44410,1090.056788,489.2434571,6
44414,1091.599069,487.6170705,6
44417,1090.053945,485.1208765,6
44420,1087.902477,486.3304526,6
44424,1091.453771,488.4391824,6
44427,1086.533099,492.3873672,6
44430,1088.040802,488.6903839,6
44434,1090.504508,489.8927883,6
44437,1085.979596,489.0240558,6
44440,1091.678474,489.4913244,6
44444,1089.46974,486.5334077,6
44447,1090.296683,491.0527231,6
44450,1091.484823,491.8098939,6
44454,1091.043084,490.3762311,6
44457,1090.961149,490.7430667,6
44460,1088.66928,492.9965855,6
44464,1089.804332,489.5893712,6
44467,1091.022637,488.4776048,6
44470,1089.633498,485.6480713,6
44474,1087.832993,492.3460832,6
44477,1090.762449,488.3331565,6
44480,1089.952984,490.3323653,6
44484,1091.598738,488.0681085,6
44487,1090.54107,500.6884445,6
44490,1087.480008,504.0462307,6
44494,1077.203091,492.3865679,6
44497,1059.634715,519.9013851,6
44500,NaN,NaN,6
44504,NaN,NaN,6
44507,NaN,NaN,6
44510,NaN,NaN,6
44514,NaN,NaN,6
44517,NaN,NaN,6
44520,NaN,NaN,6
44524,NaN,NaN,6
44527,NaN,NaN,6
44530,NaN,NaN,6
44534,NaN,NaN,6
44537,NaN,NaN,6
44540,NaN,NaN,6
44544,NaN,NaN,6
44547,NaN,NaN,6
44550,NaN,NaN,6
44554,NaN,NaN,6
44557,NaN,NaN,6
44560,NaN,NaN,6
44564,NaN,NaN,6
44567,NaN,NaN,6
44570,NaN,NaN,6
44574,NaN,NaN,6
44577,NaN,NaN,6
44580,NaN,NaN,6
44584,NaN,NaN,6
44587,NaN,NaN,6
44590,NaN,NaN,6
44594,NaN,NaN,6
44597,NaN,NaN,6
44600,NaN,NaN,6
44604,NaN,NaN,6
44607,NaN,NaN,6
44610,NaN,NaN,6
44614,NaN,NaN,6
44617,NaN,NaN,6
44620,NaN,NaN,6
44624,NaN,NaN,6
44627,NaN,NaN,6
44630,NaN,NaN,6
44634,NaN,NaN,6
44637,NaN,NaN,6
44640,NaN,NaN,6
44644,NaN,NaN,6
44647,NaN,NaN,6
44650,NaN,NaN,6
44654,NaN,NaN,6
44657,NaN,NaN,6
44660,NaN,NaN,6
44664,NaN,NaN,6
44667,NaN,NaN,6
44670,NaN,NaN,6
44674,NaN,NaN,6
44677,NaN,NaN,6
44680,NaN,NaN,6
44684,NaN,NaN,6
44687,NaN,NaN,6
44690,NaN,NaN,6
44694,NaN,NaN,6
44697,NaN,NaN,6
44700,NaN,NaN,6
44704,NaN,NaN,6
44707,NaN,NaN,6
44710,NaN,NaN,6
44714,NaN,NaN,6
44717,NaN,NaN,6
44720,NaN,NaN,6
44724,NaN,NaN,6
44727,NaN,NaN,6
44730,NaN,NaN,6
44734,NaN,NaN,6
44737,NaN,NaN,6
44740,402.9856485,466.0635849,6
44744,404.7932163,469.9092597,6
44747,NaN,NaN,6
44750,NaN,NaN,6
44754,NaN,NaN,6
44757,419.8677251,512.4715464,6
44760,427.6962513,500.6029557,6
44764,434.41442,516.5093279,6
44767,NaN,NaN,6
44770,NaN,NaN,6
44774,NaN,NaN,6
44777,NaN,NaN,6
44780,NaN,NaN,6
44784,NaN,NaN,6
44787,NaN,NaN,6
44790,NaN,NaN,6
44794,435.0935541,507.9242873,6
44797,435.9931834,509.2054755,6
44800,NaN,NaN,6
44804,NaN,NaN,6
44807,432.4616999,510.097985,6
44810,431.470037,510.3499801,6
44814,NaN,NaN,6
44817,NaN,NaN,6
44820,431.1237198,508.4932478,6
44824,NaN,NaN,6
44827,NaN,NaN,6
44830,NaN,NaN,6
44834,NaN,NaN,6
44837,436.0219175,507.4148211,6
44840,431.1339817,505.4795539,6
44844,NaN,NaN,6
44847,NaN,NaN,6
44850,NaN,NaN,6
44854,NaN,NaN,6
44857,NaN,NaN,6
44860,NaN,NaN,6
44864,433.8416952,503.947718,6
44867,433.1552511,505.2100022,6
44870,NaN,NaN,6
44874,NaN,NaN,6
44877,NaN,NaN,6
44880,NaN,NaN,6
44884,NaN,NaN,6
44887,NaN,NaN,6
44890,433.7541788,506.9989707,6
44894,NaN,NaN,6
44897,NaN,NaN,6
44900,NaN,NaN,6
44904,NaN,NaN,6
44907,431.2287185,507.6362312,6
44910,NaN,NaN,6
44914,NaN,NaN,6
44917,NaN,NaN,6
44920,NaN,NaN,6
44924,437.4563287,506.5225222,6
44927,NaN,NaN,6
44930,NaN,NaN,6
44934,437.340786,507.2671363,6
44937,436.5832557,503.1412497,6
44940,433.9930429,505.6598649,6
44944,438.8239004,503.1793033,6
44947,438.8386662,504.7858885,6
44950,436.9589539,506.139769,6
44954,432.283765,504.7611956,6
44957,NaN,NaN,6
44960,NaN,NaN,6
44964,NaN,NaN,6
44967,NaN,NaN,6
44970,NaN,NaN,6
44974,NaN,NaN,6
44977,360.4135129,461.4833151,6
44980,362.9222162,453.2872553,6
44984,NaN,NaN,6
44987,NaN,NaN,6
44990,374.434137,463.8642946,6
44994,370.3818248,462.9895829,6
44997,365.3149969,462.481873,6
45000,363.7832872,454.8370782,6
45004,363.2163393,457.9531206,6
45007,364.0351569,454.3458988,6
45010,365.0853582,453.9050131,6
45014,366.6418483,452.5468014,6
45017,365.1839142,443.8487331,6
45020,369.1273346,437.3535671,6
45024,367.0302047,438.8146727,6
45027,NaN,NaN,6
45030,NaN,NaN,6
45034,370.9171759,443.862141,6
45037,364.7415884,445.2102414,6
45040,NaN,NaN,6
45044,NaN,NaN,6
45047,368.4719822,446.1035497,6
45050,370.9716858,438.9710866,6
45054,NaN,NaN,6
45057,NaN,NaN,6
45060,368.9944835,442.0477636,6
45064,371.966148,442.1048409,6
45067,366.7786631,447.6816675,6
45070,372.5181978,440.8638611,6
45074,371.5822852,442.288149,6
45077,371.6789595,446.7530642,6
45080,370.5059461,446.623582,6
45084,373.6060834,443.7783983,6
45087,369.2410897,446.3418802,6
45090,371.1042248,446.0411275,6
45094,374.369517,444.973832,6
45097,366.2158793,448.0694777,6
45100,372.2153088,442.4715062,6
45104,372.5087459,443.3510045,6
45107,370.0931703,446.620644,6
45110,NaN,NaN,6
45114,NaN,NaN,6
45117,369.8775165,447.8627779,6
45120,370.122495,448.3083756,6
45124,372.378298,447.1566061,6
45127,369.8138516,447.6229606,6
45130,371.5585625,448.1670816,6
45134,375.227162,450.8341316,6
45137,372.4082752,448.2756411,6
45140,372.9989614,446.9099873,6
45144,374.2482642,446.3387726,6
45147,377.6878375,441.5836007,6
45150,371.9823578,446.2457673,6
45154,372.8796089,449.2505753,6
45157,374.7572245,445.3154119,6
45160,377.1524562,451.2281986,6
45164,374.4686734,448.9247326,6
45167,378.6748406,448.0918471,6
45170,377.9635955,445.2232933,6
45174,374.6664009,454.256843,6
45177,374.0037593,449.5457194,6
45180,376.9837914,449.4955303,6
45184,373.0971693,449.6666452,6
45187,373.7050165,448.1199744,6
45190,371.1985664,454.3611852,6
45194,378.8051782,451.5957681,6
45197,375.6183399,445.9566423,6
45200,378.8174468,447.6660686,6
45204,377.0766283,447.7101518,6
45207,373.9200217,447.9358402,6
45210,375.8451527,451.0184776,6
45214,376.1109772,447.6427711,6
45217,374.2126259,447.614377,6
45220,377.9144382,443.3686741,6
45224,375.5045233,447.9381858,6
45227,377.7855155,445.9294815,6
45230,380.181452,446.8135471,6
45234,378.5900592,450.0560362,6
45237,378.8327645,449.6374325,6
45240,378.2164338,447.4175572,6
45244,372.3172789,446.9772424,6
45247,376.2626368,447.4452739,6
45250,379.0032583,448.4570185,6
45254,380.9250023,448.3030227,6
45257,379.113345,449.4135049,6
45260,376.834762,448.7789805,6
45264,379.68883,444.2602029,6
45267,376.4344263,441.2485311,6
45270,379.8552208,447.9621859,6
45274,379.5399976,446.9607188,6
45277,377.8123041,449.4840262,6
45280,380.2443138,449.322946,6
45284,380.2897019,445.278271,6
45287,380.0266655,444.4698597,6
45290,381.0098395,444.9630837,6
45294,380.4126799,444.5040751,6
45297,377.5853078,447.447525,6
45300,377.2283111,447.0380769,6
45304,378.3659484,447.2522375,6
45307,378.8090116,450.0859438,6
45310,382.247178,445.4135989,6
45314,380.06982,447.7925631,6
45317,377.1448324,446.5282016,6
45320,381.9920374,452.9351205,6
45324,379.4965294,448.4176212,6
45327,379.8166146,446.7908113,6
45330,379.5314311,448.3553983,6
45334,380.2080385,449.7812067,6
45337,378.08988,449.5598357,6
45340,377.619191,451.9117974,6
45344,376.7538285,447.7715973,6
45347,382.3041851,445.3004061,6
45350,381.99206,441.6716335,6
45354,377.9811483,450.6381745,6
45357,382.1049802,447.5083249,6
45360,378.959144,444.6467821,6
45364,377.9992625,449.1578302,6
45367,374.5577752,449.773261,6
45370,381.0807181,447.9490031,6
45374,381.2768356,452.1564453,6
45377,NaN,NaN,6
45380,NaN,NaN,6
45384,379.2624463,445.1383676,6
45387,376.1898438,450.7254874,6
45390,381.3550657,449.6211059,6
45394,375.327902,450.2919649,6
45397,379.3605143,449.5985654,6
45400,380.980135,448.2287399,6
45404,376.6750816,449.8727494,6
45407,375.8458162,453.3235666,6
45410,380.9786918,452.1372518,6
45414,375.0322001,447.2500132,6
45417,378.0895049,448.9794446,6
45420,377.1262815,445.5022783,6
45424,380.1439916,448.8780113,6
45427,376.5643843,449.3610528,6
45430,379.3207473,447.0843878,6
45434,380.3779232,446.4914338,6
45437,NaN,NaN,6
45440,NaN,NaN,6
45444,377.9932596,447.7476502,6
45447,382.6637515,447.4651433,6
45450,381.828461,445.701211,6
45454,375.5011448,448.6708062,6
45457,376.4805726,452.9921903,6
45460,378.934554,449.1350092,6
45464,382.761361,446.4882797,6
45467,376.0271659,446.1853388,6
45470,377.28454,448.474582,6
45474,380.3987319,446.8415131,6
45477,374.4022038,449.3867137,6
45480,378.2746903,450.0065558,6
45484,378.233185,449.97603,6
45487,377.1480896,450.996873,6
45490,379.4930461,451.1340719,6
45494,381.94247,448.9116232,6
45497,377.6455326,450.8854046,6
45500,380.483121,446.9571256,6
45504,376.4172721,447.7123234,6
45507,380.2777643,447.8565164,6
45510,379.1577507,448.5260921,6
45514,382.0931662,446.4915372,6
45517,380.2544642,450.5944993,6
45520,378.474851,447.4977017,6
45524,378.7458095,450.6603633,6
45527,380.0683734,448.2871433,6
45530,378.1144261,448.4575845,6
45534,375.5684767,448.986461,6
45537,375.6544666,457.0851363,6
45540,374.4923062,450.1039893,6
45544,379.3174453,455.6628825,6
45547,377.5019902,453.4173592,6
45550,376.9763356,448.3488593,6
45554,378.3568154,445.4808764,6
45557,376.8640971,450.3914421,6
45560,376.883316,448.8160864,6
45564,377.9260373,450.9953436,6
45567,377.8272212,451.5787693,6
45570,375.7180039,447.7497216,6
45574,378.2312858,446.1460251,6
45577,378.2732885,450.6595158,6
45580,379.4433512,451.6074895,6
45584,375.3657297,453.9895406,6
45587,379.9693409,454.0336732,6
45590,380.8789209,446.4113625,6
45594,377.4582184,452.5047512,6
45597,375.6366988,452.5221582,6
45600,376.8491527,455.4601366,6
45604,379.7118878,452.5731753,6
45607,376.6931322,453.2247593,6
45610,377.7422727,453.4734045,6
45614,378.1725127,454.8245997,6
45617,378.6469726,446.4462308,6
45620,376.4546781,457.5939811,6
45624,377.5973533,455.1079715,6
45627,380.9941067,451.6073607,6
45630,378.560974,453.0154972,6
45634,377.5452119,449.329321,6
45637,377.5194875,452.8430748,6
45640,380.4414197,454.8863637,6
45644,382.4380418,452.5515076,6
45647,377.4806158,450.8300819,6
45650,379.4236441,453.8357995,6
45654,380.433474,458.0467322,6
45657,378.1508091,454.9804234,6
45660,378.0371334,454.9449493,6
45664,376.8901158,454.4660259,6
45667,378.7086954,455.4938687,6
45670,381.1833585,453.1658166,6
45674,377.5296785,454.2474624,6
45677,380.1438717,453.1501869,6
45680,379.039469,452.9617708,6
45684,376.6172831,454.4001629,6
45687,380.6775952,454.9173618,6
45690,381.4813659,449.4457405,6
45694,378.1368891,452.9869051,6
45697,379.4567185,454.3986501,6
45700,381.4641884,457.8946075,6
45704,375.4577011,456.6669441,6
45707,379.8143802,456.3764779,6
45710,378.378142,456.6715846,6
45714,378.2364176,455.001187,6
45717,379.0753763,453.9025818,6
45720,379.1601596,454.7880423,6
45724,378.6217703,453.8301151,6
45727,379.5767495,455.9667107,6
45730,378.5400236,457.914257,6
45734,376.8488563,456.591854,6
45737,377.28067,455.7817875,6
45740,379.6035204,449.4119623,6
45744,379.3847116,455.8021223,6
45747,377.6925384,453.167838,6
45750,379.2437209,456.9968314,6
45754,377.2492407,459.3642197,6
45757,379.3477566,455.6235041,6
45760,379.1450158,456.5316158,6
45764,380.9688861,455.5612277,6
45767,378.4848898,452.4783562,6
45770,379.221344,452.3779059,6
45774,378.1829155,452.5697039,6
45777,378.8516534,451.5528326,6
45780,380.0953733,456.0170832,6
45784,378.817351,451.4420086,6
45787,379.023664,454.0186494,6
45790,378.4952498,454.3339677,6
45794,376.9528966,454.8207788,6
45797,377.3961088,454.8706201,6
45800,378.0316457,457.4635561,6
45804,378.7111707,453.7473065,6
45807,379.2887365,454.2711222,6
45810,374.2911759,451.7158233,6
45814,374.7804611,453.1718116,6
45817,377.4287604,453.262434,6
45820,378.6911622,456.5769419,6
45824,376.826509,453.1862667,6
45827,377.6957699,450.5699892,6
45830,376.9189736,456.4762175,6
45834,375.0723674,456.6960831,6
45837,377.2638522,455.8351229,6
45840,375.8507675,455.8549244,6
45844,381.5409247,449.7480083,6
45847,383.7384554,446.375232,6
45850,385.2175562,451.4137094,6
45854,383.9374286,442.87532,6
45857,382.9694686,446.7131572,6
45860,381.5904031,446.4789489,6
45864,382.6763317,447.7452588,6
45867,380.7626215,444.5142717,6
45870,385.2488991,443.2025923,6
45874,378.8265545,448.9687659,6
45877,384.7779917,444.6934027,6
45880,380.9020446,444.3734244,6
45884,386.3375397,443.908071,6
45887,382.8483449,446.6065676,6
45890,380.0451708,446.5410178,6
45894,378.1373637,448.5219376,6
45897,382.0901883,447.1881712,6
45900,379.4289485,446.3821853,6
45904,379.9706855,444.0090729,6
45907,380.9606469,441.5680269,6
45910,377.1550285,448.7557752,6
45914,382.737461,445.9275427,6
45917,404.9441323,448.443005,6
45920,438.1288743,457.4711241,6
45924,488.223159,455.7191729,6
45927,535.9976653,452.2313945,6
45930,NaN,NaN,6
45934,NaN,NaN,6
45937,NaN,NaN,6
45940,NaN,NaN,6
45944,NaN,NaN,6
45947,733.8701974,455.6399631,6
45950,761.9773877,457.1344494,6
45954,784.8624748,449.6123674,6
45957,787.7423874,453.7038803,6
45960,779.3594306,461.3061762,6
45964,763.3442674,462.2189601,6
45967,751.8325975,465.1660261,6
45970,753.2840863,464.9895257,6
45974,758.4086194,461.6483708,6
45977,768.6481961,462.4842072,6
45980,773.4785885,459.7407245,6
45984,778.5179255,460.1199271,6
45987,772.8371256,464.5273334,6
45990,774.9476989,462.6770395,6
45994,772.0562868,468.2080946,6
45997,768.6037815,465.6149173,6
46000,770.3562205,468.0113782,6
46004,769.8835514,466.6875275,6
46007,768.0609168,467.6035918,6
46010,770.9146781,467.8165104,6
46014,767.7883336,467.9126733,6
46017,766.3800752,469.1620472,6
46020,769.2209824,466.5802944,6
46024,766.68649,466.4785089,6
46027,771.1750015,464.2777804,6
46030,769.2005879,466.9368895,6
46034,767.9985515,466.3920073,6
46037,767.1850942,467.4988427,6
46040,769.6392482,467.9162394,6
46043,768.8235469,467.0716877,6
46047,771.93086,469.3197514,6
46050,769.7646628,467.4222514,6
46054,766.3680896,468.7101855,6
46057,769.1282244,469.3776482,6
46060,766.237776,467.4514895,6
46064,768.5561154,468.544499,6
46067,769.5089765,464.1057801,6
46070,769.1824194,468.8231686,6
46074,770.5835256,461.9084608,6
46077,767.4092804,468.8294839,6
46080,773.5720284,465.1585714,6
46083,772.0120471,466.6803984,6
46087,770.0283132,469.3316017,6
46090,769.8371654,468.2704349,6
46094,766.6840007,464.5371878,6
46097,770.5840785,468.1627134,6
46100,770.2295313,469.8896534,6
46104,769.3813894,468.0825833,6
46107,764.6973459,467.0973107,6
46110,768.9353624,470.1430374,6
46113,768.9699553,470.3123898,6
46117,770.5411054,471.2237924,6
46120,767.7390545,468.6099316,6
46123,767.2827156,469.7529152,6
46127,771.5024675,473.4951639,6
46130,768.3968993,469.7262906,6
46134,767.9388436,466.0342413,6
46137,768.2213997,467.3077617,6
46140,771.0232964,464.9737307,6
46143,768.880017,466.7922938,6
46147,769.1551374,468.8326536,6
46150,767.0670827,467.599818,6
46153,768.278806,469.1517953,6
46157,769.6038264,462.7199912,6
46160,769.9941622,468.2262374,6
46164,767.5030981,466.2902485,6
46167,768.3367187,465.1619803,6
46170,766.9055562,466.9986808,6
46174,769.8895822,469.7396238,6
46177,768.1324865,469.2433486,6
46180,766.4958641,465.421122,6
46183,768.7128603,469.3480247,6
46187,768.9304242,459.3596286,6
46190,768.6677558,464.565944,6
46194,770.4270855,461.8448667,6
46197,769.4244195,461.8301395,6
46200,771.3722368,460.1186269,6
46204,770.5248735,466.463303,6
46207,769.2994296,464.8788623,6
46210,769.7304268,464.9791755,6
46213,769.3565581,465.1065494,6
46217,766.3672071,465.6024779,6
46220,768.7521429,461.0436824,6
46223,765.5540618,464.1468899,6
46227,771.5893221,460.022872,6
46230,768.8922819,463.6198715,6
46234,768.2453068,464.2612147,6
46237,767.3636529,463.7514732,6
46240,770.7044576,461.7725753,6
46243,768.1943012,459.9661075,6
46247,768.7109236,466.659271,6
46250,771.5878406,465.8990206,6
46253,767.7504902,463.6354877,6
46257,770.5691766,462.0535437,6
46260,765.2083276,468.8187215,6
46264,763.5732621,464.4078808,6
46267,771.1623256,475.0759069,6
46270,780.4644753,485.075571,6
46273,792.9143445,493.4058551,6
46277,802.567165,510.0136259,6
46280,804.3659413,520.4119151,6
46283,796.6274676,529.1286843,6
46287,786.6843858,540.9548637,6
46290,780.7515108,533.4415446,6
46293,779.4818984,529.5641079,6
46297,782.6207538,520.5222841,6
46300,783.4708617,525.0379954,6
46304,784.3679374,521.5174931,6
46307,790.0973815,531.4586479,6
46310,790.8474142,531.1821695,6
46313,791.1163143,534.3065085,6
46317,787.9704994,532.6095954,6
46320,788.0922482,530.8165547,6
46323,786.9149318,529.078285,6
46327,788.5990592,536.7372494,6
46330,786.3994706,534.6873073,6
46334,784.8213483,535.4893711,6
46337,786.4444947,531.1914724,6
46340,789.0584117,533.0635595,6
46343,785.8598059,535.3970884,6
46347,787.1626163,532.7019602,6
46350,788.1042469,529.1940038,6
46353,785.8845546,534.406424,6
46357,786.3886538,536.3483528,6
46360,786.3658631,536.7991192,6
46363,786.6404877,540.144784,6
46367,783.0925165,527.6513307,6
46370,782.9298551,539.3929593,6
46373,785.0332746,542.1347853,6
46377,782.9583562,539.2263772,6
46380,782.9195186,534.2202673,6
46383,794.0670333,529.5352074,6
46387,827.8125139,539.5231106,6
46390,872.510049,536.5872084,6
46393,926.4215389,537.9426717,6
46397,981.82844,538.7184135,6
46400,1022.372144,528.972012,6
46404,1061.196779,525.5278872,6
46407,1093.48415,523.9819934,6
46410,1124.149883,513.8870334,6
46413,1155.145962,514.0296723,6
46417,1183.304437,517.1051706,6
46420,NaN,NaN,6
46423,NaN,NaN,6
46427,1185.392831,517.7490529,6
46430,1173.50974,517.1434987,6
46433,1172.786053,520.0478347,6
46437,1171.911696,518.7022552,6
46440,1178.057276,522.5241728,6
46443,1188.387909,525.3816247,6
46447,1195.220197,519.426145,6
46450,1196.664733,525.6029285,6
46453,1194.132194,524.0893724,6
46457,1193.479086,526.8361552,6
46460,1189.155142,525.4888851,6
46463,1186.065902,519.9228309,6
46467,1187.074695,525.6429168,6
46470,1187.62892,523.7334772,6
46473,1184.658962,525.1976312,6
46477,NaN,NaN,6
46480,NaN,NaN,6
46483,NaN,NaN,6
46487,NaN,NaN,6
46490,NaN,NaN,6
46493,NaN,NaN,6
46497,1186.715193,525.4435297,6
46500,1186.504388,529.3486928,6
46503,1187.039851,529.9895372,6
46507,1186.330145,524.9657432,6
46510,1186.130301,525.032627,6
46513,1186.65496,523.7433052,6
46517,1185.423872,529.6005378,6
46520,1186.398957,527.2491182,6
46523,1187.741836,524.8585957,6
46527,1185.726746,527.4824215,6
46530,1186.254601,524.3801942,6
46533,1186.724632,528.5513745,6
46537,1189.69395,522.2216751,6
46540,1183.679792,529.0081487,6
46543,1186.995421,527.4639403,6
46547,1187.651076,525.7717716,6
46550,1184.759438,527.0009111,6
46553,1187.927809,527.2878933,6
46557,1189.76073,526.2533849,6
46560,1184.569961,524.1386438,6
46563,1186.70802,525.1041554,6
46567,1187.996024,525.7386171,6
46570,1185.513654,527.3174564,6
46573,1186.320845,529.4221016,6
46577,1187.800223,529.4007904,6
46580,1186.369529,531.6416938,6
46583,1190.723669,525.5226103,6
46587,1186.542689,530.7860326,6
46590,1187.307557,526.9294434,6
46593,1189.311382,526.9050424,6
46597,1190.853092,533.1084025,6
46600,1187.723413,528.0087366,6
46603,1187.423919,532.5797069,6
46607,1187.591373,530.6755511,6
46610,1188.931215,529.4635595,6
46613,1189.86436,522.1903413,6
46617,NaN,NaN,6
46620,NaN,NaN,6
46623,1197.759956,526.0233529,6
46627,1213.755316,530.5701719,6
46630,1255.684912,532.467241,6
46633,1298.515916,531.3648487,6
46637,1340.350543,539.2187502,6
46640,1375.424215,544.6358498,6
46643,1406.482542,544.3421369,6
46647,1436.592413,541.8046438,6
46650,1469.656447,534.1666146,6
46653,1505.624383,528.5505962,6
46657,1536.680475,532.2124876,6
46660,1563.275319,534.8973345,6
46663,1593.264134,535.043025,6
46667,1611.044889,533.5252154,6
46670,1627.835005,535.9403289,6
46673,1621.390301,533.0596519,6
46677,1600.919563,527.1502164,6
46680,1585.35503,529.9878741,6
46683,1580.675391,527.4163475,6
46687,1589.579822,530.7704858,6
46690,1597.738637,528.3797791,6
46693,1604.321,531.0910503,6
46697,1605.56689,534.8927931,6
46700,1604.449817,535.9702326,6
46703,1601.957418,527.1633992,6
46707,1598.11169,529.6594329,6
46710,1598.503587,531.9273867,6
46713,1593.664396,531.6886003,6
46717,NaN,NaN,6
46720,NaN,NaN,6
46723,1593.935305,529.9864122,6
46727,1594.590373,526.9212907,6
46730,NaN,NaN,6
46733,NaN,NaN,6
46737,1599.53246,535.2148894,6
46740,1596.09868,535.4211239,6
46743,1593.85637,536.5839322,6
46747,1595.130629,535.6046298,6
46750,1592.286702,533.1786829,6
46753,1600.039585,534.6885889,6
46757,1595.416199,535.4777682,6
46760,1595.817168,534.1971361,6
46763,1596.601247,531.902918,6
46767,1595.660458,530.9950766,6
46770,1594.174565,533.1716967,6
46773,1600.3944,534.8072426,6
46777,1596.544047,535.7991446,6
46780,1598.001499,530.7464413,6
46783,1592.622628,535.0480976,6
46787,1596.204709,534.2220386,6
46790,1595.261096,533.3352949,6
46793,1591.030086,530.8658018,6
46797,1593.986128,533.953316,6
46800,1600.335576,532.9584361,6
46803,1598.414298,536.5186674,6
46807,1594.215576,530.9337558,6
46810,1589.912678,534.5749582,6
46813,1597.101452,535.8352607,6
46817,1595.182057,531.7970446,6
46820,1592.134429,531.0512579,6
46823,1594.437259,533.7667901,6
46827,1593.295211,536.9187152,6
46830,1591.935449,529.9958688,6
46833,1593.444811,532.9474155,6
46837,1594.513864,531.8414151,6
46840,1593.901001,532.037979,6
46843,1595.458829,531.7337823,6
46847,1595.555752,530.7258143,6
46850,1592.028936,531.8187722,6
46853,1595.248224,531.7850089,6
46857,1594.128054,534.8956798,6
46860,1590.015731,530.5543264,6
46863,1596.872566,529.7265731,6
46867,1594.614505,534.6521709,6
46870,1589.147409,531.4300775,6
46873,1580.905807,530.7046188,6
46877,1546.858948,535.0957585,6
46880,1493.180902,520.8643338,6
46883,1430.836588,520.9937088,6
46887,1381.594528,513.613448,6
46890,1333.269505,501.3955709,6
46893,1279.607517,486.6210246,6
46897,1230.98316,476.927523,6
46900,1185.348065,472.532777,6
46903,1135.526308,460.9622838,6
46907,1097.393412,463.2901793,6
46910,1051.620359,457.9361066,6
46913,996.7198588,466.4079956,6
46917,952.8375587,459.8293025,6
46920,901.9264645,445.5715935,6
46923,857.4283613,489.3326045,6
46927,NaN,NaN,6
46930,NaN,NaN,6
46933,NaN,NaN,6
46937,NaN,NaN,6
46940,NaN,NaN,6
46943,NaN,NaN,6
46947,NaN,NaN,6
46950,NaN,NaN,6
46953,NaN,NaN,6
46957,NaN,NaN,6
46960,NaN,NaN,6
46963,NaN,NaN,6
46967,NaN,NaN,6
46970,NaN,NaN,6
46973,NaN,NaN,6
46977,NaN,NaN,6
46980,NaN,NaN,6
46983,NaN,NaN,6
46987,NaN,NaN,6
46990,NaN,NaN,6
46993,NaN,NaN,6
46997,NaN,NaN,6
47000,NaN,NaN,6
47003,NaN,NaN,6
47007,NaN,NaN,6
47010,NaN,NaN,6
47013,NaN,NaN,6
47017,NaN,NaN,6
47020,NaN,NaN,6
47023,NaN,NaN,6
47027,NaN,NaN,6
47030,NaN,NaN,6
47033,NaN,NaN,6
47037,NaN,NaN,6
47040,NaN,NaN,6
47043,NaN,NaN,6
47047,NaN,NaN,6
47050,NaN,NaN,6
47053,NaN,NaN,6
47057,NaN,NaN,6
47060,NaN,NaN,6
47063,NaN,NaN,6
47067,NaN,NaN,6
47070,NaN,NaN,6
47073,NaN,NaN,6
47077,NaN,NaN,6
47080,NaN,NaN,6
47083,NaN,NaN,6
50760,913.8767077,691.0776212,7
50763,914.8924419,690.4110484,7
50766,915.5390055,689.3580042,7
50770,916.5276656,693.0486749,7
50773,913.4529802,691.8870081,7
50776,913.7963315,691.7228001,7
50779,916.0496145,690.2200309,7
50783,915.5111223,693.6020737,7
50786,911.5458219,689.5564425,7
50789,915.485395,695.8530107,7
50793,917.4104466,692.930812,7
50796,913.3333305,689.1887755,7
50800,913.4344704,689.5953088,7
50803,915.6882231,690.6816526,7
50806,916.9352187,693.0782516,7
50810,916.4644706,693.3025387,7
50813,914.0014244,692.9441466,7
50816,915.0643145,691.4422163,7
50819,912.5702428,688.0154455,7
50823,916.3348141,691.3482782,7
50826,916.1470701,687.4591113,7
50830,914.7183581,691.4415815,7
50833,912.741582,693.0906545,7
50836,913.5563096,690.319501,7
50840,914.0483018,695.8829723,7
50843,911.4391868,697.8506997,7
50846,914.9848367,694.5806394,7
50849,913.4624091,690.9573791,7
50853,914.8904035,689.7756988,7
50856,917.8462806,690.5787457,7
50859,911.7742893,694.7856298,7
50863,912.3674944,689.8716882,7
50866,917.0930909,689.7985028,7
50870,914.8813766,695.8432976,7
50873,913.1089647,693.6500543,7
50876,916.4117272,690.5206318,7
50879,917.2493083,687.0654994,7
50883,914.7823535,692.1750264,7
50886,911.2747137,696.0673622,7
50889,916.0149359,693.2606282,7
50893,915.3963161,698.4917636,7
50896,915.1726963,693.346335,7
50900,913.3686823,687.5208692,7
50903,913.6246655,693.7587191,7
50906,913.2981273,695.356306,7
50910,914.9644301,692.5840386,7
50913,915.4804055,696.0398561,7
50916,913.0065442,693.2229587,7
50919,912.9711353,696.1769758,7
50923,913.2087919,692.9656826,7
50926,914.5136151,696.2289795,7
50929,916.338623,694.5797958,7
50933,917.3081604,690.8598207,7
50936,915.9849003,690.7139113,7
50940,915.5922991,692.6330456,7
50943,915.2600284,692.6428445,7
50946,914.3859779,691.0251262,7
50949,917.7327965,691.2451958,7
50953,918.0322499,694.022801,7
50956,915.985506,691.7739587,7
50959,912.8962424,692.7201801,7
50963,914.4813265,695.6683741,7
50966,917.5294602,688.8397534,7
50970,915.287468,689.6787109,7
50973,915.7966729,694.2385377,7
50976,916.3085985,692.2550484,7
50979,916.1237715,692.8298542,7
50983,916.7417169,694.4260939,7
50986,918.4157119,691.2712209,7
50989,912.550983,694.2415618,7
50993,916.0447282,694.6487826,7
50996,919.2105645,694.1144618,7
50999,916.631479,695.060886,7
51003,917.5304019,694.1564792,7
51006,919.3524586,693.1149163,7
51009,915.6336173,692.9940608,7
51013,899.476994,690.8651657,7
51016,878.6414339,681.9689193,7
51019,845.4981066,670.1686845,7
51023,817.6610784,651.1395826,7
51026,802.8427361,621.8931802,7
51029,792.2311878,605.8503599,7
51033,786.2276231,582.5571214,7
51036,774.1058455,573.0161699,7
51040,771.9423635,558.3046498,7
51043,770.5609245,557.7774691,7
51046,772.0301427,551.7734049,7
51049,780.3651739,548.6818548,7
51053,781.1983664,573.4210392,7
51056,776.3241979,577.8638953,7
51059,775.0927546,576.4132763,7
51063,775.5464805,571.4094809,7
51066,768.6521048,561.7582031,7
51070,772.9233574,559.3071689,7
51073,775.0980123,557.6272642,7
51076,776.4406907,551.4045022,7
51079,774.03638,561.0123547,7
51083,773.1933775,556.4536828,7
51086,774.8572473,555.9480917,7
51089,774.1542833,561.6300245,7
51093,776.5490355,558.5568008,7
51096,773.330573,562.2454703,7
51099,774.6130433,566.0603748,7
51103,775.8571511,559.1336803,7
51106,777.1851037,560.5777825,7
51109,773.865252,559.5844897,7
51113,780.2613617,560.6222912,7
51116,776.0478263,566.4572319,7
51119,774.6828183,572.1255018,7
51123,776.1506666,554.9487373,7
51126,775.8637697,555.8288713,7
51129,776.5675262,560.3186373,7
51133,775.6702366,565.0349936,7
51136,772.3569493,563.8623043,7
51140,775.376821,565.1510941,7
51143,775.0574707,556.1723285,7
51146,774.5720437,571.8123527,7
51149,788.9417172,595.8124609,7
51153,822.7343928,631.1704044,7
51156,865.8038305,677.1598924,7
51159,904.7408466,724.4292305,7
51163,939.7845454,767.0872036,7
51166,965.4145272,813.4474344,7
51169,978.5914804,838.667197,7
51173,979.4595429,863.382574,7
51176,976.0169404,873.0991351,7
51179,973.3332701,870.6683333,7
51183,969.3549463,857.5969773,7
51186,977.0019934,843.4882417,7
51189,978.3518818,837.7533315,7
51193,983.2966098,845.1550338,7
51196,987.2386837,858.3536823,7
51199,987.5503793,868.7941291,7
51203,989.8885638,879.3801997,7
51206,989.8207456,879.0079694,7
51209,988.7698812,879.1093127,7
51213,NaN,NaN,7
51216,NaN,NaN,7
51219,986.4593531,869.7630899,7
51223,984.3626793,868.6548281,7
51226,NaN,NaN,7
51229,NaN,NaN,7
51233,983.7683876,871.6616026,7
51236,983.9067665,869.686972,7
51240,985.2324004,872.7301588,7
51243,NaN,NaN,7
51246,NaN,NaN,7
51249,987.4413594,872.7078369,7
51253,NaN,NaN,7
51256,NaN,NaN,7
51259,986.5580709,874.2022852,7
51263,988.2142927,873.9783866,7
51266,986.6803932,871.3096014,7
51269,NaN,NaN,7
51273,NaN,NaN,7
51276,988.1442373,873.0975517,7
51279,986.0849345,870.3310532,7
51283,983.8352557,872.0568103,7
51286,988.4832781,872.8594873,7
51289,985.9566569,871.3213641,7
51293,983.8027014,870.8639506,7
51296,986.1719638,869.8814708,7
51299,985.6843009,871.7341302,7
51303,987.4716741,871.8402973,7
51306,985.2391564,871.9089523,7
51309,984.9009417,872.7305587,7
51313,NaN,NaN,7
51316,NaN,NaN,7
51319,984.5626877,872.2506307,7
51323,NaN,NaN,7
51326,NaN,NaN,7
51329,985.145851,873.8774794,7
51333,984.441147,871.5360297,7
51336,985.1890894,873.0623125,7
51339,NaN,NaN,7
51343,NaN,NaN,7
51346,970.6886399,846.2314222,7
51349,953.3534675,821.73158,7
51353,NaN,NaN,7
51356,NaN,NaN,7
51359,NaN,NaN,7
51363,NaN,NaN,7
51366,836.6509384,691.1092726,7
51369,822.7314961,661.6020285,7
51373,816.3547763,634.0972353,7
51376,806.9313938,606.5927831,7
51379,790.4330176,589.2769611,7
51383,777.9586469,574.4378233,7
51386,765.328231,556.040181,7
51389,767.5075364,550.2303506,7
51393,765.3998374,539.6828522,7
51396,773.1081313,544.4747454,7
51399,772.4766386,553.9882066,7
51403,766.8613699,559.5785561,7
51406,768.3855678,558.1397175,7
51409,764.7696444,553.9627437,7
51413,764.9763457,551.2174994,7
51416,761.6881692,545.217779,7
51419,765.5773938,542.0702908,7
51423,769.1640754,535.2961475,7
51426,768.3748013,540.4688547,7
51429,767.6913583,546.4112514,7
51433,766.1419918,542.5247136,7
51436,768.1585145,551.1013704,7
51439,769.094412,550.7886737,7
51443,766.1956394,546.9347429,7
51446,NaN,NaN,7
51449,NaN,NaN,7
51453,NaN,NaN,7
51456,NaN,NaN,7
51459,767.3065974,536.9378532,7
51463,768.5341367,546.5041498,7
51466,763.995942,541.8318906,7
51469,764.8818338,550.4591966,7
51473,767.1196205,543.7235595,7
51476,766.4983387,543.044847,7
51479,765.9190261,548.0351538,7
51483,761.9263967,542.3247893,7
51486,765.3518315,544.0644569,7
51489,765.9720131,544.571491,7
51493,767.5107091,543.9209302,7
51496,766.391406,546.497402,7
51499,765.9262263,545.1820355,7
51503,765.8457036,543.3699241,7
51506,763.0251621,547.638073,7
51509,766.4333958,546.7031468,7
51513,763.927066,546.3532555,7
51516,764.5254799,550.8276986,7
51519,763.8373763,549.7989431,7
51523,769.1080398,545.1859341,7
51526,768.5967836,549.558795,7
51529,764.3167347,552.1564726,7
51533,762.7408691,548.719799,7
51536,765.2235129,553.1247919,7
51539,765.6120613,546.2533619,7
51543,765.7715711,549.7478407,7
51546,765.1352236,549.7420042,7
51549,762.1334678,554.4430734,7
51553,764.3933472,551.8014214,7
51556,762.0099379,549.9075664,7
51559,764.8462003,550.2076208,7
51563,762.0604105,549.0116991,7
51566,763.7727331,553.7276278,7
51569,762.071626,549.2232812,7
51573,766.773916,547.4323225,7
51576,764.7041604,548.8997497,7
51579,762.8844826,552.1538631,7
51583,762.3495316,553.3640743,7
51586,763.8248468,550.0816055,7
51589,763.1448447,547.9830323,7
51593,765.1622144,548.942798,7
51596,764.8158092,554.7969693,7
51599,765.8338522,546.0531898,7
51603,764.3084385,550.225943,7
51606,763.8245696,553.9724118,7
51609,766.8153537,552.8656234,7
51613,767.2162963,549.1744115,7
51616,765.3430429,548.2678136,7
51619,764.6247642,550.2986212,7
51623,764.2996751,550.929133,7
51626,765.1785401,549.782303,7
51629,765.1446295,550.130779,7
51633,765.6110128,554.1364589,7
51636,763.8611279,550.410358,7
51639,768.7037451,547.3684022,7
51643,769.5391132,546.4492388,7
51646,768.9234226,550.169615,7
51649,767.6502644,548.9788654,7
51653,766.2124327,546.8090481,7
51656,766.5999033,543.0823574,7
51659,766.3837169,539.3554432,7
51663,771.5615491,538.7803793,7
51666,773.7417687,537.5923027,7
51669,772.1782219,549.1703913,7
51673,768.044478,538.1965886,7
51676,770.6068631,545.6380854,7
51679,769.0939209,544.8879835,7
51683,765.1898058,551.1855148,7
51686,765.0886134,551.6819515,7
51689,766.6769868,552.2106557,7
51693,768.5341602,547.183131,7
51696,771.28687,545.5922424,7
51699,773.1558628,543.6891939,7
51703,764.8257769,544.3457687,7
51706,768.2502819,546.8669268,7
51709,766.8004062,542.0040055,7
51713,769.9803981,543.9651252,7
51716,768.0379127,545.7142001,7
51719,765.0958547,546.8717992,7
51723,769.254616,540.5673951,7
51726,771.5848543,541.863053,7
51729,768.6095976,545.6934733,7
51733,768.6046469,535.3005762,7
51736,769.5299297,544.7270955,7
51739,766.8314249,540.1964347,7
51743,767.2204217,545.1595329,7
51746,770.076482,537.2218838,7
51749,769.1647224,543.9067401,7
51753,766.9447201,539.6421993,7
51756,768.4365999,541.444961,7
51759,772.2791139,540.6466191,7
51763,770.0002179,539.6029224,7
51766,770.1481015,541.7962401,7
51769,767.7340324,537.835785,7
51773,768.185357,537.8787435,7
51776,770.7294129,538.2032141,7
51779,767.4615344,544.7010386,7
51783,766.3524315,539.481549,7
51786,769.4657371,536.5725866,7
51789,769.4362771,538.2396568,7
51793,768.2087691,539.4510134,7
51796,767.9525607,544.2241177,7
51799,769.5069908,538.4329824,7
51803,769.2881916,539.9768368,7
51806,768.0006802,542.6950335,7
51809,768.1898996,542.9748624,7
51813,772.2048575,535.9450659,7
51816,769.0368698,541.8556814,7
51819,771.9429836,537.7349902,7
51823,772.3230244,542.4802492,7
51826,772.4214346,540.360951,7
51829,770.9351023,541.1816783,7
51833,770.1062891,545.3542463,7
51836,768.0709285,539.0988569,7
51839,768.9146148,543.6637054,7
51843,768.6005607,548.2711171,7
51846,769.2707955,539.6868477,7
51849,770.6854305,549.3786429,7
51853,770.1247117,544.9494511,7
51856,768.852314,546.0506299,7
51859,770.8916488,543.7658615,7
51863,770.5172957,546.9621335,7
51866,768.5800394,548.9749372,7
51869,770.5291945,546.0809689,7
51873,772.5803631,547.2210368,7
51876,768.1276518,538.5408725,7
51879,766.96562,547.4661057,7
51883,767.0170876,547.7286431,7
51886,768.3722904,542.9105248,7
51889,767.6083086,545.6848334,7
51893,772.7377922,547.0411453,7
51896,767.0281997,546.4192567,7
51899,768.3826646,545.1886324,7
51903,769.1704434,545.9679412,7
51906,767.2317015,543.6914682,7
55576,989.6220636,711.5645076,8
55579,NaN,NaN,8
55582,NaN,NaN,8
55586,NaN,NaN,8
55589,NaN,NaN,8
55592,NaN,NaN,8
55595,NaN,NaN,8
55599,NaN,NaN,8
55602,NaN,NaN,8
55606,NaN,NaN,8
55609,NaN,NaN,8
55612,NaN,NaN,8
55615,NaN,NaN,8
55619,NaN,NaN,8
55622,NaN,NaN,8
55625,NaN,NaN,8
55629,NaN,NaN,8
55632,NaN,NaN,8
55636,NaN,NaN,8
55639,NaN,NaN,8
55642,NaN,NaN,8
55646,NaN,NaN,8
55649,NaN,NaN,8
55652,NaN,NaN,8
55655,NaN,NaN,8
55659,NaN,NaN,8
55662,NaN,NaN,8
55666,NaN,NaN,8
55669,NaN,NaN,8
55672,NaN,NaN,8
55676,NaN,NaN,8
55679,NaN,NaN,8
55682,NaN,NaN,8
55686,NaN,NaN,8
55689,NaN,NaN,8
55692,NaN,NaN,8
55695,NaN,NaN,8
55699,NaN,NaN,8
55702,NaN,NaN,8
55706,NaN,NaN,8
55709,NaN,NaN,8
55712,NaN,NaN,8
55715,NaN,NaN,8
55719,NaN,NaN,8
55722,NaN,NaN,8
55725,NaN,NaN,8
55729,NaN,NaN,8
55732,NaN,NaN,8
55735,NaN,NaN,8
55739,NaN,NaN,8
55742,1053.842891,592.8935036,8
55746,1045.20298,650.4588375,8
55749,1036.831626,639.0643754,8
55752,1035.250005,640.7169369,8
55755,NaN,NaN,8
55759,NaN,NaN,8
55762,NaN,NaN,8
55765,NaN,NaN,8
55769,NaN,NaN,8
55772,1034.479953,671.8123269,8
55776,1032.927596,666.5095794,8
55779,NaN,NaN,8
55782,NaN,NaN,8
55785,1030.87536,666.4056762,8
55789,1032.156851,662.4504899,8
55792,1033.729831,665.8106066,8
55795,1029.643765,664.9266101,8
55799,1030.334592,667.0102662,8
55802,1033.020364,666.8703124,8
55805,1031.644157,666.2289061,8
55809,1030.732202,665.8466124,8
55812,1032.743585,664.8047453,8
55815,1030.859999,663.1915381,8
55819,1032.401912,663.5303263,8
55822,1035.628893,664.6227908,8
55825,1032.12636,659.6367055,8
55829,1034.430589,660.5342527,8
55832,1031.467869,659.2197807,8
55835,1032.789459,659.7568908,8
55839,1032.366972,660.8020061,8
55842,1033.77686,654.7931182,8
55845,1034.82052,655.7806542,8
55849,1031.096422,653.8136835,8
55852,1036.261234,656.3591617,8
55855,1034.007321,657.7448514,8
55859,1030.785182,656.8808055,8
55862,1030.875247,655.9706706,8
55865,1033.278219,652.9229774,8
55869,1032.43185,655.6643606,8
55872,1034.398902,654.7631728,8
55875,1034.254641,653.751529,8
55879,1032.269821,653.1757958,8
55882,1032.82991,651.1474834,8
55885,1035.165067,655.5467942,8
55889,1032.881869,652.9415413,8
55892,1032.021476,654.7251019,8
55895,1030.202502,653.4048037,8
55899,1022.819404,670.6847962,8
55902,992.1977606,691.5607126,8
55905,956.0038801,719.8266662,8
55909,918.4234814,737.6378376,8
55912,886.7909229,744.9401447,8
55915,871.5625896,751.4058098,8
55919,873.725073,753.9042203,8
55922,888.6196783,752.4149767,8
55925,909.1468211,749.1205867,8
55929,919.3317804,737.6939687,8
55932,919.9697022,735.0384099,8
55935,911.1342898,745.9958968,8
55939,899.455833,745.3183649,8
55942,893.0928059,751.7750297,8
55945,888.4290971,755.3093574,8
55949,889.9754087,755.3371899,8
55952,887.3048451,757.4257344,8
55955,888.4123439,757.2812963,8
55959,891.8237002,751.7658249,8
55962,896.044949,755.6048155,8
55965,895.3831377,755.228695,8
55969,893.366528,755.2218317,8
55972,895.6405251,758.886049,8
55975,895.246161,753.9715831,8
55979,894.3468052,750.7397826,8
55982,893.4726053,753.1071385,8
55985,894.5002054,754.6835461,8
55989,896.9206655,753.0215463,8
55992,896.0892791,755.3211687,8
55995,893.0544085,752.993546,8
55999,892.0356703,748.5328903,8
56002,890.7790198,754.0048533,8
56005,892.2143424,752.0291906,8
56009,893.2634032,752.0105304,8
56012,891.6958172,753.8466518,8
56015,895.4616109,754.0962163,8
56019,894.0890496,753.376703,8
56022,894.5491395,750.8661509,8
56025,893.0751857,757.3767069,8
56029,893.3704579,750.5911133,8
56032,894.7323027,752.4300967,8
56035,891.4710656,755.3239952,8
56039,894.0564757,754.0015518,8
56042,891.5779011,755.1419839,8
56045,892.0575989,755.2603012,8
56049,891.8531398,755.4116445,8
56052,890.4947449,755.8094623,8
56055,891.794481,757.4051171,8
56059,895.4404125,754.0316236,8
56062,893.8707779,759.0168975,8
56065,892.2416804,754.3642034,8
56069,873.2095047,733.1341386,8
56072,852.9546519,707.6726406,8
56075,831.0967399,665.944338,8
56079,822.4461481,644.4783902,8
56082,827.45403,629.0639859,8
56085,827.0205323,616.1621023,8
56089,825.6912791,607.9945238,8
56092,817.7656714,578.7010916,8
56095,813.1091276,558.674271,8
56099,809.5409327,537.2170587,8
56102,813.0691673,538.911783,8
56105,809.8992641,549.8223285,8
56109,807.7101484,556.2632414,8
56112,809.6914914,563.2039381,8
56115,812.5846924,559.0063607,8
56119,808.070165,553.4294831,8
56122,810.6752011,548.3772719,8
56125,806.1924437,546.37287,8
56129,811.0684209,543.6843441,8
56132,808.4004497,542.1739688,8
56135,804.4375934,544.9018073,8
56139,806.4814685,543.9821278,8
56142,809.626723,550.7639879,8
56145,810.2009767,544.9652886,8
56149,809.7885051,547.5991219,8
56152,807.9330197,550.701899,8
56155,812.5428917,547.6382593,8
56159,808.5988346,543.8322766,8
56162,809.2612387,552.8869749,8
56165,809.119793,546.8915287,8
56169,812.9311992,544.8671096,8
56172,808.2700941,548.3233372,8
56175,809.8168877,547.8217302,8
56179,809.731583,549.1922822,8
56182,805.5211378,548.2866392,8
56185,810.022928,541.0967376,8
56189,809.450857,543.5937962,8
56192,810.2261898,550.2962778,8
56195,807.3295654,549.8409238,8
56199,809.143041,544.4948005,8
56202,811.2446483,549.5301465,8
56205,809.8010749,545.4762568,8
56209,807.7833985,543.645154,8
56212,806.1612206,540.9600304,8
56215,809.2603366,541.2218672,8
56219,814.0331031,539.5750221,8
56222,806.4765368,537.2328758,8
56225,807.195002,540.8235249,8
56229,806.7912445,546.4767613,8
56232,810.6160565,540.8610317,8
56235,808.149165,547.1969107,8
56239,808.1013681,545.0537345,8
56242,805.7921804,545.4413434,8
56245,807.488113,551.5456073,8
56249,809.007278,539.5717978,8
56252,811.004133,546.4052242,8
56255,807.8296369,543.3589591,8
56259,804.1545292,544.7457528,8
56262,805.1794398,544.4460578,8
56265,807.6013949,549.0130222,8
56269,808.1631785,548.578895,8
56272,807.012261,541.3898719,8
56275,804.9034407,547.4384393,8
56279,813.6771897,542.7489151,8
56282,843.9162444,546.3314146,8
56285,886.7194362,539.0976344,8
56289,933.2608185,536.0276496,8
56292,969.7631935,522.0647107,8
56295,996.9525417,507.8437078,8
56299,1023.061153,503.2917082,8
56302,1044.942506,501.2273838,8
56305,1067.314827,489.2454228,8
56309,1067.492889,501.4552639,8
56312,1063.350081,508.5108381,8
56315,1055.999893,509.2546428,8
56319,1051.950272,510.6737936,8
56322,1051.210774,500.7471541,8
56325,1057.934147,510.5184928,8
56329,1063.706841,504.7973897,8
56332,1069.023726,506.088178,8
56335,1073.554681,503.5237975,8
56339,1075.710903,506.5207812,8
56342,1072.656344,505.0726982,8
56345,1067.845747,502.4110974,8
56349,1069.322408,503.8237856,8
56352,1065.125258,509.4179886,8
56355,1067.606023,507.9732632,8
56359,1065.120437,505.8978147,8
56362,1063.341856,515.1061835,8
56365,1065.97045,513.6807939,8
56369,1067.441362,508.7074322,8
56372,1065.715428,510.4642888,8
56375,1067.604925,508.996608,8
56379,1066.89697,508.6648074,8
56382,1063.164186,507.0685927,8
56385,1064.271724,509.0292303,8
56389,1067.615778,507.4808518,8
56392,1065.901052,511.176396,8
56395,1067.355098,512.4634405,8
56399,1064.613031,505.6450874,8
56402,1066.853997,515.6488469,8
56405,1068.481834,512.4779715,8
56409,1068.770943,506.76136,8
56412,1064.817069,509.4162054,8
56415,1068.654773,512.5390935,8
56419,1065.169808,505.4582338,8
56422,1071.036842,510.2241915,8
56425,1067.709319,513.3945714,8
56429,1066.095298,511.6108138,8
56432,1067.666397,507.9399069,8
56435,1068.259021,515.076805,8
56439,1067.770935,514.7715468,8
56442,1066.467928,513.8377632,8
56445,1065.683767,513.4081492,8
56449,1066.951142,509.4762523,8
56452,1065.557595,512.8181341,8
56455,1066.873787,512.0184234,8
56459,1067.336538,511.6758068,8
56462,1068.939787,513.6706643,8
56465,1068.12237,511.8987296,8
56469,1068.20135,510.1069335,8
56472,1068.165732,512.9768224,8
56475,1064.585541,514.4564613,8
56479,1067.382781,513.4303824,8
56482,1069.953787,513.330924,8
56485,1066.472507,515.2303163,8
56489,1064.116653,512.5276071,8
56492,1067.866947,511.2596553,8
56495,1072.530116,510.3524662,8
56499,1067.155342,512.0914305,8
56502,1069.751062,508.4784745,8
56505,1067.495277,508.2903559,8
56509,1068.197814,506.1010121,8
56512,1067.361215,515.7025732,8
56515,1068.631758,512.3521588,8
56519,1064.716195,507.1183393,8
56522,1069.301822,506.8164932,8
56525,1067.932658,508.2566228,8
56529,1066.279926,512.5161122,8
56532,1067.428312,509.1026905,8
56535,1070.290364,512.5278382,8
56539,1068.060652,505.6631072,8
56542,1068.757267,508.4578434,8
56545,1069.638286,512.4717841,8
56549,1069.690433,514.8271474,8
56552,1069.489594,514.2840482,8
56555,1067.535695,511.5479698,8
56559,1067.670796,516.1117413,8
56562,1064.817339,516.1702069,8
56565,1070.202279,518.3560033,8
56569,1082.695679,514.2428468,8
56572,1106.562116,510.5972823,8
56575,1132.243098,512.0819672,8
56579,1155.895626,513.7071855,8
56582,1164.494626,511.06464,8
56585,1162.787784,513.236576,8
56589,1154.911353,515.3969053,8
56592,1144.740526,513.945387,8
56595,1134.478462,516.2163364,8
56599,1130.604652,516.3770738,8
56602,1136.205027,519.3793246,8
56605,1141.177381,519.3457044,8
56609,1145.684183,516.8851984,8
56612,1150.016067,513.0051322,8
56615,1148.370826,516.7777033,8
56619,1148.086405,510.7411176,8
56622,1148.629988,507.8263154,8
56625,1147.684375,517.782915,8
56629,1145.87765,518.2603591,8
56632,1146.300274,517.5910428,8
56635,1145.579026,512.0070808,8
56639,1146.153187,516.9145049,8
56642,1145.826905,520.3120077,8
56645,1148.613029,516.4789063,8
56649,1145.273404,516.7071111,8
56652,1148.666042,514.7515869,8
56655,1146.364199,518.5418615,8
56659,1145.545534,515.5031925,8
56662,1150.005534,515.7977995,8
56665,1149.036954,511.878082,8
56669,1143.902379,513.4126097,8
56672,1148.448114,517.0336385,8
56675,1146.60503,511.7835518,8
56679,1147.564517,509.3076918,8
56682,1144.991385,511.4629253,8
56685,1145.329709,513.9481829,8
56689,1143.40099,510.8289381,8
56692,1146.725696,513.6797222,8
56695,1147.615978,514.3762828,8
56699,1145.705958,518.8344699,8
56702,1142.207551,515.3139533,8
56705,1150.392427,512.7271771,8
56709,1146.059437,517.8241934,8
56712,1145.76479,511.543028,8
56715,1146.521876,513.7856867,8
56719,1146.073343,512.1221257,8
56722,1146.433832,513.7044776,8
56725,1143.247619,513.6348428,8
56729,1143.547149,522.435386,8
56732,1144.947681,517.8389171,8
56735,1150.505193,517.4252251,8
56739,1144.406712,517.241323,8
56742,1147.527068,512.9388268,8
56745,1148.690546,510.2217949,8
56749,1148.229407,510.7685168,8
56752,1145.436812,512.472651,8
56755,1150.937124,511.6868162,8
56759,1145.422156,512.2279726,8
56762,1145.145908,514.2043446,8
56765,1145.448981,513.466654,8
56769,1146.281129,511.5800805,8
56772,1146.531159,512.9560494,8
56775,1143.029388,513.7930083,8
56779,1150.713538,512.8851256,8
56782,1146.376681,512.282391,8
56785,1145.070565,517.8643953,8
56789,1142.84929,511.8014082,8
56792,1145.678962,512.3928814,8
56795,1145.872646,511.3746677,8
56799,1141.333208,509.0998576,8
56802,1145.96172,510.3232321,8
56805,1144.772791,514.8170183,8
56809,1143.335536,512.5363181,8
56812,1142.765677,502.5963747,8
56815,1145.41903,515.0789165,8
56819,1144.802065,512.0864457,8
56822,1147.008303,509.0924728,8
56825,1144.319048,512.1490824,8
56829,1143.41563,509.085805,8
56832,1147.425908,509.1521364,8
56835,1147.965281,512.566704,8
56839,1147.116683,507.2284933,8
56842,1143.699376,508.3451566,8
56845,1143.6229,513.0873649,8
56849,1143.576997,507.4829137,8
56852,1142.718066,511.5043607,8
56855,1145.098501,507.1846818,8
56859,1145.981991,515.5736771,8
56862,1144.358503,508.7910229,8
56865,1148.521491,506.9341226,8
56869,1143.925944,513.723155,8
56872,1145.664843,507.7213326,8
56875,1145.012824,514.9005724,8
56879,1147.806435,512.5735204,8
56882,1143.517626,516.0381938,8
56885,1145.617009,511.4334016,8
56889,1143.56091,505.5800652,8
56892,1144.498888,513.390902,8
56895,1143.386566,511.9785032,8
56899,1145.392063,505.1912045,8
56902,1146.717712,513.9964486,8
56905,1146.612638,515.0611823,8
63444,NaN,NaN,9
63448,NaN,NaN,9
63451,NaN,NaN,9
63454,NaN,NaN,9
63458,1022.397435,617.0353495,9
63461,1021.2885,617.5672647,9
63464,1021.474785,617.6268018,9
63468,1020.751045,618.6537771,9
63471,1019.726174,616.7791723,9
63474,1017.803108,616.598124,9
63478,1018.710602,618.6899099,9
63481,1019.060135,613.6048557,9
63484,1017.243092,615.3130083,9
63488,1014.617968,617.1135275,9
63491,1016.503593,613.7341961,9
63494,1017.337883,614.6453064,9
63498,1017.95981,613.7756451,9
63501,1013.49909,615.5722705,9
63504,1013.407136,617.692066,9
63508,1013.253551,614.0187298,9
63511,1013.660479,616.4509811,9
63514,1011.404373,617.6207415,9
63518,1015.591923,616.0728802,9
63521,1013.192365,617.358624,9
63524,1011.747442,618.2949667,9
63528,1011.193815,618.060456,9
63531,1012.10586,618.0871536,9
63534,1010.63686,613.650626,9
63538,1010.457894,615.3718316,9
63541,1010.663484,613.6491902,9
63544,1009.563151,611.2889713,9
63548,1009.312509,613.4642443,9
63551,1009.346394,616.8896477,9
63554,1008.073131,614.2327172,9
63558,1008.392818,619.5003828,9
63561,1010.058885,615.2032598,9
63564,1007.089303,615.1931804,9
63568,1004.773444,614.3576932,9
63571,1007.412092,614.4301126,9
63574,1003.425891,619.415074,9
63578,1007.420291,615.3743256,9
63581,1005.094112,616.3114277,9
63584,1004.716732,616.8522155,9
63588,1006.683826,617.9045122,9
63591,1003.642262,614.3512345,9
63594,1003.197308,616.8371373,9
63598,1007.857498,617.5357824,9
63601,1003.392534,619.8406852,9
63604,1005.595371,620.0287433,9
63608,1002.488473,617.9352456,9
63611,1004.581403,617.1239519,9
63614,NaN,NaN,9
63618,NaN,NaN,9
63621,NaN,NaN,9
63624,NaN,NaN,9
63628,NaN,NaN,9
63631,NaN,NaN,9
63634,1001.85118,614.924297,9
63638,1004.978964,610.6090968,9
63641,1001.871434,615.1584481,9
63644,1004.65522,614.3373666,9
63648,1003.88119,618.637952,9
63651,1002.256612,616.37399,9
63654,1001.582794,616.8748975,9
63658,1001.854909,614.5346245,9
63661,999.9747187,617.3105254,9
63664,1001.831931,613.4226332,9
63668,1000.189899,617.0744544,9
63671,1003.168282,618.1825044,9
63674,998.8410057,615.514944,9
63678,1001.402486,609.7609787,9
63681,1002.576989,615.8733998,9
63684,NaN,NaN,9
63688,NaN,NaN,9
63691,1000.001565,615.4374216,9
63694,1000.887177,618.1779735,9
63698,999.0069685,615.6291148,9
63701,NaN,NaN,9
63704,NaN,NaN,9
63708,1002.147566,616.999082,9
63711,1004.9751,616.6580326,9
63714,NaN,NaN,9
63718,NaN,NaN,9
63721,967.8018999,653.2596364,9
63724,946.7563492,678.6065851,9
63728,NaN,NaN,9
63731,NaN,NaN,9
63734,NaN,NaN,9
63738,NaN,NaN,9
63741,NaN,NaN,9
63744,NaN,NaN,9
63748,NaN,NaN,9
63751,NaN,NaN,9
63754,NaN,NaN,9
63758,NaN,NaN,9
63761,NaN,NaN,9
63764,NaN,NaN,9
63768,NaN,NaN,9
63771,NaN,NaN,9
63774,NaN,NaN,9
63778,NaN,NaN,9
63781,NaN,NaN,9
63784,NaN,NaN,9
63788,NaN,NaN,9
63791,NaN,NaN,9
63794,NaN,NaN,9
63798,NaN,NaN,9
63801,NaN,NaN,9
63804,NaN,NaN,9
63808,NaN,NaN,9
63811,NaN,NaN,9
63814,NaN,NaN,9
63818,NaN,NaN,9
63821,NaN,NaN,9
63824,NaN,NaN,9
63828,NaN,NaN,9
63831,NaN,NaN,9
63834,NaN,NaN,9
63838,NaN,NaN,9
63841,NaN,NaN,9
63844,NaN,NaN,9
63848,NaN,NaN,9
63851,NaN,NaN,9
63854,NaN,NaN,9
63858,NaN,NaN,9
63861,NaN,NaN,9
63864,NaN,NaN,9
63868,NaN,NaN,9
63871,NaN,NaN,9
63874,NaN,NaN,9
63878,NaN,NaN,9
63881,NaN,NaN,9
63884,NaN,NaN,9
63888,NaN,NaN,9
63891,NaN,NaN,9
63894,NaN,NaN,9
63898,NaN,NaN,9
63901,NaN,NaN,9
63904,948.2764784,1063.565,9
63908,939.6901433,1064.39521,9
63911,937.8628633,1023.381485,9
63914,937.2317894,997.9270769,9
63918,933.6871401,970.0932439,9
63921,934.991013,951.8076032,9
63924,928.1808167,939.6227494,9
63928,927.9809819,928.4518046,9
63931,928.6663874,914.4624869,9
63934,931.3080131,904.2184525,9
63938,935.0454523,892.7120511,9
63941,923.2662068,906.6194147,9
63944,NaN,NaN,9
63948,NaN,NaN,9
63951,NaN,NaN,9
63954,NaN,NaN,9
63958,NaN,NaN,9
63961,925.6711801,866.4574916,9
63964,924.5612369,856.4484861,9
63968,NaN,NaN,9
63971,NaN,NaN,9
63974,NaN,NaN,9
63978,NaN,NaN,9
63981,NaN,NaN,9
63984,NaN,NaN,9
63988,NaN,NaN,9
63991,NaN,NaN,9
63994,NaN,NaN,9
63998,NaN,NaN,9
64001,NaN,NaN,9
64004,NaN,NaN,9
64008,NaN,NaN,9
64011,NaN,NaN,9
64014,NaN,NaN,9
64018,NaN,NaN,9
64021,NaN,NaN,9
64024,NaN,NaN,9
64028,NaN,NaN,9
64031,NaN,NaN,9
64034,NaN,NaN,9
64038,NaN,NaN,9
64041,NaN,NaN,9
64044,NaN,NaN,9
64048,NaN,NaN,9
64051,NaN,NaN,9
64054,NaN,NaN,9
64058,NaN,NaN,9
64061,NaN,NaN,9
64064,NaN,NaN,9
64068,NaN,NaN,9
64071,NaN,NaN,9
64074,NaN,NaN,9
64078,NaN,NaN,9
64081,NaN,NaN,9
64084,NaN,NaN,9
64088,NaN,NaN,9
64091,NaN,NaN,9
64094,NaN,NaN,9
64098,NaN,NaN,9
64101,NaN,NaN,9
64104,NaN,NaN,9
64108,NaN,NaN,9
64111,NaN,NaN,9
64114,1417.280113,550.3957345,9
64118,1415.223135,550.3960695,9
64121,1415.452829,550.6247391,9
64124,NaN,NaN,9
64128,NaN,NaN,9
64131,NaN,NaN,9
64134,NaN,NaN,9
64138,NaN,NaN,9
64141,NaN,NaN,9
64144,1410.995561,550.947748,9
64148,1413.608174,553.4600064,9
64151,NaN,NaN,9
64154,NaN,NaN,9
64158,1411.806342,553.0802176,9
64161,1413.171205,548.4426296,9
64164,NaN,NaN,9
64168,NaN,NaN,9
64171,1414.37859,550.7709715,9
64174,1412.289676,552.3364754,9
64178,1415.324534,554.1039628,9
64181,1413.811881,549.9039605,9
64184,1415.885198,547.7357645,9
64188,1413.174867,550.0689422,9
64191,1414.272839,550.326571,9
64194,NaN,NaN,9
64198,NaN,NaN,9
64201,1417.992546,547.9157228,9
64204,1416.983443,549.3629262,9
64208,NaN,NaN,9
64211,NaN,NaN,9
64214,1417.318832,544.1902834,9
64218,1415.752834,550.4551756,9
64221,NaN,NaN,9
64224,NaN,NaN,9
64228,NaN,NaN,9
64231,NaN,NaN,9
64234,NaN,NaN,9
64238,NaN,NaN,9
64241,1412.52371,553.618527,9
64244,NaN,NaN,9
64248,NaN,NaN,9
64251,NaN,NaN,9
64254,NaN,NaN,9
64258,1415.60904,554.3277282,9
64261,1416.047811,553.7959709,9
64264,NaN,NaN,9
64268,NaN,NaN,9
64271,1416.259857,549.5749547,9
64274,1413.164307,550.4915614,9
64278,NaN,NaN,9
64281,NaN,NaN,9
64284,1416.329,549.5106603,9
64288,1414.308589,547.9368852,9
64291,NaN,NaN,9
64294,NaN,NaN,9
64298,1415.805539,550.3896911,9
64301,1413.041169,550.9930176,9
64304,NaN,NaN,9
64308,NaN,NaN,9
64311,1415.171176,549.5362011,9
64314,1412.854326,548.1532037,9
64318,1414.741878,550.9897866,9
64321,1415.857007,553.0080974,9
64324,1415.728586,553.9725633,9
64328,1415.41193,547.5313002,9
64331,1412.282263,555.2493476,9
64334,1415.638164,549.0097969,9
64338,1416.392403,550.6151865,9
64341,1413.86764,552.5930468,9
64344,1415.319663,547.0928042,9
64348,1415.451752,551.5636452,9
64351,1415.197295,550.8464775,9
64354,1417.389991,551.1226082,9
64358,1412.976861,555.4401378,9
64361,1414.975823,550.4471399,9
64364,1414.70457,552.3594546,9
64368,1412.679525,554.6897221,9
64371,1415.159896,555.1671164,9
64374,1413.465762,555.1127953,9
64378,1415.740779,553.1805013,9
64381,1414.033573,554.039099,9
64384,1413.002825,554.2509703,9
64388,1416.02843,553.5209579,9
64391,1411.51562,555.3554033,9
64394,1420.549464,554.4504583,9
64398,1440.129419,549.8416084,9
64401,1471.644933,545.560278,9
64404,1497.46011,539.5999132,9
64408,1519.466762,535.0653155,9
64411,1530.030704,535.8911905,9
64414,1538.967328,533.9663642,9
64418,1539.669466,536.2995938,9
64421,1535.103846,536.7807793,9
64424,1523.744769,533.1134251,9
64428,1516.526552,538.4529345,9
64431,1514.916427,541.1136449,9
64434,1514.780173,537.7823702,9
64438,1525.386134,530.6049585,9
64441,NaN,NaN,9
64444,NaN,NaN,9
64448,NaN,NaN,9
64451,NaN,NaN,9
64454,1531.446525,534.5696993,9
64458,1526.884692,530.1031504,9
64461,NaN,NaN,9
64464,NaN,NaN,9
64468,1528.660267,530.3555406,9
64471,1525.785397,534.7079981,9
64474,NaN,NaN,9
64478,NaN,NaN,9
64481,1530.54525,529.2553438,9
64484,1530.418253,531.8655346,9
64488,1529.337262,533.6104345,9
64491,NaN,NaN,9
64494,NaN,NaN,9
64498,1529.989917,533.4404372,9
64501,1527.581785,532.977058,9
64504,NaN,NaN,9
64508,NaN,NaN,9
64511,NaN,NaN,9
64514,NaN,NaN,9
64518,NaN,NaN,9
64521,NaN,NaN,9
64524,NaN,NaN,9
64528,NaN,NaN,9
64531,NaN,NaN,9
64534,NaN,NaN,9
64538,1531.598919,532.9972896,9
64541,1530.989148,528.681504,9
64544,NaN,NaN,9
64548,NaN,NaN,9
64551,1530.478856,527.1226633,9
64554,1530.402715,533.684911,9
64558,1532.058489,533.7411539,9
64561,NaN,NaN,9
64564,NaN,NaN,9
64568,NaN,NaN,9
64571,NaN,NaN,9
64574,NaN,NaN,9
64578,NaN,NaN,9
64581,1531.78377,535.0758229,9
64584,1532.867996,532.4403541,9
64588,NaN,NaN,9
64591,NaN,NaN,9
64594,NaN,NaN,9
64598,NaN,NaN,9
64601,NaN,NaN,9
64604,NaN,NaN,9
64608,NaN,NaN,9
64611,NaN,NaN,9
64614,NaN,NaN,9
64618,NaN,NaN,9
64621,NaN,NaN,9
64624,NaN,NaN,9
64628,NaN,NaN,9
64631,NaN,NaN,9
64634,NaN,NaN,9
64638,NaN,NaN,9
64641,NaN,NaN,9
64644,NaN,NaN,9
64648,NaN,NaN,9
64651,NaN,NaN,9
64654,NaN,NaN,9
64658,NaN,NaN,9
64661,NaN,NaN,9
64664,NaN,NaN,9
64668,NaN,NaN,9
64671,NaN,NaN,9
64674,NaN,NaN,9
64678,NaN,NaN,9
64681,NaN,NaN,9
64684,NaN,NaN,9
64688,NaN,NaN,9
64691,NaN,NaN,9
64694,NaN,NaN,9
64698,NaN,NaN,9
64701,NaN,NaN,9
64704,NaN,NaN,9
64708,NaN,NaN,9
64711,NaN,NaN,9
64714,NaN,NaN,9
68380,1186.800302,712.4523812,10
68384,1187.535917,713.8419878,10
68387,1189.804499,707.4296393,10
68390,1188.648246,715.0472312,10
68394,1187.698846,711.3642099,10
68397,1188.900869,710.616815,10
68400,1184.312307,713.8507191,10
68404,1185.982949,714.6697974,10
68407,1187.693154,709.8351936,10
68410,1185.014794,712.8358137,10
68414,1186.644549,713.8202754,10
68417,1188.463687,713.389618,10
68420,1183.124489,718.3289655,10
68424,1185.201678,712.3026614,10
68427,1184.713492,716.286649,10
68430,1184.682467,713.873258,10
68434,1186.669986,718.153864,10
68437,1183.993801,716.6797957,10
68440,1184.468345,710.7689909,10
68444,1182.488822,711.7929759,10
68447,1184.421189,710.4562023,10
68450,1183.929184,710.9624584,10
68454,1185.051803,712.7763998,10
68457,1185.939703,718.0439776,10
68460,1182.713422,710.8143741,10
68464,1182.2196,715.2352096,10
68467,1181.817929,714.9269677,10
68470,1181.832163,722.7894162,10
68474,1176.518824,728.7052248,10
68477,1174.636613,737.4363912,10
68480,1176.768095,750.4775933,10
68484,1163.579221,855.7908844,10
68487,1172.673453,967.9675507,10
68490,NaN,NaN,10
68494,NaN,NaN,10
68497,NaN,NaN,10
68500,NaN,NaN,10
68504,NaN,NaN,10
68507,NaN,NaN,10
68510,NaN,NaN,10
68514,NaN,NaN,10
68517,NaN,NaN,10
68520,NaN,NaN,10
68524,NaN,NaN,10
68527,NaN,NaN,10
68530,NaN,NaN,10
68534,NaN,NaN,10
68537,NaN,NaN,10
68540,NaN,NaN,10
68544,NaN,NaN,10
68547,NaN,NaN,10
68550,NaN,NaN,10
68554,NaN,NaN,10
68557,NaN,NaN,10
68560,NaN,NaN,10
68564,NaN,NaN,10
68567,NaN,NaN,10
68570,NaN,NaN,10
68574,NaN,NaN,10
68577,NaN,NaN,10
68580,NaN,NaN,10
68584,NaN,NaN,10
68587,NaN,NaN,10
68590,NaN,NaN,10
68594,NaN,NaN,10
68597,NaN,NaN,10
68600,NaN,NaN,10
68604,NaN,NaN,10
68607,NaN,NaN,10
68610,NaN,NaN,10
68614,NaN,NaN,10
68617,NaN,NaN,10
68620,NaN,NaN,10
68624,NaN,NaN,10
68627,NaN,NaN,10
68630,NaN,NaN,10
68634,NaN,NaN,10
68637,NaN,NaN,10
68640,NaN,NaN,10
68644,NaN,NaN,10
68647,992.6420685,704.7309483,10
68650,992.3512513,706.4550641,10
68654,991.9682527,702.5897465,10
68657,993.3383545,703.430202,10
68660,990.5875011,703.6090433,10
68664,990.5870883,700.0451304,10
68667,992.3844615,699.1738089,10
68670,989.1014202,701.3636451,10
68674,991.92264,699.4892451,10
68677,992.4020932,697.0591795,10
68680,993.2582622,697.9892055,10
68684,990.5363406,696.7732865,10
68687,992.8359139,696.4764331,10
68690,989.6329081,696.9874847,10
68694,989.6226696,696.8786907,10
68697,989.7442417,699.7126605,10
68700,990.805809,695.4650581,10
68704,994.629314,694.4085193,10
68707,988.7340284,695.8255223,10
68710,992.1855914,694.8620962,10
68714,995.2866902,702.6762675,10
68717,982.8051123,728.3184519,10
68720,968.1143872,755.9331506,10
68724,949.4883659,803.8187454,10
68727,938.2336436,831.4442585,10
68730,930.2284036,855.1910769,10
68734,932.9367982,863.6305786,10
68737,939.1976068,865.2387548,10
68740,941.722822,857.0726568,10
68744,947.197202,843.140582,10
68747,950.6445147,828.4570758,10
68750,945.3188489,834.6581348,10
68754,945.3074032,843.2550328,10
68757,944.9561759,849.0566784,10
68760,938.9444045,856.8544517,10
68764,937.2703131,861.2176242,10
68767,938.9465402,862.7144593,10
68770,937.8793265,862.3542822,10
68774,939.0986829,861.7986761,10
68777,940.1683259,857.1554555,10
68780,939.7185676,859.757605,10
68784,941.8349633,858.095139,10
68787,941.5149771,855.6622344,10
68790,938.8076905,861.2802513,10
68794,942.5182176,859.9866863,10
68797,NaN,NaN,10
68800,NaN,NaN,10
68804,939.6826822,858.2219235,10
68807,939.6434523,858.9877417,10
68810,939.4107807,857.3174047,10
68814,939.7733377,857.931492,10
68817,938.2213649,859.351398,10
68820,939.6100788,857.4176888,10
68824,941.2134143,858.0132803,10
68827,939.2554162,856.1811739,10
68830,940.0034325,859.3006068,10
68834,NaN,NaN,10
68837,NaN,NaN,10
68840,941.2502142,858.9724201,10
68844,939.3014314,860.0792373,10
68847,939.2396228,859.7234278,10
68850,NaN,NaN,10
68854,NaN,NaN,10
68857,NaN,NaN,10
68860,NaN,NaN,10
68864,NaN,NaN,10
68867,NaN,NaN,10
68870,942.3517579,857.8760271,10
68874,938.9086897,856.4877022,10
68877,NaN,NaN,10
68880,NaN,NaN,10
68884,NaN,NaN,10
68887,NaN,NaN,10
68890,NaN,NaN,10
68894,NaN,NaN,10
68897,939.7563119,859.3979341,10
68900,938.1626267,859.2178216,10
68904,941.2580988,857.7278519,10
68907,NaN,NaN,10
68910,NaN,NaN,10
68914,NaN,NaN,10
68917,NaN,NaN,10
68920,NaN,NaN,10
68924,NaN,NaN,10
68927,NaN,NaN,10
68930,NaN,NaN,10
68934,NaN,NaN,10
68937,NaN,NaN,10
68940,807.9763886,714.0541458,10
68944,807.9100581,698.4032333,10
68947,NaN,NaN,10
68950,NaN,NaN,10
68954,793.4858814,633.093272,10
68957,786.2224647,588.6064462,10
68960,NaN,NaN,10
68964,NaN,NaN,10
68967,772.520521,531.0039495,10
68970,771.7156977,539.0304319,10
68974,772.4916163,554.3575037,10
68977,NaN,NaN,10
68980,NaN,NaN,10
68984,769.6407353,566.1092227,10
68987,770.4069977,551.4438818,10
68990,NaN,NaN,10
68994,NaN,NaN,10
68997,NaN,NaN,10
69000,NaN,NaN,10
69004,NaN,NaN,10
69007,NaN,NaN,10
69010,770.7346567,546.3477256,10
69014,769.950148,550.5599976,10
69017,771.0508972,548.0613281,10
69020,769.1530893,554.4955075,10
69024,769.8376448,550.8346859,10
69027,769.8012223,549.8262063,10
69030,769.2893326,552.6608126,10
69034,768.2519461,550.843325,10
69037,770.3904228,549.611308,10
69040,769.0181676,547.0238142,10
69044,768.4252511,548.3332858,10
69047,769.6692316,549.5694368,10
69050,772.5840985,548.0313963,10
69054,768.2602728,550.3031285,10
69057,768.4893617,552.8861854,10
69060,769.4834371,545.4542148,10
69064,770.3867057,549.256944,10
69067,769.7096513,548.9443347,10
69070,769.9228147,550.5011839,10
69074,772.3800165,548.7455956,10
69077,770.9403069,546.6181158,10
69080,771.2330869,544.7605561,10
69084,773.8685366,551.0669317,10
69087,766.7754861,543.3421091,10
69090,769.4999584,548.67837,10
69094,768.4523659,548.5793792,10
69097,767.4532517,550.3363214,10
69100,770.0091535,547.2506164,10
69104,766.9302825,545.5143004,10
69107,767.7239923,549.4086479,10
69110,769.4680631,544.8520928,10
69114,768.5768936,551.8903114,10
69117,767.8297957,554.0573959,10
69120,769.958542,546.7438576,10
69124,771.2368515,547.4980796,10
69127,766.2077906,552.8310435,10
69130,767.8943282,549.3711605,10
69134,768.227782,549.8085601,10
69137,766.6812261,549.1800115,10
69140,767.9734434,550.1027775,10
69144,767.764682,554.5357293,10
69147,769.6177444,553.558798,10
69150,768.0932548,548.5916875,10
69154,770.9242101,550.1085511,10
69157,769.690493,549.8375765,10
69160,766.2617231,549.6670492,10
69164,768.3265592,555.6926618,10
69167,765.5274074,548.4070027,10
69170,767.9602911,547.9761532,10
69174,766.8198801,548.8146766,10
69177,765.2363713,551.0483551,10
69180,767.9100449,546.1847454,10
69184,766.3345894,544.4101292,10
69187,766.1400964,548.6141023,10
69190,765.7163823,553.8864584,10
69194,767.8529927,562.9062777,10
69197,766.8896214,561.3245643,10
69200,767.7509835,562.7381541,10
69204,778.5332894,619.630199,10
69207,NaN,NaN,10
69210,NaN,NaN,10
69214,NaN,NaN,10
69217,NaN,NaN,10
69220,NaN,NaN,10
69224,NaN,NaN,10
69227,NaN,NaN,10
69230,NaN,NaN,10
69234,NaN,NaN,10
69237,NaN,NaN,10
69240,NaN,NaN,10
69244,NaN,NaN,10
69247,NaN,NaN,10
69250,NaN,NaN,10
69254,NaN,NaN,10
69257,NaN,NaN,10
69260,NaN,NaN,10
69264,NaN,NaN,10
69267,NaN,NaN,10
69270,NaN,NaN,10
69274,NaN,NaN,10
69277,NaN,NaN,10
69280,NaN,NaN,10
69284,NaN,NaN,10
69287,NaN,NaN,10
69290,NaN,NaN,10
69294,NaN,NaN,10
69297,NaN,NaN,10
69300,NaN,NaN,10
69304,NaN,NaN,10
69307,NaN,NaN,10
69310,NaN,NaN,10
69314,NaN,NaN,10
69317,NaN,NaN,10
69320,NaN,NaN,10
69324,NaN,NaN,10
69327,NaN,NaN,10
69330,NaN,NaN,10
69334,NaN,NaN,10
69337,NaN,NaN,10
69340,NaN,NaN,10
69344,NaN,NaN,10
69347,NaN,NaN,10
69350,964.6920966,1051.282522,10
69354,967.3778991,1032.563698,10
69357,NaN,NaN,10
69360,NaN,NaN,10
69364,NaN,NaN,10
69367,NaN,NaN,10
69370,NaN,NaN,10
69374,NaN,NaN,10
69377,NaN,NaN,10
69380,NaN,NaN,10
69384,NaN,NaN,10
69387,NaN,NaN,10
69390,942.8596118,902.221607,10
69394,NaN,NaN,10
69397,NaN,NaN,10
69400,NaN,NaN,10
69404,NaN,NaN,10
69407,NaN,NaN,10
69410,NaN,NaN,10
69414,NaN,NaN,10
69417,NaN,NaN,10
69420,NaN,NaN,10
69424,NaN,NaN,10
69427,NaN,NaN,10
69430,NaN,NaN,10
69434,NaN,NaN,10
69437,NaN,NaN,10
69440,NaN,NaN,10
69444,NaN,NaN,10
69447,NaN,NaN,10
69450,NaN,NaN,10
69454,NaN,NaN,10
69457,NaN,NaN,10
69460,NaN,NaN,10
69464,NaN,NaN,10
69467,NaN,NaN,10
69470,NaN,NaN,10
69474,NaN,NaN,10
69477,NaN,NaN,10
69480,NaN,NaN,10
69484,NaN,NaN,10
69487,NaN,NaN,10
69490,NaN,NaN,10
69494,NaN,NaN,10
69497,NaN,NaN,10
69500,NaN,NaN,10
69504,NaN,NaN,10
69507,NaN,NaN,10
69510,NaN,NaN,10
69514,NaN,NaN,10
69517,NaN,NaN,10
69520,NaN,NaN,10
69524,NaN,NaN,10
69527,NaN,NaN,10
69530,NaN,NaN,10
69534,NaN,NaN,10
69537,NaN,NaN,10
69540,NaN,NaN,10
69544,NaN,NaN,10
69547,NaN,NaN,10
69550,NaN,NaN,10
69554,NaN,NaN,10
69557,NaN,NaN,10
69560,NaN,NaN,10
69564,NaN,NaN,10
69567,NaN,NaN,10
69570,NaN,NaN,10
69574,NaN,NaN,10
69577,NaN,NaN,10
69580,NaN,NaN,10
69584,NaN,NaN,10
69587,NaN,NaN,10
69590,NaN,NaN,10
69594,NaN,NaN,10
69597,NaN,NaN,10
69600,NaN,NaN,10
69604,NaN,NaN,10
69607,NaN,NaN,10
69610,NaN,NaN,10
69614,NaN,NaN,10
69617,NaN,NaN,10
69620,NaN,NaN,10
69624,NaN,NaN,10
69627,NaN,NaN,10
69630,NaN,NaN,10
69634,NaN,NaN,10
69637,NaN,NaN,10
69640,NaN,NaN,10
69644,NaN,NaN,10
69647,NaN,NaN,10
69650,NaN,NaN,10
69654,NaN,NaN,10
69657,NaN,NaN,10
69660,NaN,NaN,10
69663,NaN,NaN,10
69667,NaN,NaN,10
69670,NaN,NaN,10
69674,NaN,NaN,10
69677,NaN,NaN,10
69680,NaN,NaN,10
69683,NaN,NaN,10
69687,NaN,NaN,10
69690,NaN,NaN,10
69693,NaN,NaN,10
69697,NaN,NaN,10
69700,NaN,NaN,10
69704,NaN,NaN,10
69707,NaN,NaN,10
69710,NaN,NaN,10
69713,NaN,NaN,10
69717,NaN,NaN,10
69720,NaN,NaN,10
69723,NaN,NaN,10
69727,NaN,NaN,10
69730,NaN,NaN,10
69734,NaN,NaN,10
69737,NaN,NaN,10
69740,NaN,NaN,10
69744,NaN,NaN,10
69747,NaN,NaN,10
69750,NaN,NaN,10
69753,NaN,NaN,10
69757,NaN,NaN,10
69760,NaN,NaN,10
69763,NaN,NaN,10
69767,NaN,NaN,10
69770,NaN,NaN,10
69774,NaN,NaN,10
69777,NaN,NaN,10
69780,NaN,NaN,10
69783,NaN,NaN,10
69787,NaN,NaN,10
69790,NaN,NaN,10
69793,NaN,NaN,10
69797,NaN,NaN,10
69800,NaN,NaN,10
69804,NaN,NaN,10
69807,NaN,NaN,10
69810,NaN,NaN,10
69813,NaN,NaN,10
69817,NaN,NaN,10
69820,NaN,NaN,10
69823,NaN,NaN,10
69827,NaN,NaN,10
69830,NaN,NaN,10
69833,NaN,NaN,10
69837,NaN,NaN,10
69840,NaN,NaN,10
69844,NaN,NaN,10
69847,NaN,NaN,10
69850,NaN,NaN,10
69853,NaN,NaN,10
69857,NaN,NaN,10
69860,NaN,NaN,10
69863,NaN,NaN,10
69867,NaN,NaN,10
69870,NaN,NaN,10
69873,NaN,NaN,10
69877,NaN,NaN,10
69880,NaN,NaN,10
69883,NaN,NaN,10
69887,NaN,NaN,10
69890,NaN,NaN,10
69894,NaN,NaN,10
69897,1042.617251,461.9467438,10
69900,1048.357623,458.0418589,10
69904,1030.062951,512.1822513,10
69907,NaN,NaN,10
69910,NaN,NaN,10
69913,NaN,NaN,10
69917,NaN,NaN,10
69920,NaN,NaN,10
69923,NaN,NaN,10
69927,NaN,NaN,10
69930,NaN,NaN,10
69933,NaN,NaN,10
69937,NaN,NaN,10
69940,NaN,NaN,10
69943,NaN,NaN,10
69947,NaN,NaN,10
69950,NaN,NaN,10
69953,NaN,NaN,10
69957,NaN,NaN,10
69960,NaN,NaN,10
69963,NaN,NaN,10
69967,NaN,NaN,10
69970,NaN,NaN,10
69973,NaN,NaN,10
69977,NaN,NaN,10
69980,NaN,NaN,10
69983,NaN,NaN,10
69987,NaN,NaN,10
69990,NaN,NaN,10
69993,NaN,NaN,10
69997,NaN,NaN,10
70000,NaN,NaN,10
70003,NaN,NaN,10
70007,NaN,NaN,10
70010,1164.272314,504.8957336,10
70013,1197.083633,513.2676139,10
70017,1211.861327,509.9067406,10
70020,NaN,NaN,10
70023,NaN,NaN,10
70027,NaN,NaN,10
70030,NaN,NaN,10
70033,NaN,NaN,10
70037,NaN,NaN,10
70040,NaN,NaN,10
70043,NaN,NaN,10
70047,NaN,NaN,10
70050,NaN,NaN,10
70053,1197.781925,509.8918616,10
70057,1195.845542,513.6557292,10
70060,NaN,NaN,10
70063,NaN,NaN,10
70067,NaN,NaN,10
70070,NaN,NaN,10
70073,NaN,NaN,10
70077,NaN,NaN,10
70080,NaN,NaN,10
70083,NaN,NaN,10
70087,1190.391278,516.0751448,10
70090,NaN,NaN,10
70093,NaN,NaN,10
70097,1190.617578,514.3152547,10
70100,1190.777916,515.3406284,10
70103,NaN,NaN,10
70107,NaN,NaN,10
70110,NaN,NaN,10
70113,NaN,NaN,10
70117,NaN,NaN,10
70120,NaN,NaN,10
70123,NaN,NaN,10
70127,NaN,NaN,10
70130,NaN,NaN,10
70133,NaN,NaN,10
70137,1186.98368,513.9013791,10
70140,1190.772046,512.4835286,10
70143,1187.692876,516.7833323,10
70147,NaN,NaN,10
70150,NaN,NaN,10
70153,1186.079613,519.0888471,10
70157,1188.134124,514.4137162,10
70160,1190.33067,508.321134,10
70163,1189.45125,514.1965713,10
70167,1189.779002,515.4324819,10
70170,1189.08621,516.6391784,10
70173,1187.683418,514.2412748,10
70177,1187.907055,514.9528304,10
70180,1190.059199,514.1570767,10
70183,1186.064934,517.5488883,10
70187,1185.786158,519.6405711,10
70190,1188.943605,514.5055475,10
70193,1188.599415,513.9074188,10
70197,1191.243414,514.9802575,10
70200,NaN,NaN,10
70203,NaN,NaN,10
70207,1188.203528,517.9247193,10
70210,1190.754004,515.2120664,10
70213,1190.829413,515.2572489,10
70217,NaN,NaN,10
70220,NaN,NaN,10
70223,1187.148674,512.7960584,10
70227,1186.925323,516.0537698,10
70230,NaN,NaN,10
70233,NaN,NaN,10
70237,1189.620138,515.1387571,10
70240,1187.23188,515.5952598,10
70243,NaN,NaN,10
70247,NaN,NaN,10
70250,1189.445799,515.1397764,10
70253,1187.661472,516.6338106,10
70257,1188.370118,513.7012569,10
70260,1187.212307,514.7675626,10
70263,1187.299431,515.2287093,10
70267,1188.41447,511.2210682,10
70270,1186.736464,513.8578022,10
70273,NaN,NaN,10
70277,NaN,NaN,10
70280,1188.747831,515.35488,10
70283,1190.961622,519.0304582,10
70287,NaN,NaN,10
70290,NaN,NaN,10
70293,NaN,NaN,10
70297,NaN,NaN,10
70300,NaN,NaN,10
70303,NaN,NaN,10
70307,1184.976261,515.4091454,10
70310,1187.495184,513.905695,10
70313,NaN,NaN,10
70317,NaN,NaN,10
70320,1185.599546,516.5328549,10
70323,1185.798048,514.090348,10
70327,NaN,NaN,10
70330,NaN,NaN,10
70333,1185.384566,511.5099003,10
70337,1180.466256,512.9529883,10
70340,1181.625045,512.1557584,10
70343,NaN,NaN,10
70347,NaN,NaN,10
70350,1183.20933,510.8418147,10
70353,NaN,NaN,10
70357,NaN,NaN,10
70360,NaN,NaN,10
70363,NaN,NaN,10
70367,1179.511258,516.7649567,10
70370,1184.344078,517.8089179,10
70373,NaN,NaN,10
70377,NaN,NaN,10
70380,1180.837952,516.599855,10
70383,1183.616798,518.6711984,10
70387,NaN,NaN,10
70390,NaN,NaN,10
70393,NaN,NaN,10
70397,NaN,NaN,10
70400,1183.016899,516.6663096,10
70403,1186.870513,515.2999379,10
70407,1170.01003,512.6044217,10
70410,1136.796616,509.0164213,10
70413,1083.365515,504.811514,10
70417,1022.005719,486.7749545,10
70420,961.7836511,477.9927813,10
70423,911.4397229,469.0628785,10
70427,NaN,NaN,10
70430,NaN,NaN,10
70433,774.7931611,446.0768925,10
70437,725.2748763,431.1207841,10
70440,677.4433892,427.4169983,10
70443,629.4387124,432.7197145,10
70447,587.127156,436.7425795,10
70450,537.8955701,448.6847666,10
70453,485.691051,444.462528,10
70457,439.9996591,442.8742316,10
70460,400.0219889,446.4763488,10
70463,375.1382688,448.8051413,10
70467,353.5591088,452.250171,10
70470,355.8051436,458.6510789,10
70473,360.8990655,458.3251098,10
70477,376.5160657,450.307255,10
70480,379.8041508,432.3744332,10
70483,NaN,NaN,10
70487,NaN,NaN,10
70490,NaN,NaN,10
70493,NaN,NaN,10
70497,NaN,NaN,10
70500,NaN,NaN,10
70503,NaN,NaN,10
70507,NaN,NaN,10
70510,357.9153422,436.657627,10
70513,NaN,NaN,10
70517,NaN,NaN,10
70520,NaN,NaN,10
70523,NaN,NaN,10
70527,NaN,NaN,10
70530,NaN,NaN,10
70533,357.9210125,432.1648294,10
70537,361.2865135,436.7559085,10
70540,NaN,NaN,10
70543,NaN,NaN,10
70547,NaN,NaN,10
70550,NaN,NaN,10
70553,NaN,NaN,10
70557,NaN,NaN,10
70560,357.2614568,438.064485,10
70563,357.5664459,440.4459225,10
70567,359.1823282,442.1950812,10
70570,NaN,NaN,10
70573,NaN,NaN,10
70577,362.7914978,436.2271583,10
70580,360.0947682,441.0044956,10
70583,NaN,NaN,10
70587,NaN,NaN,10
70590,NaN,NaN,10
70593,NaN,NaN,10
70597,NaN,NaN,10
70600,NaN,NaN,10
70603,NaN,NaN,10
70607,NaN,NaN,10
70610,NaN,NaN,10
70613,NaN,NaN,10
70617,NaN,NaN,10
70620,NaN,NaN,10
70623,NaN,NaN,10
70627,NaN,NaN,10
70630,361.6531273,436.7222942,10
70633,364.1439804,437.6532205,10
70637,358.0939586,435.2521451,10
70640,NaN,NaN,10
70643,NaN,NaN,10
70647,357.571477,440.5844212,10
70650,362.488243,432.958605,10
70653,NaN,NaN,10
70657,NaN,NaN,10
70660,363.3815029,438.6149477,10
70663,359.9434401,438.100352,10
70667,NaN,NaN,10
70670,NaN,NaN,10
70673,NaN,NaN,10
70677,NaN,NaN,10
70680,NaN,NaN,10
70683,NaN,NaN,10
70687,357.5850076,440.1067459,10
70690,364.5092883,434.2799257,10
70693,359.841268,432.9070877,10
70697,NaN,NaN,10
70700,NaN,NaN,10
70703,NaN,NaN,10
70707,NaN,NaN,10
70710,NaN,NaN,10
70713,NaN,NaN,10
70717,NaN,NaN,10
70720,NaN,NaN,10
70723,NaN,NaN,10
70727,NaN,NaN,10
70730,360.2560486,436.0850281,10
70733,360.2388256,438.234021,10
70737,360.2010285,439.4754305,10
70740,358.6030777,443.5542531,10
70743,355.1193613,437.3905354,10
70747,361.364467,439.2220001,10
70750,NaN,NaN,10
70753,NaN,NaN,10
70757,NaN,NaN,10
70760,NaN,NaN,10
70763,363.53135,439.4719481,10
70767,NaN,NaN,10
70770,NaN,NaN,10
70773,NaN,NaN,10
70777,NaN,NaN,10
70780,NaN,NaN,10
70783,NaN,NaN,10
70787,359.8962704,438.6450654,10
70790,358.6692236,439.6753656,10
70793,NaN,NaN,10
70797,NaN,NaN,10
70800,NaN,NaN,10
70803,NaN,NaN,10
70807,NaN,NaN,10
70810,NaN,NaN,10
70813,NaN,NaN,10
70817,NaN,NaN,10
70820,NaN,NaN,10
70823,NaN,NaN,10
70827,NaN,NaN,10
70830,NaN,NaN,10
70833,360.3505258,440.2261143,10
70837,NaN,NaN,10
70840,NaN,NaN,10
70843,NaN,NaN,10
70847,NaN,NaN,10
70850,NaN,NaN,10
70853,NaN,NaN,10
70857,362.5290562,439.5082264,10
70860,361.2629074,443.3840991,10
70863,NaN,NaN,10
70867,NaN,NaN,10
70870,NaN,NaN,10
70873,NaN,NaN,10
70877,NaN,NaN,10
70880,NaN,NaN,10
70883,NaN,NaN,10
70887,NaN,NaN,10
70890,359.4904488,440.5142776,10
70893,NaN,NaN,10
70897,NaN,NaN,10
70900,NaN,NaN,10
70903,NaN,NaN,10
70907,NaN,NaN,10
70910,NaN,NaN,10
70913,NaN,NaN,10
70917,NaN,NaN,10
70920,NaN,NaN,10
70923,NaN,NaN,10
70927,NaN,NaN,10
70930,NaN,NaN,10
70933,NaN,NaN,10
70937,NaN,NaN,10
70940,NaN,NaN,10
70943,NaN,NaN,10
70947,NaN,NaN,10
70950,NaN,NaN,10
70953,NaN,NaN,10
70957,NaN,NaN,10
70960,356.9994058,442.2916588,10
70963,NaN,NaN,10
70967,NaN,NaN,10
70970,NaN,NaN,10
70973,NaN,NaN,10
70977,NaN,NaN,10
70980,NaN,NaN,10
70983,NaN,NaN,10
70987,NaN,NaN,10
70990,357.9198064,441.6434094,10
70993,NaN,NaN,10
70997,NaN,NaN,10
71000,NaN,NaN,10
71003,NaN,NaN,10
71007,NaN,NaN,10
71010,NaN,NaN,10
71013,NaN,NaN,10
71017,NaN,NaN,10
71020,NaN,NaN,10
71023,NaN,NaN,10
71027,NaN,NaN,10
71030,NaN,NaN,10
71033,NaN,NaN,10
71037,NaN,NaN,10
71040,NaN,NaN,10
71043,NaN,NaN,10
71047,NaN,NaN,10
71050,NaN,NaN,10
71053,NaN,NaN,10
71057,NaN,NaN,10
71060,NaN,NaN,10
71063,NaN,NaN,10
71067,NaN,NaN,10
71070,NaN,NaN,10
71073,NaN,NaN,10
71077,NaN,NaN,10
71080,NaN,NaN,10
71083,NaN,NaN,10
71087,NaN,NaN,10
71090,NaN,NaN,10
71093,NaN,NaN,10
71097,NaN,NaN,10
71100,NaN,NaN,10
71103,NaN,NaN,10
71107,NaN,NaN,10
71110,NaN,NaN,10
71113,NaN,NaN,10
71117,NaN,NaN,10
71120,NaN,NaN,10
71123,NaN,NaN,10
71127,NaN,NaN,10
71130,NaN,NaN,10
71133,NaN,NaN,10
71137,NaN,NaN,10
71140,NaN,NaN,10
71143,NaN,NaN,10
71147,NaN,NaN,10
71150,NaN,NaN,10
71153,NaN,NaN,10
71157,NaN,NaN,10
71160,NaN,NaN,10
71163,NaN,NaN,10
71167,NaN,NaN,10
71170,NaN,NaN,10
71173,NaN,NaN,10
71177,NaN,NaN,10
71180,NaN,NaN,10
71183,NaN,NaN,10
71187,NaN,NaN,10
71190,NaN,NaN,10
71193,NaN,NaN,10
71197,NaN,NaN,10
71200,NaN,NaN,10
71203,NaN,NaN,10
71207,NaN,NaN,10
71210,NaN,NaN,10
71213,NaN,NaN,10
71217,NaN,NaN,10
71220,NaN,NaN,10
71223,NaN,NaN,10
71227,NaN,NaN,10
71230,NaN,NaN,10
71233,NaN,NaN,10
71237,NaN,NaN,10
71240,NaN,NaN,10
71243,NaN,NaN,10
71247,NaN,NaN,10
71250,NaN,NaN,10
71253,NaN,NaN,10
71257,NaN,NaN,10
71260,NaN,NaN,10
71263,NaN,NaN,10
71267,NaN,NaN,10
71270,NaN,NaN,10
71273,NaN,NaN,10
71277,NaN,NaN,10
71280,NaN,NaN,10
71283,NaN,NaN,10
71287,NaN,NaN,10
71290,NaN,NaN,10
71293,NaN,NaN,10
71297,NaN,NaN,10
71300,NaN,NaN,10
71303,NaN,NaN,10
71307,NaN,NaN,10
71310,NaN,NaN,10
71313,NaN,NaN,10
71317,NaN,NaN,10
71320,NaN,NaN,10
71323,NaN,NaN,10
71327,NaN,NaN,10
71330,NaN,NaN,10
71333,NaN,NaN,10
71337,NaN,NaN,10
71340,NaN,NaN,10
71343,NaN,NaN,10
71347,NaN,NaN,10
71350,NaN,NaN,10
71353,NaN,NaN,10
71357,NaN,NaN,10
71360,NaN,NaN,10
71363,NaN,NaN,10
71367,NaN,NaN,10
71370,NaN,NaN,10
71373,NaN,NaN,10
71377,NaN,NaN,10
71380,NaN,NaN,10
71383,NaN,NaN,10
71387,NaN,NaN,10
71390,NaN,NaN,10
71393,NaN,NaN,10
71397,NaN,NaN,10
71400,NaN,NaN,10
71403,NaN,NaN,10
71407,NaN,NaN,10
71410,NaN,NaN,10
75079,936.4477877,785.68532,11
75083,939.7861952,783.7765229,11
75086,937.7403248,785.6414014,11
75089,939.9250091,788.7188532,11
75093,941.0823027,784.1995131,11
75096,939.0885405,787.739941,11
75099,941.2507651,784.7386114,11
75103,940.0517767,785.1560294,11
75106,941.3841034,782.5246499,11
75109,946.7636781,782.1268952,11
75113,938.8346122,782.5270834,11
75116,940.3302274,781.5581944,11
75119,938.2862273,779.3435486,11
75123,942.3643271,779.4876065,11
75126,941.3832682,782.0293145,11
75129,941.2298973,784.5533198,11
75133,941.161206,781.6573709,11
75136,941.2832855,781.6540076,11
75139,937.4136878,785.0104409,11
75143,939.6988298,783.7154799,11
75146,938.1878249,788.5763098,11
75149,942.0990094,780.533091,11
75153,941.4877067,784.9674192,11
75156,940.7104091,785.0159797,11
75159,939.3584552,785.7676572,11
75163,942.3109378,784.7482262,11
75166,941.9884215,785.663035,11
75169,939.9831928,786.873436,11
75173,938.4897189,784.2939,11
75176,937.5236943,786.8115108,11
75179,945.1515424,778.996169,11
75183,939.3539429,786.3698459,11
75186,940.2753479,783.9952931,11
75189,943.5683066,780.6688853,11
75193,942.3101409,782.2399064,11
75196,935.7093148,786.1188582,11
75199,943.0519774,783.978941,11
75203,938.2538361,779.9419793,11
75206,941.9649726,783.8578674,11
75209,938.8821524,783.4493075,11
75213,938.2698993,784.5044734,11
75216,940.5362665,784.4596767,11
75219,NaN,NaN,11
75223,NaN,NaN,11
75226,945.2361898,783.3759991,11
75229,941.7993984,781.3405263,11
75233,939.3637164,784.4581884,11
75236,939.6672382,781.1429658,11
75239,941.9128864,787.4024669,11
75243,939.5928664,782.1757935,11
75246,942.906953,778.9118337,11
75249,941.8905532,777.8819547,11
75253,942.2964179,782.6730526,11
75256,941.2483353,780.2562414,11
75259,943.0268851,781.8743834,11
75263,941.628494,784.0771561,11
75266,941.4307752,787.2597196,11
75269,937.1217332,782.0200389,11
75273,942.1220031,782.8593226,11
75276,940.2394864,785.4562054,11
75279,939.633251,783.193114,11
75283,940.5911744,785.3165834,11
75286,938.2240368,782.8829606,11
75289,938.9306603,780.1635582,11
75293,941.1590416,783.0414178,11
75296,942.6090644,779.6650242,11
75299,940.0461261,784.71554,11
75303,940.3377726,784.9305559,11
75306,937.1057838,784.301852,11
75309,939.3866544,783.092214,11
75313,940.4047146,784.3264221,11
75316,942.3169189,784.5406153,11
75319,936.0363813,781.7319149,11
75323,918.6403789,774.995866,11
75326,887.8983736,763.3362126,11
75329,862.2261862,738.6983024,11
75333,840.3358381,712.7191273,11
75336,821.0588767,698.321889,11
75339,811.9485225,680.0328664,11
75343,812.0244959,665.3103897,11
75346,811.9570438,647.001539,11
75349,809.8929066,628.7477952,11
75353,800.8998663,613.7310589,11
75356,799.6435972,606.7118169,11
75359,795.1338334,595.6477988,11
75363,796.0980562,597.868019,11
75366,797.4105848,597.5407919,11
75369,802.4367099,604.7955974,11
75373,795.4764996,610.0089045,11
75376,795.5579653,605.3849064,11
75379,794.9117464,605.7944659,11
75383,793.1753671,600.7291969,11
75386,794.0835217,597.7144841,11
75389,794.9191147,597.4144271,11
75393,794.0887964,595.8224139,11
75396,794.9040144,594.1973057,11
75399,795.7437207,598.9861554,11
75403,796.3733949,598.6809063,11
75406,793.762054,597.8375123,11
75409,800.9595799,593.9808215,11
75413,793.117219,597.6540873,11
75416,791.8741533,597.9339749,11
75419,795.7913897,599.1130373,11
75423,792.5797916,604.4256065,11
75426,794.6281846,601.1749482,11
75429,798.6519972,597.1531562,11
75433,795.006188,595.6351127,11
75436,793.1064505,592.2373469,11
75439,792.9551224,592.9277239,11
75443,795.9681778,595.4232289,11
75446,796.4937702,596.9277683,11
75449,794.1811673,600.3198173,11
75453,795.9197499,595.142499,11
75456,797.6524525,591.4764654,11
75459,796.3733735,590.1390592,11
75463,798.8346583,598.2087549,11
75466,798.4218721,598.0644409,11
75469,792.9535491,598.154622,11
75473,798.068596,593.7579056,11
75476,796.005355,593.2523344,11
75479,793.436577,599.9014779,11
75483,795.4025202,597.6970083,11
75486,793.8049189,597.598302,11
75489,791.2623346,595.4570312,11
75493,797.1314385,595.0231771,11
75496,796.384236,594.9960811,11
75499,794.3260186,598.4111229,11
75503,795.4528924,596.4665551,11
75506,796.3067932,599.1004114,11
75509,794.2535634,598.1325515,11
75513,792.3624123,601.8518597,11
75516,793.001676,601.5157243,11
75519,795.9663345,599.7965067,11
75523,792.8191982,600.876467,11
75526,792.6334183,591.6661874,11
75529,797.1913323,583.3174129,11
75533,797.4226063,603.3525502,11
75536,795.3502681,602.3623316,11
75539,796.8525199,603.3199237,11
75543,791.0048129,592.6107832,11
75546,785.9298563,570.3864876,11
75549,779.1402804,547.3235329,11
75553,775.369945,528.3693343,11
75556,774.9146476,523.3543216,11
75559,774.9023848,517.0688545,11
75563,768.44625,524.3866277,11
75566,767.9031297,514.7181519,11
75569,771.004897,521.4172634,11
75573,771.6302722,521.3871446,11
75576,776.6064894,521.0765022,11
75579,776.3538618,530.9529196,11
75583,772.2326619,532.3198284,11
75586,774.2134521,528.3315292,11
75589,770.6285806,526.1908227,11
75593,773.208422,521.6268285,11
75596,769.4527427,517.7924667,11
75599,771.1384923,523.7023095,11
75603,770.6604089,519.0302904,11
75606,769.2970166,522.121551,11
75609,771.2421155,524.0699399,11
75613,768.7075401,527.6848049,11
75616,771.3988585,524.6834906,11
75619,770.0890521,522.5014324,11
75623,770.4993084,516.6971504,11
75626,768.2256306,524.8474093,11
75629,773.0870968,520.8051401,11
75633,773.3648184,521.6084089,11
75636,772.4180228,515.8205952,11
75639,771.1498314,522.5861362,11
75643,773.7777989,522.8318633,11
75646,775.4065104,521.5574276,11
75649,772.8042441,525.4875231,11
75653,769.3597211,527.4107276,11
75656,770.5363709,524.3792295,11
75659,770.3686598,523.6223973,11
75663,772.3025968,525.654876,11
75666,767.814223,521.2464064,11
75669,771.7918658,517.8535682,11
75673,771.758954,525.6375713,11
75676,770.5818898,522.3936708,11
75679,768.4646807,522.480496,11
75683,772.8454693,520.1284436,11
75686,774.0675062,527.0031267,11
75689,774.2855965,521.8916195,11
75693,772.4366505,517.7119725,11
75696,770.1043121,517.6527349,11
75699,771.8029372,519.1842775,11
75703,772.8951656,522.7181134,11
75706,775.1595454,521.292857,11
75709,772.0330506,524.2711432,11
75713,772.5862041,518.5069718,11
75716,771.1991321,520.2861732,11
75719,772.8650258,520.1951529,11
75723,773.9108066,522.3940677,11
75726,774.1532681,517.2433829,11
75729,773.7106508,520.9480117,11
75733,771.7197961,523.3309667,11
75736,767.5444818,521.9980837,11
75739,772.4674819,519.9518923,11
75743,771.7772431,521.0483762,11
75746,774.8547227,515.161855,11
75749,770.3715455,522.5154755,11
75753,774.5223656,519.1499839,11
75756,769.5714247,516.9067094,11
75759,771.2101733,520.5301417,11
75763,773.1529935,518.0445634,11
75766,772.6933914,518.069794,11
75769,773.8473568,514.5052326,11
75773,774.9616797,514.96269,11
75776,768.8829327,519.4445131,11
75779,775.4448342,513.4346651,11
75783,776.0101558,515.0840444,11
75786,770.0073755,518.0684722,11
75789,771.7686591,516.9973086,11
75793,773.39232,519.7986053,11
75796,775.551101,522.0125362,11
75799,773.5211102,516.4395857,11
75803,771.7751248,517.4247311,11
75806,773.9931508,518.2206703,11
75809,774.4997228,516.4999551,11
75813,772.8881101,513.8761508,11
75816,774.884724,526.2973448,11
75819,774.2986496,521.0763873,11
75823,771.7703787,526.8406037,11
75826,773.8977211,521.8466914,11
75829,771.2835869,520.9461407,11
75833,770.6332913,520.4008429,11
75836,772.9805342,519.43981,11
75839,771.6839904,523.384763,11
75843,769.3298416,514.9492732,11
75846,774.1592954,525.1413097,11
75849,772.8601714,517.2263462,11
75853,770.3202906,520.9275278,11
75856,773.5317089,517.4908945,11
75859,777.3088101,516.3306959,11
75863,771.2771775,517.1740785,11
75866,NaN,NaN,11
75869,NaN,NaN,11
75873,770.6600236,523.2988903,11
75876,771.0645681,526.0485701,11
75879,771.7251866,518.3162485,11
75883,772.9213411,516.1126198,11
75886,773.0241614,519.8925222,11
75889,769.9786343,522.3152752,11
75893,768.3157841,515.5320965,11
75896,770.643219,523.4247536,11
75899,769.971555,523.1340644,11
75903,768.7395804,523.2459107,11
75906,773.7231206,518.2923281,11
75909,772.8109055,515.8635233,11
75913,773.7117136,524.2660967,11
75916,769.4681878,527.6724996,11
75919,770.2421538,526.5898947,11
75923,770.0785867,522.7502531,11
75926,777.7905147,518.5713094,11
75929,770.1002685,520.9040491,11
75933,770.3252772,521.4288548,11
75936,773.1215934,521.1493372,11
75939,770.3767006,520.2642372,11
75943,774.2049149,518.1249892,11
75946,768.2398786,525.0717767,11
75949,771.7073018,522.6374424,11
75953,775.837103,525.6400029,11
75956,773.2994561,519.2975758,11
75959,774.2396867,519.1065328,11
75963,771.8348697,522.5781467,11
75966,772.5684335,522.1892882,11
75969,770.7669492,520.2560786,11
75973,771.6889168,526.831049,11
75976,771.275926,528.6911438,11
75979,770.925688,522.6038023,11
75983,772.0472528,523.2818368,11
75986,770.0651922,516.6210171,11
75989,773.2897186,522.6737192,11
75993,772.4578055,523.7266526,11
75996,768.9419016,526.2642281,11
75999,771.4558575,524.1193285,11
76003,767.807961,520.3458654,11
76006,769.9398951,522.9868476,11
76009,776.0016089,521.0173907,11
76013,772.6615908,523.6791214,11
76016,777.0433375,518.8078658,11
76019,771.6501974,512.979552,11
76023,775.1480908,509.3084951,11
76026,773.0815254,514.8379232,11
76029,773.2077117,523.5981576,11
76033,771.4795109,520.8223551,11
76036,775.3389822,516.6110304,11
76039,770.813545,516.6332068,11
76043,768.4204271,512.0220546,11
76046,771.6076632,522.2193454,11
76049,771.0821223,520.0064364,11
76053,770.3331888,517.904587,11
76056,770.9590419,516.324234,11
76059,769.7320822,524.0046375,11
76063,767.9792126,519.3756003,11
76066,770.3499979,519.0813905,11
76069,770.0030136,516.5258078,11
76073,772.0566986,521.7738017,11
76076,767.972757,517.0991348,11
79749,946.0233038,856.6196677,12
79752,949.3285315,860.1309085,12
79755,947.7242929,858.9563035,12
79759,951.3668073,859.5174182,12
79762,949.507284,862.3199427,12
79765,950.0693869,857.3639735,12
79769,946.2975785,857.2361107,12
79772,948.3452745,859.5864639,12
79775,947.5711039,859.0315204,12
79779,948.0506659,856.1543481,12
79782,946.4140483,859.3870785,12
79785,946.805192,859.0980615,12
79789,950.3605942,859.0901824,12
79792,952.0333595,859.6509653,12
79795,955.7126782,859.8486254,12
79799,953.0159306,858.5215574,12
79802,953.5249741,854.3879941,12
79805,951.2177755,861.0572436,12
79809,951.1753673,859.4728504,12
79812,950.7824149,860.6820956,12
79815,NaN,NaN,12
79819,NaN,NaN,12
79822,948.568732,860.0627564,12
79825,950.4840945,858.7378602,12
79829,NaN,NaN,12
79832,NaN,NaN,12
79835,952.4433142,861.8725311,12
79839,949.1213993,861.1473617,12
79842,951.6695974,856.527333,12
79845,950.718003,860.6140041,12
79849,951.9420473,859.5713818,12
79852,949.1991635,860.219472,12
79855,NaN,NaN,12
79859,NaN,NaN,12
79862,952.1193877,862.5621614,12
79865,949.7407832,863.4229028,12
79869,NaN,NaN,12
79872,NaN,NaN,12
79875,952.0876112,859.9576795,12
79879,945.2168439,865.5535574,12
79882,946.6930246,862.9652299,12
79885,NaN,NaN,12
79889,NaN,NaN,12
79892,947.9738338,866.3068411,12
79895,944.3458226,859.3348402,12
79899,NaN,NaN,12
79902,NaN,NaN,12
79905,946.6725903,865.6770138,12
79909,945.1932691,863.0092565,12
79912,NaN,NaN,12
79915,NaN,NaN,12
79919,942.8585686,862.3270234,12
79922,945.403848,863.8617196,12
79925,944.3014233,864.7366541,12
79929,946.1742015,861.2345823,12
79932,947.3512738,858.7898268,12
79935,948.5643832,865.0305825,12
79939,947.547424,861.7322707,12
79942,945.6530622,863.8064351,12
79945,943.0220422,862.8777822,12
79949,944.0195757,864.7923878,12
79952,944.8017871,865.0400469,12
79955,947.2008109,863.3082078,12
79959,945.6102631,860.3290242,12
79962,946.447178,864.0357149,12
79965,944.3054147,864.3017643,12
79969,947.496238,860.4812259,12
79972,946.7215894,863.4945839,12
79975,944.7016715,862.123937,12
79979,949.3450362,864.7917903,12
79982,950.9783986,860.8608288,12
79985,NaN,NaN,12
79989,NaN,NaN,12
79992,945.329301,875.188573,12
79995,NaN,NaN,12
79999,NaN,NaN,12
80002,943.594112,858.5392399,12
80005,948.3589313,858.9588358,12
80009,947.9436827,856.8400972,12
80012,NaN,NaN,12
80015,NaN,NaN,12
80019,999.5100296,815.328195,12
80022,1024.637915,784.4703743,12
80025,1042.731769,745.7025779,12
80029,1066.115469,710.2111822,12
80032,1091.571828,676.8243298,12
80035,1108.006013,646.5658355,12
80039,1134.183915,612.6183943,12
80042,1153.990691,587.1989042,12
80045,1171.906331,551.4136081,12
80049,1182.727594,529.3289905,12
80052,1194.636887,505.9933105,12
80055,1193.424317,500.5864695,12
80059,1187.155185,502.7735056,12
80062,1179.466449,510.0047255,12
80065,1178.470145,515.4505463,12
80069,1180.041593,525.0693691,12
80072,1180.441307,521.2442318,12
80075,1187.862385,516.1867161,12
80079,1187.471457,510.494439,12
80082,1187.84326,502.9448736,12
80085,1189.234936,503.1274362,12
80089,1185.599271,508.582655,12
80092,1183.604871,506.1085182,12
80095,1182.92942,509.1867594,12
80099,1181.863825,516.2670091,12
80102,1180.420987,511.5115861,12
80105,1180.183919,516.4619478,12
80109,1179.792714,517.17198,12
80112,1181.087511,512.3493239,12
80115,1181.253446,510.5615013,12
80119,1180.524535,515.4218308,12
80122,1181.703736,513.637689,12
80125,1182.96369,511.0595324,12
80129,1182.16685,516.4991663,12
80132,1181.876084,513.5461988,12
80135,1181.040753,513.1560704,12
80139,1180.941696,512.9319039,12
80142,1180.174671,515.0488957,12
80145,1182.912443,515.5721772,12
80149,1183.412212,513.6932937,12
80152,1183.678231,512.299969,12
80155,1179.038506,516.2073327,12
80159,1179.23728,512.3693356,12
80162,1179.338347,514.7002651,12
80165,1180.110763,509.6960331,12
80169,1179.421335,510.0223197,12
80172,1181.718306,517.9738448,12
80175,1182.679571,513.3481746,12
80179,1180.439701,508.6067262,12
80182,1183.65652,514.6978144,12
80185,1181.588174,514.2138167,12
80189,1182.561056,515.3525076,12
80192,1181.100489,515.6820161,12
80195,1180.83544,512.6382754,12
80199,1180.145163,513.7069976,12
80202,1181.061717,512.3919981,12
80205,1180.184861,512.6812949,12
80209,1179.827537,516.0388134,12
80212,1179.260292,513.2131006,12
80215,1179.85646,511.2706328,12
80219,1177.005912,511.4642474,12
80222,1184.620681,512.5020376,12
80225,1179.571299,510.0583358,12
80229,1177.28158,510.3131353,12
80232,1180.106116,510.2477115,12
80235,1182.238051,510.2434432,12
80239,1180.743875,513.7715272,12
80242,1178.428663,509.0461643,12
80245,1178.118914,512.6661212,12
80249,1179.721023,509.4053094,12
80252,1180.907171,511.0112193,12
80255,1177.994521,510.0938316,12
80259,1175.08823,510.974174,12
80262,1181.604197,506.5847541,12
80265,1179.311931,513.3147731,12
80269,1181.718335,509.6586055,12
80272,1182.144918,511.0983764,12
80275,1178.992985,508.9762512,12
80279,1180.128581,513.2856716,12
80282,1182.454911,510.1898848,12
80285,1182.450008,505.6334847,12
80289,1181.775228,512.9971681,12
80292,1179.651885,513.6625364,12
80295,1179.88594,509.5788543,12
80299,1179.61786,508.4952676,12
80302,1181.160679,509.6412376,12
80305,1179.644056,507.4857465,12
80309,1177.419458,506.77273,12
80312,1180.836698,513.0915493,12
80315,1181.519903,505.1682153,12
80319,1181.254264,512.6514031,12
80322,1177.912793,508.8018837,12
80325,1176.762155,507.1306372,12
80329,1179.720679,515.5345593,12
80332,1179.868101,515.6608008,12
80335,1180.066339,515.0159372,12
80339,1179.563767,518.3536064,12
80342,1182.2591,511.354248,12
80345,1180.165347,510.4694001,12
80349,1181.281501,504.2435853,12
80352,1180.687136,510.5361377,12
80355,1177.87047,515.7988955,12
80359,1179.269222,513.0247975,12
80362,1177.178376,513.2854541,12
80365,1178.596014,512.2549136,12
80369,1181.035511,513.0183068,12
80372,1180.827545,504.7814603,12
80375,1180.139483,506.9540005,12
80379,1176.266507,509.4217476,12
80382,1178.973446,506.4058716,12
80385,1175.449339,509.089072,12
80389,1177.814532,505.001158,12
80392,1181.430441,510.245271,12
80395,1180.193142,504.2083611,12
80399,1181.111774,506.5753135,12
80402,1177.374951,507.5671086,12
80405,1177.684809,499.944235,12
80409,1177.116949,505.3745239,12
80412,1179.079913,508.3058849,12
80415,1176.350032,509.6380162,12
80419,1178.124158,508.2630932,12
80422,1176.556798,506.9887241,12
80425,1177.666014,508.5655803,12
80429,1177.806585,504.9768022,12
80432,1177.086185,497.4777054,12
80435,1176.639022,502.6199685,12
80439,1179.122183,498.1202704,12
80442,1178.634658,506.232951,12
80445,1178.144571,505.1749185,12
80449,1174.80157,506.0898725,12
80452,1179.249037,508.9468077,12
80455,1178.152934,506.437214,12
80459,1181.147944,500.808649,12
80462,1184.63825,497.3793255,12
80465,1175.440349,509.1662073,12
80469,1174.543334,508.1124972,12
80472,1182.000804,509.2270132,12
80475,1182.717813,498.9856249,12
80479,1179.855254,501.952962,12
80482,1176.862251,500.1285969,12
80485,1174.146958,507.5763496,12
80489,1179.611018,502.0054845,12
80492,1180.076077,501.8301387,12
80495,1175.088194,501.4025608,12
80499,1178.694549,511.4099522,12
80502,1176.114721,508.1417913,12
80505,1176.4254,508.7608696,12
80509,1178.662269,512.8675928,12
80512,1179.39502,505.5351224,12
80515,1177.824156,508.948041,12
80519,1179.341432,498.3719897,12
80522,1176.4013,502.7990415,12
80525,1175.895008,500.67301,12
80529,1175.442614,508.7172847,12
80532,NaN,NaN,12
80535,NaN,NaN,12
80539,1180.847364,502.3224831,12
80542,1179.039088,494.9612367,12
80545,NaN,NaN,12
80549,NaN,NaN,12
80552,1177.841238,510.6788652,12
80555,1181.159589,500.1954579,12
80559,1178.700007,498.0103421,12
80562,1180.010503,503.657198,12
80565,1178.095504,494.7842417,12
80569,1182.362001,509.2976884,12
80572,1176.336377,498.7852629,12
80575,1176.441749,499.3626821,12
80579,1178.983101,507.7821046,12
80582,1177.202813,499.4138942,12
80585,1178.432052,493.9799728,12
80589,1176.304921,502.4959626,12
86951,1000.693802,416.0734459,13
86954,998.0623057,428.0633819,13
86958,997.6088079,421.1748268,13
86961,997.3480841,421.7347481,13
86964,999.4567101,426.2409755,13
86968,1002.083621,420.0621194,13
86971,999.2064146,422.4876942,13
86974,1001.849022,421.8672377,13
86978,996.5251191,426.2136455,13
86981,999.3021242,424.7278863,13
86984,1000.910007,423.2007205,13
86988,998.8080701,426.6601748,13
86991,997.6493018,420.4181872,13
86994,996.9758229,425.0500489,13
86998,997.4195101,424.3906155,13
87001,996.7976709,431.4644271,13
87004,996.9612604,426.7994211,13
87008,999.8556123,428.3428616,13
87011,999.2092854,425.2798285,13
87014,999.7826713,427.1645735,13
87018,994.5915172,433.3126593,13
87021,993.4983935,431.3521661,13
87024,995.8535811,420.8251301,13
87028,998.1429288,422.0633741,13
87031,996.0891019,426.895294,13
87034,997.1619157,428.8281396,13
87038,996.2006238,433.2211341,13
87041,998.3647948,423.321897,13
87044,999.7807675,425.8415311,13
87048,1000.0325,424.7515965,13
87051,996.8470478,431.2633357,13
87054,995.5046852,423.6466517,13
87058,1001.505119,424.438965,13
87061,995.0914266,429.5207223,13
87064,1000.261722,426.8436338,13
87068,1002.085605,427.6127071,13
87071,997.3174744,431.7097981,13
87074,998.653843,425.8484936,13
87078,999.8916193,431.2542208,13
87081,996.7767771,428.4564297,13
87084,995.5771222,429.7572034,13
87088,998.6366727,435.3229984,13
87091,997.8233866,428.6678923,13
87094,996.3057397,434.7423816,13
87098,993.1231857,430.5441672,13
87101,995.1039632,431.6835392,13
87104,998.3734953,436.1733674,13
87108,994.6654042,424.4832283,13
87111,997.2583718,429.9541283,13
87114,997.0023899,435.3265224,13
87118,1002.860545,422.3132202,13
87121,998.2400246,429.8705789,13
87124,993.2008621,434.9010401,13
87128,995.9242465,431.8590286,13
87131,992.7257295,429.5768998,13
87134,996.8952896,433.9162485,13
87138,997.6170988,433.5953139,13
87141,995.3902842,425.9007392,13
87144,994.4119632,427.1881326,13
87148,996.5158162,434.0084438,13
87151,999.9187466,427.5036874,13
87154,997.3033788,428.0516756,13
87158,996.4226141,429.5451112,13
87161,996.5263156,429.0180566,13
87164,998.4875688,432.1844125,13
87168,996.7337245,432.4038215,13
87171,996.6977827,441.312759,13
87174,990.3942553,492.210801,13
87178,980.7203809,547.7829786,13
87181,975.3351976,607.8789383,13
87184,967.4089912,652.9239295,13
87188,964.1549411,686.0688766,13
87191,955.281019,723.9319658,13
87194,958.3526704,755.9955331,13
87198,951.8510807,792.1288707,13
87201,NaN,NaN,13
87204,NaN,NaN,13
87208,966.7296072,892.1685124,13
87211,972.0041228,916.279108,13
87214,NaN,NaN,13
87218,NaN,NaN,13
87221,NaN,NaN,13
87224,NaN,NaN,13
87228,NaN,NaN,13
87231,NaN,NaN,13
87234,NaN,NaN,13
87238,NaN,NaN,13
87241,NaN,NaN,13
87244,NaN,NaN,13
87248,NaN,NaN,13
87251,NaN,NaN,13
87254,NaN,NaN,13
87258,NaN,NaN,13
87261,NaN,NaN,13
87264,NaN,NaN,13
87268,960.385502,908.8579705,13
87271,NaN,NaN,13
87274,NaN,NaN,13
87278,NaN,NaN,13
87281,NaN,NaN,13
87284,NaN,NaN,13
87288,NaN,NaN,13
87291,NaN,NaN,13
87294,NaN,NaN,13
87298,NaN,NaN,13
87301,NaN,NaN,13
87304,NaN,NaN,13
87308,NaN,NaN,13
87311,NaN,NaN,13
87314,NaN,NaN,13
87318,NaN,NaN,13
87321,NaN,NaN,13
87324,NaN,NaN,13
87328,NaN,NaN,13
87331,NaN,NaN,13
87334,NaN,NaN,13
87338,960.3235801,910.8262074,13
87341,NaN,NaN,13
87344,NaN,NaN,13
87348,NaN,NaN,13
87351,NaN,NaN,13
87354,NaN,NaN,13
87358,NaN,NaN,13
87361,960.7504762,912.489786,13
87364,956.9658589,910.9068185,13
87368,NaN,NaN,13
87371,NaN,NaN,13
87374,NaN,NaN,13
87378,NaN,NaN,13
87381,NaN,NaN,13
87384,NaN,NaN,13
87388,NaN,NaN,13
87391,NaN,NaN,13
87394,NaN,NaN,13
87398,NaN,NaN,13
87401,NaN,NaN,13
87404,NaN,NaN,13
87408,NaN,NaN,13
87411,NaN,NaN,13
87414,NaN,NaN,13
87418,NaN,NaN,13
87421,NaN,NaN,13
87424,NaN,NaN,13
87428,NaN,NaN,13
87431,NaN,NaN,13
87434,NaN,NaN,13
87438,NaN,NaN,13
87441,NaN,NaN,13
87444,NaN,NaN,13
87448,NaN,NaN,13
87451,NaN,NaN,13
87454,NaN,NaN,13
87458,NaN,NaN,13
87461,NaN,NaN,13
87464,NaN,NaN,13
87468,NaN,NaN,13
87471,NaN,NaN,13
87474,NaN,NaN,13
87478,NaN,NaN,13
87481,NaN,NaN,13
87484,NaN,NaN,13
87488,NaN,NaN,13
87491,NaN,NaN,13
87494,948.6004435,756.9368809,13
87498,NaN,NaN,13
87501,NaN,NaN,13
87504,904.6266678,690.4687479,13
87508,NaN,NaN,13
87511,NaN,NaN,13
87514,NaN,NaN,13
87518,NaN,NaN,13
87521,828.5836833,581.7461781,13
87524,812.5481398,574.6730852,13
87528,801.6471586,556.9022285,13
87531,800.940602,543.9587604,13
87534,790.5007584,533.5664398,13
87538,790.425555,528.5733059,13
87541,795.2981263,529.8968638,13
87544,796.8563876,541.3499469,13
87548,799.4545783,544.845673,13
87551,799.3758838,545.2057706,13
87554,794.6240397,537.4676991,13
87558,792.7277644,540.5314214,13
87561,790.1880865,532.506284,13
87564,791.2593044,533.6649985,13
87568,792.959084,532.587484,13
87571,791.9959088,531.6691851,13
87574,794.4400524,532.5618669,13
87578,791.2776808,531.417143,13
87581,791.6104042,536.9966478,13
87584,790.9529953,535.9129889,13
87588,793.3646534,532.6419587,13
87591,795.2998229,532.3898156,13
87594,794.051727,532.2571174,13
87598,794.6183923,533.2419528,13
87601,795.5524937,537.346248,13
87604,794.6208764,536.5955182,13
87608,790.8434344,535.0087177,13
87611,795.8099126,536.014319,13
87614,793.2455062,531.5207822,13
87618,794.3641314,538.2892983,13
87621,793.7421399,535.1152741,13
87624,792.4982595,536.458697,13
87628,795.6000909,536.3655123,13
87631,793.8540561,537.0079545,13
87634,793.5272339,537.6257014,13
87638,797.8540006,538.8502172,13
87641,794.2166016,534.3924641,13
87644,791.7379185,536.8767755,13
87648,793.9070446,532.8182902,13
87651,791.9419195,533.6206467,13
87654,792.3976536,530.4341719,13
87658,793.0893138,532.9111459,13
87661,796.0324152,530.577528,13
87664,796.2273466,529.9350543,13
87668,794.5400924,523.3912724,13
87671,794.0973,526.7536551,13
87674,794.5542436,532.4031168,13
87678,796.7822661,532.4553768,13
87681,795.1732315,530.3475661,13
87684,794.3615945,534.4046603,13
87688,795.8956813,532.0067277,13
87691,795.5898183,527.6928306,13
87694,798.6445329,528.2092644,13
87698,793.8114105,529.6131238,13
87701,795.089425,532.3934159,13
87704,794.5155738,532.6772584,13
87708,796.5819226,533.2457035,13
87711,798.1320556,531.2238117,13
87714,795.3767197,532.175866,13
87718,795.9804543,529.8280304,13
87721,794.8042327,537.8811344,13
87724,794.1194981,534.8713746,13
87728,793.4026162,529.0551354,13
87731,793.8364407,532.8438615,13
87734,795.9200107,531.1337208,13
87738,793.3713914,531.3024628,13
87741,795.7017279,533.4071522,13
87744,793.0366507,528.487732,13
87748,794.0721347,528.546907,13
87751,794.5854593,528.418563,13
87754,793.6591473,527.8078279,13
87758,796.5197205,533.5570987,13
87761,792.5528721,525.146749,13
87764,793.8904,528.7627029,13
87768,793.996221,534.7935775,13
87771,791.021723,530.1882623,13
87774,797.957826,532.0641781,13
87778,794.0504652,529.5358112,13
87781,796.9736417,528.8156961,13
87784,795.6328676,529.0525141,13
87788,792.7257582,525.9508854,13
87791,793.8626627,530.654211,13
87794,796.2137206,526.5553232,13
87798,794.0415667,525.2164274,13
87801,793.6966167,524.9651312,13
87804,792.0863467,527.0554401,13
87808,794.4249425,528.7305947,13
87811,794.5354015,529.2026893,13
87814,792.4406924,531.6202794,13
87818,793.2674406,530.0235468,13
87821,NaN,NaN,13
87824,NaN,NaN,13
87828,792.2257183,532.1286489,13
87831,792.4081286,527.848599,13
87834,796.0312268,530.1698086,13
87838,793.3920386,528.0234242,13
87841,793.1075025,529.4488875,13
87844,794.6016971,529.7695768,13
87848,794.4078909,528.7070328,13
87851,793.0101327,527.5492718,13
87854,794.3433659,525.9118149,13
87858,794.7788377,524.4219862,13
87861,792.5608135,530.1293223,13
87864,797.4164612,522.7011917,13
87868,795.3598233,530.0123005,13
87871,792.3470682,527.8486959,13
87874,790.1352509,529.0643519,13
87878,794.8100145,530.5434907,13
87881,792.4273333,530.0773178,13
87884,792.9602121,529.3412685,13
87888,793.0425003,529.0751125,13
87891,793.6322879,536.365971,13
87894,793.055713,527.445999,13
87898,793.2164383,527.1245578,13
87901,794.531087,524.6180266,13
87904,789.8661757,524.8069669,13
87908,794.8956368,524.5277651,13
87911,791.7114675,520.4789975,13
87914,793.8756745,523.3091403,13
87918,796.683029,524.7651691,13
87921,793.5537503,529.3993345,13
87924,791.0992535,530.4847332,13
87928,793.3075122,527.8060937,13
87931,792.0575722,530.7864755,13
87934,792.9543853,528.3911298,13
87938,789.5616473,532.6685646,13
87941,794.1923935,529.9503729,13
87944,792.4092625,531.2957232,13
87948,791.128758,533.9506424,13
87951,793.0602612,533.6116943,13
87954,793.1203918,533.504692,13
87958,789.3066731,533.708802,13
87961,794.5680765,529.7617306,13
87964,793.4506038,529.1961008,13
87968,796.697084,523.8450557,13
87971,789.9194393,532.4945247,13
87974,791.5039011,530.4499912,13
87978,791.784883,526.7445543,13
87981,790.8698049,529.8944489,13
87984,791.8294953,533.325932,13
87988,791.1701738,530.5323276,13
87991,792.7553803,533.4574295,13
87994,791.2317413,535.6518782,13
87998,790.0640335,532.8959657,13
88001,NaN,NaN,13
88004,NaN,NaN,13
88008,786.5240439,532.7832492,13
88011,794.273973,530.555583,13
88014,790.8600414,529.5868528,13
88018,NaN,NaN,13
88021,NaN,NaN,13
88024,NaN,NaN,13
88028,NaN,NaN,13
88031,NaN,NaN,13
88034,NaN,NaN,13
88038,791.5583903,530.9150527,13
88041,788.4793304,533.4257318,13
88044,790.2929837,527.2738996,13
88048,786.8600773,529.176802,13
88051,786.4511923,531.2612928,13
88054,787.9262844,536.3428325,13
88058,NaN,NaN,13
88061,NaN,NaN,13
88064,787.5774944,527.4187197,13
88068,787.0159722,528.2952136,13
88071,792.6089871,529.8465348,13
88074,792.0411504,529.2490225,13
88078,790.1363058,536.4264516,13
88081,788.4179841,532.8025151,13
88084,789.5691159,530.3479935,13
88088,788.0104707,524.4407733,13
88091,791.132512,529.4724217,13
88094,789.6989578,532.853233,13
88098,790.5477217,530.8931213,13
88101,791.033098,526.8691619,13
88104,791.0081622,531.7512511,13
88108,789.3384602,527.7872822,13
88111,788.4000945,532.6910119,13
88114,789.6052316,534.557602,13
88118,NaN,NaN,13
88121,NaN,NaN,13
88124,790.6623497,535.6043138,13
88128,NaN,NaN,13
88131,NaN,NaN,13
88134,788.7620876,534.2256766,13
88138,790.6723116,528.4413713,13
88141,788.874655,530.9449672,13
88144,NaN,NaN,13
88148,NaN,NaN,13
88151,789.6820466,534.8256114,13
88154,791.7120063,535.0423702,13
88158,NaN,NaN,13
88161,NaN,NaN,13
88164,789.7468964,530.0166634,13
88168,788.7353458,530.4603839,13
88171,NaN,NaN,13
88174,NaN,NaN,13
88178,788.453884,531.2653823,13
88181,790.2871691,534.1459214,13
88184,788.1336677,531.4626676,13
88188,NaN,NaN,13
88191,NaN,NaN,13
88194,789.5886446,534.5293438,13
88198,793.4432866,534.1670761,13
88201,NaN,NaN,13
88204,NaN,NaN,13
88208,NaN,NaN,13
88211,NaN,NaN,13
91884,938.6852702,424.3601784,14
91887,935.3661326,421.2509057,14
91890,936.2267481,422.6117255,14
91894,937.2568145,421.8930466,14
91897,936.3607621,423.2467025,14
91900,936.2442988,422.2463999,14
91904,936.8377345,425.0259364,14
91907,937.1357304,420.2313414,14
91910,939.0318088,421.0069535,14
91914,936.4558258,425.9273355,14
91917,935.4628726,426.7658798,14
91920,939.6615247,421.1501699,14
91924,936.6896103,424.4772506,14
91927,937.4089554,423.1313176,14
91930,934.5231919,423.4176198,14
91934,938.6965203,422.5599118,14
91937,935.304138,425.759701,14
91940,938.3857108,432.76324,14
91944,933.5783513,463.5534173,14
91947,923.4540443,505.2227694,14
91950,915.1480352,563.4083838,14
91954,914.464579,592.118154,14
91957,915.9747217,601.4746409,14
91960,917.1269492,592.1671156,14
91964,918.7307567,582.0448547,14
91967,922.8327502,564.1995245,14
91970,925.3914164,549.2216437,14
91974,922.5104615,548.1685474,14
91977,920.673434,555.6697446,14
91980,921.9069912,572.7389121,14
91984,921.11891,577.7324549,14
91987,919.0302216,586.6439892,14
91990,919.8928931,587.0335721,14
91994,922.2192683,586.7434318,14
91997,923.1589419,589.4868286,14
92000,916.4845464,588.6303318,14
92004,921.899356,584.8271911,14
92007,920.3471901,582.4638303,14
92010,921.7801071,578.4968998,14
92014,921.0059797,583.6931582,14
92017,920.0051584,582.7261222,14
92020,921.6104212,587.9187574,14
92024,918.7454273,590.1579011,14
92027,919.5685473,584.9607228,14
92030,922.2577052,586.9863698,14
92034,922.6169957,586.2391561,14
92037,920.2459368,588.2245354,14
92040,918.9593832,585.9947218,14
92044,917.0042791,586.3003124,14
92047,917.0866561,581.57893,14
92050,919.9501718,582.105764,14
92054,919.2684064,585.925357,14
92057,923.4494458,584.0347324,14
92060,919.6754869,591.3722192,14
92064,920.5379155,587.9338123,14
92067,919.6584656,589.2501644,14
92070,918.4115904,588.7761992,14
92074,920.7762812,586.6082767,14
92077,916.9050073,585.8037103,14
92080,921.9811045,584.4591275,14
92084,920.2838407,585.1697109,14
92087,919.6900924,586.2604039,14
92090,921.3767266,586.6667008,14
92094,917.9504166,588.3958102,14
92097,920.5943234,586.2031784,14
92100,917.2869252,584.681652,14
92104,NaN,NaN,14
92107,NaN,NaN,14
92110,920.6343814,590.9992443,14
92114,920.5187145,590.0945652,14
92117,921.2464669,589.3363962,14
92120,NaN,NaN,14
92124,NaN,NaN,14
92127,918.6737059,585.4929993,14
92130,NaN,NaN,14
92134,NaN,NaN,14
92137,926.0329001,675.4498366,14
92140,931.5685538,729.5214563,14
92144,943.9802621,783.1103273,14
92147,NaN,NaN,14
92150,NaN,NaN,14
92154,NaN,NaN,14
92157,NaN,NaN,14
92160,NaN,NaN,14
92164,NaN,NaN,14
92167,NaN,NaN,14
92170,NaN,NaN,14
92174,NaN,NaN,14
92177,NaN,NaN,14
92180,NaN,NaN,14
92184,NaN,NaN,14
92187,NaN,NaN,14
92190,NaN,NaN,14
92194,NaN,NaN,14
92197,NaN,NaN,14
92200,977.6045402,879.5588297,14
92204,NaN,NaN,14
92207,NaN,NaN,14
92210,NaN,NaN,14
92214,NaN,NaN,14
92217,NaN,NaN,14
92220,NaN,NaN,14
92224,NaN,NaN,14
92227,NaN,NaN,14
92230,NaN,NaN,14
92234,NaN,NaN,14
92237,NaN,NaN,14
92240,NaN,NaN,14
92244,NaN,NaN,14
92247,NaN,NaN,14
92250,NaN,NaN,14
92254,NaN,NaN,14
92257,NaN,NaN,14
92260,NaN,NaN,14
92264,NaN,NaN,14
92267,NaN,NaN,14
92270,NaN,NaN,14
92274,NaN,NaN,14
92277,NaN,NaN,14
92280,NaN,NaN,14
92284,NaN,NaN,14
92287,NaN,NaN,14
92290,NaN,NaN,14
92294,NaN,NaN,14
92297,NaN,NaN,14
92300,NaN,NaN,14
92304,NaN,NaN,14
92307,NaN,NaN,14
92310,NaN,NaN,14
92314,NaN,NaN,14
92317,NaN,NaN,14
92320,NaN,NaN,14
92324,892.2446641,698.7979936,14
92327,903.2900575,668.1158752,14
92330,902.1494191,627.6862321,14
92334,892.8612209,583.0782359,14
92337,892.5605379,554.5891883,14
92340,888.9721234,539.9148194,14
92344,891.8030229,542.5019781,14
92347,891.3723421,549.4809117,14
92350,891.7051934,551.7893278,14
92354,887.4679754,557.3716419,14
92357,NaN,NaN,14
92360,NaN,NaN,14
92364,NaN,NaN,14
92367,NaN,NaN,14
92370,NaN,NaN,14
92374,NaN,NaN,14
92377,894.302454,528.1058045,14
92380,891.786422,533.2647324,14
92384,886.5139008,539.8065749,14
92387,NaN,NaN,14
92390,NaN,NaN,14
92394,888.4165008,539.2250584,14
92397,887.2830578,542.1374246,14
92400,NaN,NaN,14
92404,NaN,NaN,14
92407,888.0881469,545.5426291,14
92410,888.2836186,546.3383874,14
92414,887.5718074,542.8150536,14
92417,886.2723633,540.4132575,14
92420,887.5555023,548.3178704,14
92424,890.0913199,541.8124418,14
92427,886.5309795,542.6641473,14
92430,884.5021666,544.3673728,14
92434,884.010767,545.1555314,14
92437,886.4205601,543.2986742,14
92440,888.1715507,539.6828678,14
92444,NaN,NaN,14
92447,NaN,NaN,14
92450,NaN,NaN,14
92454,NaN,NaN,14
92457,NaN,NaN,14
92460,NaN,NaN,14
92464,887.1016035,543.5540292,14
92467,886.0212258,544.9704668,14
92470,NaN,NaN,14
92474,NaN,NaN,14
92477,NaN,NaN,14
92480,NaN,NaN,14
92484,NaN,NaN,14
92487,NaN,NaN,14
92490,887.7339633,539.9850829,14
92494,883.2960366,543.967216,14
92497,NaN,NaN,14
92500,NaN,NaN,14
92504,883.527921,544.3860918,14
92507,886.5990142,542.442104,14
92510,883.4808556,542.5111149,14
92514,NaN,NaN,14
92517,NaN,NaN,14
92520,884.0402021,542.7348843,14
92524,886.4241766,543.0142333,14
92527,884.3082521,543.8821632,14
92530,884.1814689,542.9419672,14
92534,882.2885314,541.4133836,14
92537,880.963996,541.505544,14
92540,NaN,NaN,14
92544,NaN,NaN,14
92547,885.0431326,542.9064763,14
92550,888.8342472,543.3096638,14
92554,NaN,NaN,14
92557,NaN,NaN,14
92560,918.0804372,536.5065497,14
92564,927.7310691,536.1420566,14
92567,935.1848727,534.469837,14
92570,NaN,NaN,14
92574,NaN,NaN,14
92577,NaN,NaN,14
92580,NaN,NaN,14
92584,NaN,NaN,14
92587,NaN,NaN,14
92590,917.5403626,540.9080852,14
92594,916.4602405,538.604897,14
92597,NaN,NaN,14
92600,NaN,NaN,14
92604,920.9542803,534.3101045,14
92607,NaN,NaN,14
92610,NaN,NaN,14
92614,NaN,NaN,14
92617,NaN,NaN,14
92620,920.2019415,537.7869593,14
92624,NaN,NaN,14
92627,NaN,NaN,14
92630,918.223524,536.1749605,14
92634,919.224427,543.4291353,14
92637,919.0087271,540.6190601,14
92640,918.706619,542.2171217,14
92644,918.7620391,542.1670602,14
92647,919.7598274,537.3835067,14
92650,918.1777094,535.1986132,14
92654,NaN,NaN,14
92657,NaN,NaN,14
92660,918.9461785,539.6381503,14
92664,919.8985258,538.2334337,14
92667,917.6894346,538.9711289,14
92670,919.5608403,537.664927,14
92674,920.7488499,538.6729843,14
92677,916.2197233,535.81202,14
92680,NaN,NaN,14
92684,NaN,NaN,14
92687,921.5091285,538.0276146,14
92690,935.5254168,541.9525838,14
92694,970.1062814,532.1870719,14
92697,NaN,NaN,14
92700,NaN,NaN,14
92704,1094.193833,494.1264001,14
92707,1117.656782,483.4109337,14
92710,1132.056774,481.8030306,14
92714,1142.678712,482.9251107,14
92717,1140.96196,488.9909055,14
92720,1126.336612,495.7471861,14
92724,NaN,NaN,14
92727,NaN,NaN,14
92730,1107.998001,493.8079723,14
92734,1116.910316,498.5866075,14
92737,1125.812711,489.8932701,14
92740,NaN,NaN,14
92744,NaN,NaN,14
92747,1136.125267,487.6618048,14
92750,1135.489393,487.3543515,14
92754,1135.270639,492.6062745,14
92757,NaN,NaN,14
92760,NaN,NaN,14
92764,NaN,NaN,14
92767,NaN,NaN,14
92770,NaN,NaN,14
92774,NaN,NaN,14
92777,1131.399368,492.8708815,14
92780,NaN,NaN,14
92784,NaN,NaN,14
92787,1130.570148,492.5773773,14
92790,1132.577178,493.1942246,14
92794,NaN,NaN,14
92797,NaN,NaN,14
92800,1128.99881,486.3802785,14
92804,1131.031218,489.4420981,14
92807,1130.422295,491.6211909,14
92810,1130.108139,487.7860195,14
92814,1127.674642,500.5161799,14
92817,1127.881619,494.3073677,14
92820,1134.338815,494.9227362,14
92824,NaN,NaN,14
92827,NaN,NaN,14
92830,1131.669998,495.0208058,14
92834,1130.12916,487.4090926,14
92837,1133.501289,486.0339887,14
92840,1132.177718,491.1338874,14
92844,1132.242832,492.5121209,14
92847,1133.501354,491.9999132,14
92850,NaN,NaN,14
92854,NaN,NaN,14
92857,1131.936708,492.0212062,14
92860,1133.864401,490.6784233,14
92864,1134.674371,489.4474528,14
92867,NaN,NaN,14
92870,NaN,NaN,14
92874,1132.880148,490.2428317,14
92877,1131.024922,488.9576564,14
92880,1129.028884,489.1020279,14
92884,1130.559879,487.8158409,14
92887,1128.804345,490.1209981,14
92890,1131.051365,489.8624717,14
92894,NaN,NaN,14
92897,NaN,NaN,14
92900,1133.131614,486.6134537,14
92904,1130.154617,493.8689784,14
92907,1132.645935,490.520181,14
92910,1130.02376,486.5990962,14
92914,1130.937211,491.3469864,14
92917,1129.374021,491.7569231,14
92920,NaN,NaN,14
92924,NaN,NaN,14
92927,1130.070749,490.0594907,14
92930,1129.653176,492.1030035,14
92934,1131.767952,492.0104724,14
92937,NaN,NaN,14
92940,NaN,NaN,14
92944,1131.216678,491.9148455,14
92947,1128.770693,489.1356684,14
92950,NaN,NaN,14
92954,NaN,NaN,14
92957,1133.110788,489.0734874,14
92960,1131.559033,492.9338047,14
92964,NaN,NaN,14
92967,NaN,NaN,14
92970,NaN,NaN,14
92974,NaN,NaN,14
92977,NaN,NaN,14
92980,NaN,NaN,14
92984,1134.107258,489.2743591,14
92987,1132.178776,496.1907294,14
92990,NaN,NaN,14
92994,NaN,NaN,14
92997,1132.152369,492.6879884,14
93000,1133.181792,494.2140782,14
93004,1131.439302,492.0944054,14
93007,NaN,NaN,14
93010,NaN,NaN,14
93014,1131.308839,491.335037,14
93017,1133.904916,493.8683591,14
93020,NaN,NaN,14
93024,NaN,NaN,14
93027,1130.537761,492.3673959,14
93030,1132.674053,487.2841949,14
93034,NaN,NaN,14
93037,NaN,NaN,14
93040,1134.577673,491.6942226,14
93044,1131.728827,491.0932641,14
93047,NaN,NaN,14
93050,NaN,NaN,14
93054,NaN,NaN,14
93057,NaN,NaN,14
93060,1132.767833,494.4053993,14
93064,NaN,NaN,14
93067,NaN,NaN,14
93070,NaN,NaN,14
93074,NaN,NaN,14
93077,NaN,NaN,14
93080,NaN,NaN,14
93084,NaN,NaN,14
93087,NaN,NaN,14
93090,NaN,NaN,14
93094,NaN,NaN,14
93097,NaN,NaN,14
93100,NaN,NaN,14
96766,786.0422371,641.704123,15
96770,790.6013107,636.5967692,15
96773,785.7316277,637.9240325,15
96776,786.8393037,633.2460295,15
96780,790.1188807,636.5663243,15
96783,786.7743731,635.2060533,15
96786,787.8082403,633.3668949,15
96790,788.1339307,634.7272777,15
96793,786.5226322,639.1817323,15
96796,787.6390255,635.1122799,15
96800,789.5829462,633.241572,15
96803,785.0366373,635.71372,15
96806,790.2532715,636.4089742,15
96810,785.8124468,633.0301179,15
96813,786.6874213,631.3002226,15
96816,787.1840612,634.4682607,15
96820,786.2820959,640.5683316,15
96823,785.7463381,638.1874801,15
96826,791.4686739,632.6952882,15
96830,789.3083883,634.0801366,15
96833,785.8343115,638.5162651,15
96836,787.2808861,631.2068177,15
96840,788.5645772,636.6391942,15
96843,789.1333552,637.4569311,15
96846,787.6911417,638.1452487,15
96850,785.0674279,636.6510083,15
96853,787.3611644,636.6340536,15
96856,788.3336501,641.3042518,15
96860,785.1702606,638.9663149,15
96863,788.403313,633.1491896,15
96866,787.8280276,640.3044249,15
96870,786.5530387,633.7927802,15
96873,789.171142,631.0590135,15
96876,787.5203521,634.0602304,15
96880,788.8409436,634.8548564,15
96883,784.3530248,637.5800559,15
96886,793.0218006,630.6650874,15
96890,786.4495967,636.5960747,15
96893,789.9813296,635.768629,15
96896,786.8127744,635.6859757,15
96900,786.6306548,638.9664583,15
96903,786.1583924,640.0304263,15
96906,788.339462,639.9299831,15
96910,788.5338411,634.9930051,15
96913,790.3869431,637.6578875,15
96916,786.5823069,640.8325347,15
96920,788.1298034,640.5927134,15
96923,789.5077351,639.1759321,15
96926,790.3490785,637.0259824,15
96930,786.8893355,639.9797452,15
96933,789.8845325,639.0370418,15
96936,789.0392191,638.5056926,15
96940,785.3483555,641.0128491,15
96943,788.5174124,637.7199943,15
96946,792.253206,638.9116982,15
96950,790.2167981,634.8310085,15
96953,789.9388884,638.8460174,15
96956,789.1738699,635.9062377,15
96960,789.0794981,642.7365457,15
96963,787.3808499,636.4138189,15
96966,788.7697813,640.7223374,15
96970,785.6013322,638.4306935,15
96973,789.4759859,636.0972504,15
96976,786.0449027,640.4449087,15
96980,787.9943421,638.7425318,15
96983,788.3563819,641.042244,15
96986,800.9898693,661.3776303,15
96990,829.6282409,690.6431298,15
96993,868.702659,726.1021704,15
96996,899.9971848,764.7260292,15
97000,932.8816061,807.6733191,15
97003,939.789269,832.1300486,15
97006,940.1321703,848.5976924,15
97010,NaN,NaN,15
97013,NaN,NaN,15
97016,933.8965928,845.7711405,15
97020,933.8952827,840.5960926,15
97023,NaN,NaN,15
97026,NaN,NaN,15
97030,944.3553867,842.3528408,15
97033,945.4142033,848.3292025,15
97036,NaN,NaN,15
97040,NaN,NaN,15
97043,950.4722551,866.8921597,15
97046,951.4795874,861.7171644,15
97050,NaN,NaN,15
97053,NaN,NaN,15
97056,NaN,NaN,15
97060,NaN,NaN,15
97063,946.0563173,855.707808,15
97066,NaN,NaN,15
97070,NaN,NaN,15
97073,NaN,NaN,15
97076,NaN,NaN,15
97080,NaN,NaN,15
97083,NaN,NaN,15
97086,946.9859409,858.0849171,15
97090,951.1500682,861.2514624,15
97093,948.325881,859.3414058,15
97096,949.8164043,859.0922618,15
97100,949.2281752,858.7926669,15
97103,950.330571,856.2694337,15
97106,NaN,NaN,15
97110,NaN,NaN,15
97113,949.2535348,861.3917824,15
97116,947.7051122,860.2831031,15
97120,948.8790452,859.6083059,15
97123,951.5709951,859.5376959,15
97126,947.871747,860.251855,15
97130,950.3405977,859.9317788,15
97133,950.0486126,857.8825689,15
97136,NaN,NaN,15
97140,NaN,NaN,15
97143,953.5200153,858.1131258,15
97146,951.0402807,860.4402031,15
97150,NaN,NaN,15
97153,NaN,NaN,15
97156,950.5925419,859.0997521,15
97160,951.0567111,858.2131864,15
97163,NaN,NaN,15
97166,NaN,NaN,15
97170,946.7459327,858.0974007,15
97173,913.7886832,846.4738805,15
97176,876.1572961,831.4963965,15
97180,821.3288992,798.6285762,15
97183,784.4123422,772.6698382,15
97186,751.5962514,757.6997099,15
97190,724.8781974,736.1441113,15
97193,696.8108611,717.8444367,15
97196,662.7067955,716.6462869,15
97200,NaN,NaN,15
97203,NaN,NaN,15
97206,NaN,NaN,15
97210,NaN,NaN,15
97213,NaN,NaN,15
97216,NaN,NaN,15
97220,NaN,NaN,15
97223,NaN,NaN,15
97226,NaN,NaN,15
97230,NaN,NaN,15
97233,NaN,NaN,15
97236,NaN,NaN,15
97240,NaN,NaN,15
97243,NaN,NaN,15
97246,NaN,NaN,15
97250,NaN,NaN,15
97253,NaN,NaN,15
97256,NaN,NaN,15
97260,NaN,NaN,15
97263,NaN,NaN,15
97266,NaN,NaN,15
97270,NaN,NaN,15
97273,NaN,NaN,15
97276,NaN,NaN,15
97280,NaN,NaN,15
97283,NaN,NaN,15
97286,NaN,NaN,15
97290,NaN,NaN,15
97293,NaN,NaN,15
97296,NaN,NaN,15
97300,NaN,NaN,15
97303,NaN,NaN,15
97306,NaN,NaN,15
97310,NaN,NaN,15
97313,NaN,NaN,15
97316,NaN,NaN,15
97320,NaN,NaN,15
97323,NaN,NaN,15
97326,NaN,NaN,15
97330,NaN,NaN,15
97333,NaN,NaN,15
97336,NaN,NaN,15
97340,NaN,NaN,15
97343,NaN,NaN,15
97346,NaN,NaN,15
97350,NaN,NaN,15
97353,NaN,NaN,15
97356,NaN,NaN,15
97360,NaN,NaN,15
97363,NaN,NaN,15
97366,NaN,NaN,15
97370,NaN,NaN,15
97373,NaN,NaN,15
97376,NaN,NaN,15
97380,NaN,NaN,15
97383,NaN,NaN,15
97386,NaN,NaN,15
97390,NaN,NaN,15
97393,NaN,NaN,15
97396,NaN,NaN,15
97400,NaN,NaN,15
97403,NaN,NaN,15
97406,NaN,NaN,15
97410,NaN,NaN,15
97413,NaN,NaN,15
97416,NaN,NaN,15
97420,NaN,NaN,15
97423,NaN,NaN,15
97426,NaN,NaN,15
97430,NaN,NaN,15
97433,NaN,NaN,15
97436,NaN,NaN,15
97440,NaN,NaN,15
97443,NaN,NaN,15
97446,NaN,NaN,15
97450,NaN,NaN,15
97453,NaN,NaN,15
97456,NaN,NaN,15
97460,NaN,NaN,15
97463,NaN,NaN,15
97466,NaN,NaN,15
97470,NaN,NaN,15
97473,NaN,NaN,15
97476,NaN,NaN,15
97480,NaN,NaN,15
97483,NaN,NaN,15
97486,NaN,NaN,15
97490,NaN,NaN,15
97493,NaN,NaN,15
97496,NaN,NaN,15
97500,NaN,NaN,15
97503,NaN,NaN,15
97506,NaN,NaN,15
97510,NaN,NaN,15
97513,NaN,NaN,15
97516,NaN,NaN,15
97520,NaN,NaN,15
97523,NaN,NaN,15
97526,NaN,NaN,15
97530,NaN,NaN,15
97533,NaN,NaN,15
97536,NaN,NaN,15
97540,NaN,NaN,15
97543,NaN,NaN,15
97546,NaN,NaN,15
97550,NaN,NaN,15
97553,NaN,NaN,15
97556,NaN,NaN,15
97560,NaN,NaN,15
97563,620.8461897,621.2676777,15
97566,666.4414834,665.3303787,15
97570,718.9549689,705.166411,15
97573,NaN,NaN,15
97576,NaN,NaN,15
97580,NaN,NaN,15
97583,NaN,NaN,15
97586,NaN,NaN,15
97590,NaN,NaN,15
97593,NaN,NaN,15
97596,NaN,NaN,15
97600,NaN,NaN,15
97603,NaN,NaN,15
97606,NaN,NaN,15
97610,NaN,NaN,15
97613,NaN,NaN,15
97616,NaN,NaN,15
97620,NaN,NaN,15
97623,NaN,NaN,15
97626,NaN,NaN,15
97630,NaN,NaN,15
97633,NaN,NaN,15
97636,NaN,NaN,15
97640,NaN,NaN,15
97643,NaN,NaN,15
97646,NaN,NaN,15
97650,NaN,NaN,15
97653,NaN,NaN,15
97656,NaN,NaN,15
97660,NaN,NaN,15
97663,NaN,NaN,15
97666,NaN,NaN,15
97670,NaN,NaN,15
97673,NaN,NaN,15
97676,NaN,NaN,15
97680,NaN,NaN,15
97683,NaN,NaN,15
97686,NaN,NaN,15
97690,NaN,NaN,15
97693,NaN,NaN,15
97696,NaN,NaN,15
97700,NaN,NaN,15
97703,NaN,NaN,15
97706,NaN,NaN,15
97710,NaN,NaN,15
97713,NaN,NaN,15
97716,NaN,NaN,15
97720,NaN,NaN,15
97723,NaN,NaN,15
97726,NaN,NaN,15
97730,NaN,NaN,15
97733,NaN,NaN,15
97736,NaN,NaN,15
97740,NaN,NaN,15
97743,NaN,NaN,15
97746,NaN,NaN,15
97750,NaN,NaN,15
97753,NaN,NaN,15
97756,NaN,NaN,15
97760,NaN,NaN,15
97763,NaN,NaN,15
97766,NaN,NaN,15
97770,NaN,NaN,15
97773,NaN,NaN,15
97776,NaN,NaN,15
97780,NaN,NaN,15
97783,NaN,NaN,15
97786,NaN,NaN,15
97790,NaN,NaN,15
97793,NaN,NaN,15
97796,NaN,NaN,15
97800,NaN,NaN,15
97803,NaN,NaN,15
97806,NaN,NaN,15
97810,NaN,NaN,15
97813,NaN,NaN,15
97816,NaN,NaN,15
97820,NaN,NaN,15
97823,NaN,NaN,15
97826,NaN,NaN,15
97830,NaN,NaN,15
97833,NaN,NaN,15
97836,NaN,NaN,15
97840,NaN,NaN,15
97843,NaN,NaN,15
97846,NaN,NaN,15
97850,NaN,NaN,15
97853,NaN,NaN,15
97856,NaN,NaN,15
97860,NaN,NaN,15
97863,NaN,NaN,15
97866,NaN,NaN,15
97870,NaN,NaN,15
97873,NaN,NaN,15
97876,NaN,NaN,15
97880,584.8101715,565.5679772,15
97883,551.1762622,552.8095068,15
97886,525.2126146,527.2735378,15
97890,496.9592879,507.9233944,15
97893,484.5972486,488.5690598,15
97896,NaN,NaN,15
97900,NaN,NaN,15
97903,472.7673092,484.3045313,15
97906,482.3936905,499.5959685,15
97910,490.6711409,501.1714018,15
97913,485.9524483,497.505483,15
97916,484.7088826,490.5042573,15
97920,475.1773575,483.2508781,15
97923,470.0710022,483.0986968,15
97926,469.6500057,478.8783612,15
97930,468.9285037,483.3677742,15
97933,474.903124,484.448809,15
97936,473.5329872,485.724591,15
97940,472.8094133,491.0765383,15
97943,472.3965664,492.1130313,15
97946,476.2052407,493.4065874,15
97950,475.7609465,492.5659068,15
97953,472.7450511,492.8646453,15
97956,475.6629355,489.3623925,15
97960,474.9128878,494.0120506,15
97963,475.8482563,492.0972721,15
97966,475.3861462,493.1154642,15
97969,472.2695668,490.6851253,15
97973,476.7189415,489.8855383,15
97976,475.0795608,492.9290504,15
97980,475.5770695,491.3600119,15
97983,473.7461753,491.948365,15
97986,475.5583051,493.9973584,15
97990,473.1885011,495.7260628,15
97993,472.6519617,489.514046,15
97996,NaN,NaN,15
98000,NaN,NaN,15
98003,475.9445698,495.3082566,15
98006,473.3992312,494.68659,15
98009,473.8651645,499.6314857,15
98013,475.2002462,495.5407558,15
98016,471.2844849,493.4213664,15
98020,471.5906863,495.0709621,15
98023,472.6844379,492.4287181,15
98026,471.7247838,493.2892794,15
98030,473.1254652,492.2316588,15
98033,472.8667355,496.715824,15
98036,470.5406492,494.3018292,15
98039,470.4921129,494.7667453,15
98043,473.8625777,493.4890999,15
98046,469.3418303,495.2909191,15
98050,474.0397173,491.5403209,15
98053,473.1577027,494.3004653,15
98056,459.4083369,497.1884173,15
98060,429.1068888,492.7802175,15
98063,392.2863064,488.5316331,15
98066,365.1445075,479.6752974,15
98069,344.9204546,476.6285707,15
98073,333.0392498,477.3684762,15
98076,332.045719,482.3911353,15
98080,333.532716,465.2779081,15
98083,NaN,NaN,15
98086,NaN,NaN,15
98090,362.8923395,467.1884457,15
98093,NaN,NaN,15
98096,NaN,NaN,15
98100,342.5144558,469.8801288,15
98103,340.4838773,468.4343721,15
98106,341.9080284,463.7752203,15
98110,NaN,NaN,15
98113,NaN,NaN,15
98116,346.3445638,466.3072967,15
98120,347.81521,465.7697176,15
98123,346.6166192,468.0226407,15
98126,349.4940673,467.6759706,15
98130,347.957859,465.201251,15
98133,345.9097779,468.0072071,15
98136,350.31437,467.2684184,15
98139,348.4356638,463.404295,15
98143,351.4293652,468.8838413,15
98146,348.6634054,469.0200278,15
98149,348.7356819,469.8057203,15
98153,348.2813511,467.3465223,15
98156,345.11961,470.6488151,15
98160,347.8965209,468.6571388,15
98163,349.9349507,466.7018913,15
98166,349.5928047,471.1873918,15
98169,345.3109633,473.594652,15
98173,350.3214686,465.313761,15
98176,344.1626964,466.2386317,15
98179,350.1030653,469.3203557,15
98183,352.1070321,468.7373671,15
98186,349.5832608,470.0316737,15
98190,351.5008223,468.9216441,15
98193,350.1605503,468.6884406,15
98196,354.1422582,466.4709914,15
98200,352.4600956,468.0335593,15
98203,353.725029,468.9812034,15
98206,353.3296837,465.3290687,15
98209,352.6507598,466.9599796,15
98213,351.7951379,466.1326628,15
98216,352.0649964,464.3452379,15
98219,351.8781121,469.8927425,15
98223,355.1369339,459.2984892,15
98226,354.7720192,464.1094544,15
98230,348.3056939,469.2279541,15
98233,350.0221127,466.7784489,15
98236,351.0369861,465.7054631,15
98239,352.6206355,462.9181398,15
98243,354.7472646,461.3535325,15
98246,353.6869831,466.4447291,15
98249,354.5205882,466.9104686,15
98253,354.4703769,465.0745826,15
98256,353.7753767,469.0467136,15
98260,355.6923434,463.241831,15
98263,352.566773,468.003778,15
98266,350.8537428,465.3189714,15
98269,355.1621287,469.87517,15
98273,353.4417162,464.8102913,15
98276,353.1895181,466.6178873,15
98279,352.5873923,469.1448379,15
98283,350.6776355,468.9460107,15
98286,349.8151608,470.9218282,15
98289,353.2465186,465.2353248,15
98293,353.7840232,471.8538461,15
98296,358.3418612,462.1132377,15
98299,354.153398,470.376783,15
98303,356.7916834,465.8261653,15
98306,355.2914364,464.6058038,15
98309,355.596888,465.1212375,15
98313,352.1258599,463.7872953,15
98316,350.8343286,464.6168807,15
98319,352.3205168,468.9813431,15
98323,352.051573,465.81438,15
98326,350.2086428,469.787057,15
98330,354.3028445,468.0585023,15
98333,352.7470454,466.6930521,15
98336,352.5682514,468.9840626,15
98339,353.8073724,470.8285327,15
98343,351.4441561,462.8417233,15
98346,349.3918582,465.8447814,15
98349,353.9079101,466.6000062,15
98353,352.3599727,468.3975684,15
98356,347.783312,469.1203714,15
98359,352.4970032,462.7237212,15
98363,352.0026459,466.032761,15
98366,350.4028429,466.7829216,15
98369,350.9270923,465.0745885,15
98373,353.9185377,465.9482924,15
98376,353.4124102,469.6975757,15
98379,352.5006877,463.608194,15
98383,354.0922491,465.2410811,15
98386,348.9413938,464.9468549,15
98389,352.1956709,472.3238017,15
98393,352.7597436,463.7060749,15
98396,348.1752906,470.7462614,15
98399,351.1536667,465.2636781,15
98403,352.2528411,471.776387,15
98406,351.9261852,465.6942218,15
98409,350.5668518,467.1330024,15
98413,351.3032292,468.1366659,15
98416,350.2081971,468.627182,15
98419,352.0659752,467.4481688,15
98423,347.9102978,470.7833355,15
98426,353.9840382,463.9823626,15
98429,348.6515499,467.2347093,15
98433,352.7043352,463.8708737,15
98436,351.1573429,467.6127339,15
98439,352.010647,465.4581512,15
98443,352.8716282,463.6276506,15
98446,350.6548351,467.7777275,15
98449,350.9047829,465.2924348,15
98453,350.6463374,470.2040642,15
98456,350.183371,469.6266379,15
98459,353.2910286,468.4835888,15
98463,349.2788124,469.0340468,15
98466,347.6198356,463.6862004,15
98469,348.5363334,467.3063248,15
98473,352.2741689,469.3975148,15
98476,346.5138767,465.7732047,15
98479,350.2558279,470.5069541,15
98483,347.5210243,466.9660827,15
98486,351.4180029,469.3987029,15
98489,353.2249891,471.071772,15
98493,350.1626638,466.2347722,15
98496,352.7283202,465.4093858,15
98499,350.8079496,463.8043671,15
98503,353.0989665,465.5692061,15
98506,351.6872353,462.8983339,15
98509,350.2729479,466.3632258,15
98513,349.0215227,467.4432005,15
98516,351.7832164,463.3830847,15
98519,351.7743569,469.0739563,15
98523,353.9992476,468.3227633,15
98526,349.5981334,468.0678748,15
98529,352.9103398,467.9751298,15
98533,355.3868084,463.5641777,15
98536,349.7041916,468.1675765,15
98539,349.1508795,466.9189844,15
98543,351.1139065,468.8202532,15
98546,352.5979777,467.6558874,15
98549,355.1729001,467.3067138,15
98553,350.7201265,468.9095903,15
98556,350.4237542,469.4330292,15
98559,349.8481679,465.0539011,15
98563,352.7524689,464.6118496,15
98566,351.7276343,468.3286362,15
98569,355.6619112,460.2464624,15
98573,352.5869319,469.1774314,15
98576,350.3361386,465.0526334,15
98579,350.484309,472.8905347,15
98583,355.7732899,469.5718418,15
98586,352.8781325,470.6736959,15
98589,352.7331381,474.313948,15
98593,349.9094619,462.6982107,15
102269,905.5621389,886.0760616,16
102272,901.5234484,886.9380001,16
102276,897.7156013,889.3182327,16
102279,896.7829398,891.2771775,16
102282,891.7072648,885.9950051,16
102286,894.7828467,888.0675669,16
102289,892.4131593,887.6381427,16
102292,896.1895881,889.7243845,16
102296,892.1249821,883.4841443,16
102299,896.0961875,887.6036395,16
102302,892.148728,887.3171753,16
102306,894.4938871,883.7096555,16
102309,894.9912273,886.5399448,16
102312,896.6152789,888.8529276,16
102316,896.2458986,885.3667073,16
102319,892.8420525,881.6811114,16
102322,896.7617471,887.5056041,16
102326,893.0531281,887.316076,16
102329,896.0084153,884.4484255,16
102332,897.2758724,888.329242,16
102336,893.7093369,887.8129209,16
102339,895.6673214,886.974021,16
102342,899.1573798,889.5579915,16
102346,895.7790126,886.7283142,16
102349,893.3456509,884.2504941,16
102352,898.4512743,889.1509428,16
102356,899.2636167,887.7673668,16
102359,897.1078082,889.8566362,16
102362,897.1904475,891.199149,16
102366,896.7025752,888.8425529,16
102369,894.3473925,886.8050903,16
102372,892.6327091,883.1510242,16
102376,895.3747401,888.5975189,16
102379,892.0523666,886.9880429,16
102382,893.9817327,889.3815367,16
102386,892.0720388,886.4683948,16
102389,893.1077882,889.7812143,16
102392,894.6543658,888.064641,16
102396,900.5946627,893.2284016,16
102399,897.7759373,889.7900876,16
102402,893.297323,891.1218233,16
102406,897.2717949,892.4794414,16
102409,897.0825085,892.1476192,16
102412,895.3723359,890.090977,16
102416,895.7498045,891.3073239,16
102419,894.130524,888.2943427,16
102422,894.320408,889.4234018,16
102426,896.7993693,891.3587611,16
102429,894.2124364,889.1821892,16
102432,898.3146415,894.0690678,16
102436,898.2699414,891.3691852,16
102439,898.6074408,891.7219034,16
102442,894.3771596,890.8376457,16
102446,894.302453,892.2381692,16
102449,899.6901508,891.5327274,16
102452,896.2067427,890.6216645,16
102456,894.0357584,888.747197,16
102459,900.3306343,890.0995898,16
102462,899.1571667,893.3774953,16
102466,896.8937066,891.8964672,16
102469,901.5726021,894.2345272,16
102472,897.5359468,894.8711989,16
102476,898.2423899,896.653428,16
102479,895.6123917,902.0633676,16
102482,898.7394409,906.481378,16
102486,908.5590157,949.613371,16
102489,NaN,NaN,16
102492,NaN,NaN,16
102496,NaN,NaN,16
102499,NaN,NaN,16
102502,NaN,NaN,16
102506,NaN,NaN,16
102509,NaN,NaN,16
102512,NaN,NaN,16
102516,NaN,NaN,16
102519,NaN,NaN,16
102522,NaN,NaN,16
102526,NaN,NaN,16
102529,NaN,NaN,16
102532,NaN,NaN,16
102536,NaN,NaN,16
102539,NaN,NaN,16
102542,NaN,NaN,16
102546,NaN,NaN,16
102549,NaN,NaN,16
102552,NaN,NaN,16
102556,NaN,NaN,16
102559,NaN,NaN,16
102562,NaN,NaN,16
102566,NaN,NaN,16
102569,NaN,NaN,16
102572,NaN,NaN,16
102576,NaN,NaN,16
102579,NaN,NaN,16
102582,NaN,NaN,16
102586,NaN,NaN,16
102589,NaN,NaN,16
102592,NaN,NaN,16
102596,NaN,NaN,16
102599,NaN,NaN,16
102602,NaN,NaN,16
102606,NaN,NaN,16
102609,NaN,NaN,16
102612,NaN,NaN,16
102616,NaN,NaN,16
102619,NaN,NaN,16
102622,NaN,NaN,16
102626,NaN,NaN,16
102629,964.1912146,804.3878388,16
102632,950.7292483,825.4120734,16
102636,958.5330254,808.1089725,16
102639,958.0550985,806.4482772,16
102642,961.8824372,809.2090746,16
102646,962.8361321,816.7402647,16
102649,969.0409057,844.7890284,16
102652,970.7068273,869.9033039,16
102656,972.5043344,872.0778826,16
102659,968.2515146,877.2329166,16
102662,972.1065289,872.651067,16
102666,975.1201254,871.6641344,16
102669,NaN,NaN,16
102672,NaN,NaN,16
102676,NaN,NaN,16
102679,966.9281927,864.7811038,16
102682,968.2181056,867.0876068,16
102686,968.142724,864.1085925,16
102689,967.2023665,865.5251161,16
102692,968.5326857,862.6526394,16
102696,971.4161365,860.4814764,16
102699,967.1638481,863.9849484,16
102702,NaN,NaN,16
102706,NaN,NaN,16
102709,967.1165502,858.9401756,16
102712,NaN,NaN,16
102716,NaN,NaN,16
102719,NaN,NaN,16
102722,NaN,NaN,16
102726,963.8373986,861.259275,16
102729,967.0085492,857.8969745,16
102732,NaN,NaN,16
102736,NaN,NaN,16
102739,NaN,NaN,16
102742,NaN,NaN,16
102746,NaN,NaN,16
102749,NaN,NaN,16
102752,NaN,NaN,16
102756,NaN,NaN,16
102759,NaN,NaN,16
102762,NaN,NaN,16
102766,1149.816691,769.8393111,16
102769,1186.226691,742.5298798,16
102772,1221.940686,722.274919,16
102776,1254.059217,701.4907692,16
102779,1291.402667,680.4953036,16
102782,1334.100915,654.0153279,16
102786,NaN,NaN,16
102789,NaN,NaN,16
102792,1427.284471,604.5311136,16
102796,1453.459427,593.3827748,16
102799,1477.688928,584.1470105,16
102802,1501.102025,576.3681313,16
102805,1518.070093,563.0807158,16
102809,1523.906307,558.1203265,16
102812,1518.474482,552.0749955,16
102815,1506.244706,554.8270558,16
102819,1502.414531,562.3398815,16
102822,1499.922836,563.9212244,16
102826,1503.124957,562.8505845,16
102829,1512.061168,559.5971546,16
102832,1516.505154,553.1056647,16
102836,1516.435518,552.9055692,16
102839,1518.240751,550.8882518,16
102842,1513.188961,554.9428675,16
102845,1511.358306,559.1035989,16
102849,1509.050798,555.6976285,16
102852,1508.18517,554.4900254,16
102856,1505.22116,553.2867522,16
102859,NaN,NaN,16
102862,NaN,NaN,16
102866,1507.870078,550.5512466,16
102869,1506.363647,550.0705001,16
102872,NaN,NaN,16
102876,NaN,NaN,16
102879,NaN,NaN,16
102882,NaN,NaN,16
102885,NaN,NaN,16
102889,NaN,NaN,16
102892,1508.124122,550.4117041,16
102896,1508.436039,552.9187811,16
102899,1505.214363,553.5276671,16
102902,1512.163422,549.6470736,16
102905,1506.147313,550.0032507,16
102909,1507.152635,551.0703252,16
102912,NaN,NaN,16
102915,NaN,NaN,16
102919,1508.121742,549.6273845,16
102922,1505.711589,545.3222648,16
102926,1510.792949,550.394507,16
102929,1506.996415,549.4603594,16
102932,1505.289396,550.7267698,16
102936,1508.471354,552.2360857,16
102939,1507.797759,554.3114491,16
102942,1510.21562,547.1640691,16
102945,1509.826599,551.5214101,16
102949,1506.995217,550.7071587,16
102952,1508.047131,552.035211,16
102955,1507.746573,553.5279243,16
102959,1507.596213,555.6518445,16
102962,1509.036417,550.5401112,16
102966,1512.145128,554.8754934,16
102969,1509.600866,551.8468096,16
102972,1508.601246,552.9216398,16
102975,1509.31634,553.9542423,16
102979,1507.477902,554.8626787,16
102982,1510.089317,550.4811678,16
102985,1510.874689,550.0784681,16
102989,1512.041633,553.9930726,16
102992,1509.207515,553.1654044,16
102996,1510.563384,554.1838389,16
102999,1507.085884,552.3819997,16
103002,1511.082937,552.0202427,16
103005,1510.74479,554.0506122,16
103009,1510.125735,550.244499,16
103012,1510.380427,551.8453979,16
103015,1513.171696,551.6290102,16
103019,1511.145186,555.2251953,16
103022,1509.147512,553.5078897,16
103026,1510.938372,550.8866103,16
103029,1510.177556,554.5379762,16
103032,1511.33644,552.0923216,16
103035,1508.297874,549.3439928,16
103039,1510.910979,554.8622402,16
103042,1508.54893,550.0645454,16
103045,1508.263411,552.7254494,16
103049,1507.988291,550.2126064,16
103052,1507.865222,551.3553897,16
103055,1514.067274,556.3541287,16
103059,1512.499458,549.9557875,16
103062,1508.678543,548.719825,16
103066,1509.599389,552.6299257,16
103069,1510.172628,550.951227,16
103072,1513.501943,553.6094489,16
103075,1510.286772,550.4778027,16
103079,1509.63429,550.0585424,16
103082,1509.957043,550.0887211,16
103085,1515.407028,554.3841707,16
103089,1505.25189,553.0959849,16
103092,1513.805893,553.0934839,16
103096,1509.394298,550.7736034,16
103099,1508.605444,554.0444566,16
103102,1512.18483,551.1281106,16
103105,1508.100771,552.2355785,16
103109,1512.677681,551.4499615,16
103112,1509.697806,554.0485606,16
103115,1507.947361,549.4691454,16
103119,1508.776862,552.1753346,16
103122,1511.324109,551.258045,16
103125,1508.67835,554.6372135,16
103129,1509.598794,556.3230564,16
103132,1506.08662,561.6982336,16
103135,1507.345693,561.4086554,16
103139,1511.922944,552.6440057,16
103142,1508.196138,555.4017304,16
103145,1508.978491,555.0416016,16
103149,1509.13706,554.7576622,16
103152,1508.870849,556.888271,16
103155,1507.031937,558.4850984,16
103159,1509.69526,558.7406505,16
103162,1509.597369,549.7576846,16
103166,1506.254613,553.3527462,16
103169,1508.072817,553.8310662,16
103172,1506.534414,548.0040509,16
103175,1508.059054,550.7222638,16
103179,1509.62299,549.313919,16
103182,1509.573184,552.6164957,16
103185,1510.154134,554.9385793,16
110704,1265.496437,910.9699996,17
110708,1265.021724,908.0298629,17
110711,1265.275052,908.3003646,17
110714,1267.478957,907.3700739,17
110718,1268.095514,910.4948634,17
110721,1267.855268,909.4455379,17
110724,1263.502504,907.5339956,17
110728,1264.124811,907.5682328,17
110731,1263.595951,910.2122227,17
110734,1264.452021,909.5354574,17
110738,1266.580049,909.5388201,17
110741,1263.38652,908.8618116,17
110744,1265.571706,910.1229585,17
110748,1265.312722,909.3304652,17
110751,1265.026885,911.0374508,17
110754,1261.839017,908.1930662,17
110758,1265.087519,911.2118843,17
110761,1260.890872,908.9517591,17
110764,1262.281758,908.936078,17
110768,1262.809488,908.8262079,17
110771,1264.468643,907.0840606,17
110774,1266.187288,908.7609041,17
110778,1265.523351,907.4254169,17
110781,1264.322657,907.5982628,17
110784,1265.156018,908.2469593,17
110788,1263.520821,909.0433648,17
110791,1264.183252,911.0982324,17
110794,1262.678403,908.4866279,17
110798,1263.089158,907.4335383,17
110801,1260.71622,906.745991,17
110804,1262.597106,908.4391134,17
110808,1263.428203,910.6016392,17
110811,1264.62075,909.810837,17
110814,1263.715152,910.7396903,17
110818,1263.206967,909.5027208,17
110821,1258.762306,907.3400983,17
110824,1264.328195,908.6184583,17
110828,1263.314982,906.6810098,17
110831,1264.438386,908.9501058,17
110834,1262.29409,909.350435,17
110838,1263.121645,910.5162746,17
110841,1261.924557,911.0076183,17
110844,1262.526476,911.3950216,17
110848,1261.927929,907.730496,17
110851,1264.360765,908.4490955,17
110854,1258.866943,908.6058725,17
110858,1261.982301,911.995121,17
110861,1257.435942,908.0475237,17
110864,1260.119214,911.0349157,17
110868,1262.774834,910.3494994,17
110871,1261.029189,910.1909979,17
110874,1261.236878,909.3471717,17
110878,1262.58324,907.0887005,17
110881,1261.136354,909.3170596,17
110884,1250.781609,907.2763346,17
110888,1211.986689,908.6795695,17
110891,1167.311396,908.7712771,17
110894,1112.974593,908.6611471,17
110898,1066.075262,908.4321504,17
110901,1032.734745,908.0280774,17
110904,NaN,NaN,17
110908,NaN,NaN,17
110911,1002.931454,902.8029986,17
110914,1011.267848,906.0774828,17
110918,NaN,NaN,17
110921,NaN,NaN,17
110924,1020.7354,907.3448524,17
110928,1011.850361,906.1338991,17
110931,1000.137959,906.5077068,17
110934,NaN,NaN,17
110938,NaN,NaN,17
110941,994.0502655,906.3280415,17
110944,992.5427583,905.0880356,17
110948,NaN,NaN,17
110951,NaN,NaN,17
110954,NaN,NaN,17
110958,NaN,NaN,17
110961,NaN,NaN,17
110964,NaN,NaN,17
110968,1002.625829,904.8597714,17
110971,999.7438777,904.8299279,17
110974,NaN,NaN,17
110978,NaN,NaN,17
110981,997.5385183,908.4023462,17
110984,999.3714528,904.8607162,17
110988,NaN,NaN,17
110991,NaN,NaN,17
110994,997.3920261,902.6497748,17
110998,997.3274382,905.0772497,17
111001,1001.855447,904.6311511,17
111004,NaN,NaN,17
111008,NaN,NaN,17
111011,998.5476793,907.2966689,17
111014,1001.09419,905.7465486,17
111018,NaN,NaN,17
111021,NaN,NaN,17
111024,997.4728216,902.7772637,17
111028,996.018587,905.6552945,17
111031,997.4195397,907.8355587,17
111034,NaN,NaN,17
111038,NaN,NaN,17
111041,NaN,NaN,17
111044,NaN,NaN,17
111048,NaN,NaN,17
111051,NaN,NaN,17
111054,NaN,NaN,17
111058,NaN,NaN,17
111061,NaN,NaN,17
111064,NaN,NaN,17
111068,NaN,NaN,17
111071,NaN,NaN,17
111074,NaN,NaN,17
111078,NaN,NaN,17
111081,915.8115243,681.1062694,17
111084,909.3812417,654.9664506,17
111088,890.1562947,624.5050071,17
111091,875.4081666,595.3690028,17
111094,871.205925,574.3182099,17
111098,863.9036708,558.4432861,17
111101,855.0072209,548.4566847,17
111104,842.5319282,541.2812922,17
111108,837.2412427,540.404269,17
111111,842.1627696,535.3202249,17
111114,852.6560948,538.1308497,17
111118,847.4769436,530.6928527,17
111121,845.9357643,541.6543827,17
111124,847.1434886,540.1827182,17
111128,845.2021035,533.4245691,17
111131,845.2294777,520.5147835,17
111134,843.9214229,525.7233452,17
111138,841.2456304,523.2239551,17
111141,840.3077133,527.9433805,17
111144,842.8351794,524.9967554,17
111148,845.4382943,535.2461589,17
111151,842.7893392,532.3249307,17
111154,845.8578916,534.4772022,17
111158,843.5559418,543.7068273,17
111161,846.4510509,534.0026668,17
111164,843.1373522,531.0815981,17
111168,841.4797089,533.3452538,17
111171,839.5559198,538.7951835,17
111174,843.7843068,531.1146593,17
111178,844.4315181,531.2690114,17
111181,842.6598852,535.2799946,17
111184,841.4939938,527.9086341,17
111188,842.2030295,528.0897082,17
111191,842.4880922,528.2995313,17
111194,845.3365027,532.6507015,17
111198,843.4708154,538.5798899,17
111201,842.0701443,534.2380778,17
111204,844.6720179,532.2363501,17
111208,841.9170356,528.9402457,17
111211,839.8068054,539.6881121,17
111214,841.7372108,525.8652155,17
111218,842.505832,521.2375069,17
111221,841.6053631,525.0967391,17
111224,841.9003228,529.2549,17
111228,843.7096716,524.5575858,17
111231,846.3454494,531.5721766,17
111234,837.5722607,540.3211263,17
111238,842.7698262,525.8335343,17
111241,843.2965416,533.5359236,17
111244,840.3868712,529.2285396,17
111248,842.6058799,524.0658823,17
111251,841.5745273,529.7601396,17
111254,838.0387698,532.8079276,17
111258,841.3042358,526.6366989,17
111261,840.3292476,533.8409868,17
111264,839.9703103,530.2204107,17
111268,838.9245728,522.3971359,17
111271,840.6165604,526.3648737,17
111274,842.3430959,523.8575749,17
111278,842.0268588,525.8059055,17
111281,840.3328835,524.8724651,17
111284,840.8587884,531.8586112,17
111288,842.1739997,525.5397984,17
111291,841.1368458,531.3117337,17
111294,837.9710432,530.5021359,17
111298,838.3732674,532.985795,17
111301,836.5721756,535.153685,17
111304,838.2139742,527.7778613,17
111308,838.9777371,528.4325477,17
111311,841.1975686,530.7492635,17
111314,835.7592288,536.4813034,17
111318,835.1209169,532.289667,17
111321,838.750086,528.9090723,17
111324,839.7278323,537.2165276,17
111328,837.3316092,532.5013234,17
111331,838.1030227,528.7038654,17
111334,834.5853157,536.1892806,17
111338,838.5134539,531.8069731,17
111341,841.2412581,532.9442881,17
111344,837.7349311,533.4664653,17
111348,838.1613332,531.911125,17
111351,835.4444217,529.816601,17
111354,838.1856717,538.5194877,17
111358,838.1465389,533.013125,17
111361,839.890052,536.7657561,17
111364,837.9545844,527.2235568,17
111368,833.5783657,535.1022662,17
111371,835.4140405,538.2313131,17
111374,837.1930628,534.2326162,17
111378,836.0289545,534.4240092,17
111381,837.0815337,531.8055234,17
111384,821.6648266,528.9216877,17
111388,795.2418052,516.9830826,17
111391,762.2356656,513.9056165,17
111394,741.4113133,510.3032659,17
111398,734.8984693,496.0857797,17
111401,734.1700008,489.0453512,17
111404,750.1545417,486.7455096,17
111408,765.0918375,494.4360698,17
111411,768.5184038,504.5793624,17
111414,772.8548978,507.386272,17
111418,766.0860355,511.8078759,17
111421,758.5079562,506.4483164,17
111424,750.862013,503.6338096,17
111428,750.5894286,503.5621417,17
111431,752.7332407,494.4747287,17
111434,753.109773,493.7839606,17
111438,754.9626008,498.8093607,17
111441,757.4413861,486.9426049,17
111444,753.9615925,497.2068282,17
111448,752.115015,498.713666,17
111451,753.5962051,503.0791882,17
111454,753.669883,503.0292491,17
111458,758.2761118,504.5915438,17
111461,753.2915176,499.3830815,17
111464,755.8429169,499.6443111,17
111468,753.5445093,505.7504567,17
111471,755.7222412,495.5391573,17
111474,753.7579409,496.0227813,17
111478,753.7473151,501.7889446,17
111481,750.063161,498.6072285,17
111484,752.8525983,501.6735761,17
111488,754.226645,498.8047725,17
111491,749.1202104,504.6617568,17
111494,751.0067082,503.2499039,17
111498,NaN,NaN,17
111501,NaN,NaN,17
111504,NaN,NaN,17
111508,NaN,NaN,17
111511,NaN,NaN,17
111514,NaN,NaN,17
111518,757.3506206,495.2156783,17
111521,753.9460906,499.5601158,17
111524,NaN,NaN,17
111528,NaN,NaN,17
111531,751.1603854,505.2588882,17
111534,752.0168036,505.5768143,17
111538,752.3690683,501.7524256,17
111541,750.7793976,497.5258856,17
111544,750.6281766,501.9780014,17
111548,754.2557418,500.531958,17
111551,751.8293354,501.4778038,17
111554,NaN,NaN,17
111558,NaN,NaN,17
111561,749.718421,509.0058346,17
111564,752.1962776,501.9582498,17
111568,NaN,NaN,17
111571,NaN,NaN,17
111574,751.4353524,508.2076105,17
111578,752.4171874,500.8711948,17
111581,749.8521838,502.1154252,17
111584,753.5692495,504.5706258,17
111588,751.0736549,507.4249909,17
111591,750.3857305,501.3098867,17
111594,750.3832034,504.7679747,17
111598,NaN,NaN,17
111601,NaN,NaN,17
111604,751.7599399,502.0130427,17
111608,NaN,NaN,17
111611,NaN,NaN,17
111614,746.1642557,505.8996667,17
111618,752.4012152,502.6273941,17
111621,752.2569582,497.8355617,17
111624,NaN,NaN,17
111628,NaN,NaN,17
111631,749.6949085,504.2902258,17
111634,750.2468773,503.4246784,17
111638,NaN,NaN,17
111641,NaN,NaN,17
111644,751.8136764,498.881229,17
111648,NaN,NaN,17
111651,NaN,NaN,17
111654,NaN,NaN,17
111658,NaN,NaN,17
111661,748.7318653,502.7939072,17
111664,752.2283192,503.0399811,17
111668,NaN,NaN,17
111671,NaN,NaN,17
111674,746.056753,496.6595971,17
111678,750.9827603,501.5793057,17
111681,NaN,NaN,17
111684,NaN,NaN,17
111688,748.4966674,503.871114,17
111691,749.8879242,501.1192735,17
111694,NaN,NaN,17
111698,NaN,NaN,17
111701,746.3912453,507.3473554,17
111704,749.2462868,504.2768991,17
111708,749.7571471,506.3499136,17
111711,752.2781952,501.6513113,17
111714,748.0621271,504.1754877,17
111718,751.1507001,500.3277758,17
111721,747.9765121,503.709001,17
111724,NaN,NaN,17
111728,NaN,NaN,17
111731,747.8669455,506.3432955,17
111734,748.3664087,504.5927063,17
111738,749.1913598,501.8864866,17
111741,747.5576836,506.6936396,17
111744,750.3682334,505.1439362,17
111748,749.4692255,505.2983289,17
111751,NaN,NaN,17
111754,NaN,NaN,17
111758,748.3198228,507.64198,17
111761,751.3628951,508.9500701,17
111764,NaN,NaN,17
111768,NaN,NaN,17
111771,747.5316688,509.755242,17
111774,NaN,NaN,17
111778,NaN,NaN,17
111781,NaN,NaN,17
111784,NaN,NaN,17
111788,NaN,NaN,17
111791,NaN,NaN,17
111794,NaN,NaN,17
111798,NaN,NaN,17
111801,748.3754308,511.9731396,17
111804,748.1826993,503.4146224,17
111808,NaN,NaN,17
111811,NaN,NaN,17
111814,748.5389838,509.116748,17
111818,750.4168556,510.6720995,17
111821,750.8809351,514.7674723,17
111824,750.0272562,509.3612438,17
111828,748.7880553,512.2612746,17
111831,750.5823861,507.6389599,17
111834,753.1448124,510.3727778,17
111838,NaN,NaN,17
111841,NaN,NaN,17
111844,NaN,NaN,17
111848,NaN,NaN,17
111851,NaN,NaN,17
111854,NaN,NaN,17
111858,749.4401389,511.5170125,17
111861,751.7050745,511.675279,17
111864,NaN,NaN,17
111868,NaN,NaN,17
111871,753.2474734,512.6054442,17
111874,751.9870579,509.8757591,17
111878,NaN,NaN,17
111881,NaN,NaN,17
111884,NaN,NaN,17
111888,NaN,NaN,17
111891,NaN,NaN,17
111894,NaN,NaN,17
111898,NaN,NaN,17
111901,NaN,NaN,17
111904,NaN,NaN,17
111908,NaN,NaN,17
111911,750.3051827,513.3746761,17
111914,751.5888615,516.1570136,17
111918,749.8883462,514.4514341,17
111921,NaN,NaN,17
111924,NaN,NaN,17
111928,NaN,NaN,17
111931,NaN,NaN,17
111934,NaN,NaN,17
111938,NaN,NaN,17
111941,747.7706243,513.3223763,17
111944,747.549088,513.3839941,17
111948,750.4666049,512.857479,17
111951,750.520212,509.8572655,17
111954,750.1389175,514.871799,17
111958,750.0211256,510.7170438,17
111961,NaN,NaN,17
111964,NaN,NaN,17
111968,NaN,NaN,17
111971,NaN,NaN,17
111974,751.7265571,508.1426461,17
111978,NaN,NaN,17
111981,NaN,NaN,17
111984,745.9966439,514.2645971,17
111988,747.3732508,516.6502317,17
111991,NaN,NaN,17
111994,NaN,NaN,17
111998,NaN,NaN,17
112001,NaN,NaN,17
112004,NaN,NaN,17
112008,NaN,NaN,17
112011,750.1020448,507.1640959,17
112014,748.0913955,514.2761733,17
112018,NaN,NaN,17
112021,NaN,NaN,17
112024,748.6094573,510.093871,17
112028,NaN,NaN,17
112031,NaN,NaN,17
112034,NaN,NaN,17
112038,NaN,NaN,17
112041,NaN,NaN,17
112044,NaN,NaN,17
112048,NaN,NaN,17
112051,NaN,NaN,17
112054,750.9577673,518.9633695,17
112058,747.47763,511.2200554,17
112061,747.8185729,516.6490856,17
112064,746.945003,511.8115834,17
112068,747.0158496,520.6061503,17
112071,749.8015855,512.8823308,17
112074,NaN,NaN,17
112078,NaN,NaN,17
112081,749.1430441,510.530802,17
112084,748.8266652,511.3863504,17
112088,NaN,NaN,17
112091,NaN,NaN,17
112094,746.6473652,518.777382,17
112098,753.1929266,514.1950066,17
112101,748.7339424,516.8945813,17
112104,NaN,NaN,17
112108,NaN,NaN,17
112111,NaN,NaN,17
112114,NaN,NaN,17
112118,NaN,NaN,17
112121,NaN,NaN,17
112124,747.1950444,514.8863321,17
112128,747.3563549,519.4331614,17
112131,NaN,NaN,17
112134,NaN,NaN,17
112138,745.9809264,519.3213477,17
112141,746.398733,518.276934,17
112144,746.9413999,516.6545335,17
112148,NaN,NaN,17
112151,NaN,NaN,17
112154,744.1279219,522.2249744,17
112158,NaN,NaN,17
112161,NaN,NaN,17
112164,748.1842372,523.3094021,17
115837,827.6987913,529.2936196,18
115840,825.8415084,530.9161569,18
115844,826.8467589,539.1197018,18
115847,826.2533198,537.5229191,18
115850,826.9420484,531.2743777,18
115854,824.9088165,529.6601398,18
115857,828.988966,526.7542353,18
115860,826.2197145,533.2990691,18
115864,826.5178918,536.0194355,18
115867,828.1317438,532.4018167,18
115870,826.9669971,532.540863,18
115874,824.9425681,537.4869081,18
115877,824.5837002,539.6509884,18
115880,827.0261102,532.4011994,18
115884,825.92863,532.5225414,18
115887,824.4701932,537.3937358,18
115890,827.1506837,532.7438509,18
115894,827.3469683,531.797457,18
115897,832.6795708,524.7336357,18
115900,826.0943668,534.6496651,18
115904,829.9071552,539.2880231,18
115907,826.6278974,534.4981857,18
115910,822.9946697,531.9278501,18
115914,824.3585472,533.7944726,18
115917,826.0714493,535.5830828,18
115920,826.4240239,532.1038882,18
115924,820.2836221,535.1696785,18
115927,827.169207,536.2963942,18
115930,826.1724817,535.7262252,18
115934,826.2256183,541.6224716,18
115937,827.0599369,537.5070334,18
115940,827.4883536,535.2665942,18
115944,823.9138762,534.4879955,18
115947,821.9140208,539.6829491,18
115950,821.8833007,533.7965301,18
115954,826.5534918,540.4922611,18
115957,826.405598,534.7659204,18
115960,826.8181728,532.7747297,18
115964,821.3479492,532.1473259,18
115967,826.4988748,536.2335738,18
115970,822.6289897,538.9958585,18
115974,821.4549394,532.2153053,18
115977,822.028776,540.7728048,18
115980,824.3935487,533.2666956,18
115984,822.6802723,535.9176669,18
115987,826.674331,535.3694166,18
115990,822.1495037,537.7049176,18
115994,824.9889182,537.9461143,18
115997,819.8933244,535.9348728,18
116000,822.482514,532.390945,18
116004,822.3409917,541.3162778,18
116007,825.1411997,534.5138427,18
116010,821.3805551,537.0905727,18
116014,824.6234825,532.4720426,18
116017,824.0890615,533.9978043,18
116020,821.8929392,534.3526012,18
116024,821.3574548,541.379132,18
116027,822.5942382,534.5743542,18
116030,823.8502695,535.5991734,18
116034,824.7586286,534.0627474,18
116037,826.4705998,531.4030212,18
116040,820.6549055,537.1149214,18
116044,821.7560951,535.1078268,18
116047,824.0259437,526.318034,18
116050,821.333817,536.7525322,18
116054,822.4740186,532.3021529,18
116057,825.2627253,534.2690761,18
116060,820.9266666,537.1745623,18
116064,820.3572256,537.1292694,18
116067,822.9102788,539.4953895,18
116070,823.826779,534.9361602,18
116074,821.7739116,533.1141302,18
116077,821.5372031,534.5119468,18
116080,822.6973211,536.7916228,18
116084,822.0146981,536.247263,18
116087,820.6347288,542.6135146,18
116090,822.0010658,544.1961093,18
116094,822.1267828,535.9998085,18
116097,822.4913169,541.0063984,18
116100,820.5858981,541.0830619,18
116104,821.8729715,532.916042,18
116107,822.119869,537.3020986,18
116110,824.5140647,540.9770231,18
116114,821.6708966,532.4480782,18
116117,826.5771507,539.3903757,18
116120,822.1867237,538.9061396,18
116124,823.3461398,534.5826415,18
116127,822.3365406,534.2777166,18
116130,825.4272927,529.5463281,18
116134,825.839097,534.1984754,18
116137,819.3597534,535.0079882,18
116140,822.966091,533.4833377,18
116144,823.8389098,542.5877085,18
116147,826.1208716,538.2887441,18
116150,826.6805521,529.7446589,18
116154,825.3209913,538.627248,18
116157,824.6488469,537.7257388,18
116160,825.7643689,537.4005947,18
116164,823.1271356,527.9580632,18
116167,826.3918563,530.4716001,18
116170,825.5229318,530.1147076,18
116174,822.4926516,535.5941844,18
116177,825.1076408,536.9789252,18
116180,825.6925102,530.983961,18
116184,825.5904829,531.5937141,18
116187,825.3912329,530.1489471,18
116190,825.1905463,527.8005943,18
116194,826.660234,532.8907513,18
116197,821.8267508,533.4875489,18
116200,827.9928814,534.7043497,18
116204,820.2804032,539.5708525,18
116207,822.8541528,528.1711102,18
116210,823.3224894,527.2138379,18
116214,823.0884633,528.3496294,18
116217,823.1341092,533.9807051,18
116220,822.6354211,534.9222375,18
116224,820.1516836,535.3352212,18
116227,826.6233839,532.8574449,18
116230,822.313645,531.3338203,18
116234,823.5116565,535.3741904,18
116237,823.9323488,535.8566882,18
116240,819.9709114,542.3231413,18
116244,821.11066,536.7078897,18
116247,821.2880182,537.5858957,18
116250,822.3363156,531.2098987,18
116254,819.1725789,536.157027,18
116257,822.048932,536.5772178,18
116260,819.793012,541.8311513,18
116264,822.8090322,546.7713162,18
116267,831.2594994,572.7753866,18
116270,859.7565689,597.9636686,18
116274,881.4777986,636.7545599,18
116277,906.1361989,672.992773,18
116280,920.785853,688.1649527,18
116284,930.8293547,721.4662259,18
116287,927.3173844,743.1023788,18
116290,927.6050022,761.4828933,18
116294,923.5598631,769.4213923,18
116297,927.5913562,775.62928,18
116300,928.0501031,773.3310412,18
116304,928.0869544,763.2297852,18
116307,930.5240396,749.8127418,18
116310,927.6664281,757.137939,18
116314,932.5291864,772.6028493,18
116317,930.4952545,773.9494534,18
116320,932.9605666,775.1458813,18
116324,932.707236,778.9378941,18
116327,933.4045263,779.3553975,18
116330,933.0024896,777.9552914,18
116334,930.5157419,776.7656505,18
116337,930.5294395,772.3625763,18
116340,933.656954,774.9920659,18
116344,932.6561714,776.297917,18
116347,931.5846786,777.9431348,18
116350,929.5237071,775.2908423,18
116354,929.7588822,775.7492969,18
116357,929.8946443,774.3310211,18
116360,932.0677338,777.8956145,18
116364,930.9825304,779.3311095,18
116367,930.4528956,776.5765954,18
116370,930.0169367,778.0706,18
116374,929.7897417,780.0751318,18
116377,931.4590476,775.4096545,18
116380,931.9543029,777.0401767,18
116384,933.4593323,774.6705468,18
116387,929.7181567,776.3218579,18
116390,930.5305241,777.4536964,18
116394,933.1601841,774.4555976,18
116397,929.8497469,778.6286072,18
116400,932.7140966,778.9735382,18
116404,930.3888387,777.1922902,18
116407,933.9334759,777.4005716,18
116410,933.4528889,779.1359523,18
116414,933.0252325,780.4361068,18
116417,929.4828398,779.1017162,18
116420,931.4571611,778.3561284,18
116424,934.9916201,773.9338906,18
116427,933.1116345,775.6223397,18
116430,930.8713414,776.0045496,18
116434,932.1805385,777.4973579,18
116437,930.0007139,771.6697912,18
116440,931.1848583,780.3519158,18
116444,936.5030433,774.8123944,18
116447,955.1894385,765.9303702,18
116450,987.6563748,750.9569112,18
116454,1030.859842,718.3865767,18
116457,1060.775028,685.8062111,18
116460,1086.385857,654.1118096,18
116464,1097.702837,638.7692838,18
116467,1114.153568,615.2195809,18
116470,1133.979297,603.9945967,18
116474,1147.070076,590.1144994,18
116477,1157.792654,571.8317279,18
116480,1169.765475,553.2624144,18
116484,1184.264911,542.9147321,18
116487,1186.545778,541.4419664,18
116490,1182.533969,539.7009773,18
116494,1180.746766,545.6921772,18
116497,1167.406383,548.332187,18
116500,1172.056754,548.9609798,18
116504,1177.5917,552.3596404,18
116507,1179.767968,547.1455601,18
116510,1180.792739,541.809207,18
116514,1182.499514,541.0809565,18
116517,1183.570278,541.0462576,18
116520,1182.695734,538.7782471,18
116524,1177.494364,541.7102191,18
116527,1177.939759,543.3334439,18
116530,1177.257853,540.0108824,18
116534,1176.823691,544.5641005,18
116537,1178.342186,544.7829887,18
116540,1178.7664,548.2804613,18
116544,1176.073875,542.9115044,18
116547,1176.432026,547.9703165,18
116550,1179.723006,541.5935084,18
116554,1178.27562,541.2958487,18
116557,1177.564541,546.8761808,18
116560,1179.882848,544.0825648,18
116564,1180.445158,543.2062582,18
116567,1179.384577,543.6030783,18
116570,1179.105763,538.5993539,18
116574,1180.365159,539.785704,18
116577,1179.598512,541.4290276,18
116580,1179.786246,542.4756394,18
116584,1179.547496,535.2033737,18
116587,1180.816824,542.9990186,18
116590,1178.993011,543.1767197,18
116594,1180.188417,546.2332624,18
116597,1178.720117,541.8193636,18
116600,1181.700558,540.3496155,18
116604,1178.792901,544.9583938,18
116607,1176.382575,545.8640284,18
116610,1176.566606,547.3145612,18
116614,1179.302543,546.5016981,18
116617,1178.756218,543.6612778,18
116620,1178.908579,543.5081181,18
116624,1177.195588,543.9745754,18
116627,1177.433872,542.7237127,18
116630,1182.691332,542.3968675,18
116634,1179.639134,542.2663956,18
116637,1181.40832,541.2341177,18
116640,1178.537492,541.583966,18
116644,1182.567414,541.6728067,18
116647,1182.214948,541.9974292,18
116650,1182.468909,539.9779513,18
116654,1181.080717,543.1854047,18
116657,1182.23416,546.96094,18
116660,1181.607684,543.2339879,18
116664,1183.3116,541.427949,18
116667,1183.232576,542.6376581,18
116670,1183.371568,538.8356538,18
116674,1182.77624,540.2162482,18
116677,1181.879135,537.8327122,18
116680,1180.950682,544.7635828,18
116684,1179.139384,542.1829835,18
116687,1180.438549,539.6614226,18
116690,1180.686721,540.4120192,18
116694,1177.90023,543.7634857,18
116697,NaN,NaN,18
116700,NaN,NaN,18
116704,1180.341085,542.2243751,18
116707,1180.026697,545.7442121,18
116710,1182.033122,544.9696605,18
116714,1180.642525,542.8336938,18
116717,1178.60496,541.2719826,18
116720,1183.892159,547.8568642,18
116724,1185.544322,541.2105582,18
116727,1180.878188,539.4101561,18
116730,1180.89528,540.0813117,18
116734,1185.893015,539.498059,18
116737,1183.114192,536.7851089,18
116740,1179.129796,536.56616,18
116744,1181.582853,543.0711327,18
116747,1181.507081,537.8529473,18
116750,1180.57338,546.5675838,18
116753,1179.315853,546.1307053,18
116757,1179.131714,540.4012527,18
116760,1183.422514,546.6369849,18
116764,1181.684383,543.4573552,18
116767,1181.979106,540.4573014,18
116770,1181.578178,539.1033351,18
116774,1185.991189,546.1382274,18
116777,1180.397851,539.5300171,18
116780,1180.945567,543.5895917,18
116783,1182.944164,542.188056,18
116787,1184.193616,546.0087255,18
116790,1179.574019,540.6745783,18
116794,1182.981717,538.0674514,18
116797,1181.256596,545.8193664,18
116800,1185.184588,543.8656433,18
116804,1177.755029,541.1980262,18
116807,1179.183579,542.2231289,18
116810,1175.979419,543.9053216,18
116814,1182.116283,540.2075892,18
116817,1180.954479,542.9236055,18
116820,1182.271568,535.389417,18
116823,1182.24522,541.5759345,18
116827,1184.387063,542.0724277,18
116830,1202.427958,539.6565804,18
116834,1235.054971,543.2802042,18
116837,1288.065485,544.2963018,18
116840,1329.829754,540.5836666,18
116844,1370.126888,541.0496961,18
116847,1408.477883,538.9592685,18
116850,1439.413094,534.0169225,18
116854,1470.394653,538.6170393,18
116857,1488.258192,531.2518875,18
116860,1505.614627,526.1692035,18
116864,1523.232582,520.7493413,18
116867,1525.329483,528.8797286,18
116870,1519.533601,519.8283232,18
116874,1507.585436,532.6428651,18
116877,1502.424933,531.1979103,18
116880,1508.412551,537.2066519,18
116883,1516.3439,530.3183068,18
116887,1522.8268,531.0047526,18
116890,1528.030845,534.6563895,18
116894,1531.585713,532.0306241,18
116897,1523.759461,538.6108991,18
116900,1525.552444,535.570933,18
116904,1520.877494,538.0803608,18
116907,1518.170876,534.754618,18
116910,1515.095497,534.9967602,18
116914,1516.666737,536.3502985,18
116917,1516.063221,542.4245048,18
116920,1518.280188,540.2214387,18
116924,1517.088727,532.8486128,18
116927,1520.294339,541.9278139,18
116930,1520.335028,536.8713932,18
116934,1523.438774,535.490222,18
116937,1521.651641,541.1589615,18
116940,1523.657751,537.9849731,18
116944,1517.338252,539.5684691,18
116947,1516.636809,538.4870583,18
116950,1517.351936,538.4362104,18
116953,1519.943434,529.2958637,18
116957,1517.292154,529.0279499,18
116960,1521.411205,539.6687909,18
116964,1520.063879,539.3801776,18
116967,1522.347225,538.706862,18
116970,1526.563034,535.9446909,18
116974,1521.497497,539.3419721,18
116977,1519.309286,531.0900684,18
116980,1519.988467,534.1131478,18
116983,1521.023997,533.4995446,18
116987,1519.707736,529.4561367,18
116990,1523.825527,540.6922791,18
116994,1520.09116,531.2141845,18
116997,1520.983934,535.8077148,18
117000,1520.230988,534.007092,18
117004,1520.424459,533.5420117,18
117007,1521.099904,530.4944536,18
117010,1522.307107,529.6530371,18
117014,1520.686953,541.2038343,18
117017,1520.484602,536.6481788,18
117020,1519.597827,539.4872691,18
117023,1521.802605,540.48163,18
117027,1520.654094,537.4053615,18
117030,1523.382982,538.4510632,18
117034,1524.947996,540.1886427,18
117037,1520.703198,539.2861535,18
117040,1520.806094,536.4553012,18
117044,1520.215141,535.5867905,18
117047,1523.763675,538.4602435,18
117050,1520.159744,533.1347135,18
117053,1523.286524,536.3799633,18
117057,1520.149891,532.5361232,18
117060,1523.261837,535.578619,18
117063,1521.022228,532.3593539,18
117067,1518.270212,533.3980457,18
117070,1515.609433,533.2603579,18
117074,1519.440162,532.1047029,18
117077,1518.640103,533.3474129,18
117080,1517.032198,529.4732629,18
117083,1519.140143,531.5120049,18
117087,1518.841137,531.9638024,18
117090,1517.163356,533.1153746,18
117093,1521.35626,533.8449673,18
117097,1519.569518,536.1701183,18
117100,1517.987894,528.2185665,18
117104,1521.611656,534.0142593,18
117107,1517.627162,533.2739533,18
117110,1522.599812,532.4512789,18
117113,1518.034046,532.9578039,18
117117,1518.337096,529.3829697,18
117120,1519.34411,530.7190454,18
117123,1516.623646,526.456948,18
117127,1517.350179,530.9869579,18
117130,1520.149601,533.7711464,18
117133,1518.026904,531.5818918,18
117137,1517.439208,535.4046222,18
117140,1521.129538,532.8304616,18
117144,1517.057295,532.415135,18
117147,1520.658256,535.5471452,18
117150,1521.907638,533.222589,18
117153,1516.703072,533.7232415,18
117157,1515.21709,536.5888989,18
117160,1513.639518,533.9637003,18
117163,1517.20744,537.8615833,18
117167,1518.833101,531.6945223,18
117170,1515.93339,534.2626123,18
117174,1514.296274,533.6426114,18
117177,1518.302878,534.016456,18
117180,1518.945381,535.039401,18
117183,1519.884403,533.1170869,18
117187,1515.396944,534.7036451,18
117190,1517.323351,535.03387,18
117193,1515.973594,535.9644305,18
117197,1520.762348,536.3669816,18
117200,1520.994902,538.0547712,18
117203,1517.89762,538.1722541,18
117207,1516.510829,540.3520831,18
117210,1517.105099,539.687866,18
117213,1518.308044,535.1698436,18
117217,1514.664021,538.0088306,18
117220,1518.868469,540.9090742,18
117223,1516.139625,537.8322692,18
117227,1515.16536,538.765808,18
117230,1519.602974,536.166584,18
117233,1514.50267,535.606373,18
117237,1517.831469,534.449241,18
117240,1514.572594,532.3165289,18
117244,1514.430911,536.2469543,18
117247,1518.068465,533.5453482,18
117250,1516.330045,532.5351488,18
117253,1515.207879,532.7109638,18
117257,1514.564613,533.1705723,18
117260,NaN,NaN,18
117263,NaN,NaN,18
117267,1514.348536,532.7687772,18
117270,1515.339499,531.2398653,18
117273,1517.877394,538.5886856,18
117277,1517.835609,539.1200356,18
117280,1516.78984,539.8579999,18
117283,1516.873609,535.3878866,18
117287,1517.307052,537.0522525,18
117290,1519.52956,541.027401,18
117293,1519.392924,538.9944187,18
117297,1521.035147,541.8444939,18
117300,1517.988821,541.008115,18
117303,1517.805711,539.8787328,18
117307,1517.473101,539.9973213,18
117310,1515.38457,536.6277852,18
117313,1513.214545,538.1214286,18
117317,1514.249783,534.8983052,18
117320,1517.820547,535.3519446,18
117323,1517.559434,535.7023523,18
117327,1516.641403,535.1666004,18
117330,1517.258743,535.7587788,18
117333,1517.095262,534.1589464,18
117337,1515.626902,534.811019,18
121023,964.2791745,827.8043723,19
121026,965.7063844,827.8575784,19
121030,965.2142053,822.908554,19
121033,964.5832188,827.5330789,19
121036,966.1029169,831.1783394,19
121040,965.999205,829.7592696,19
121043,959.9901262,829.2570633,19
121046,963.3151432,829.270765,19
121050,964.8830044,826.879924,19
121053,965.7327212,826.4540527,19
121056,977.9482721,841.3809332,19
121060,999.1354979,846.7014194,19
121063,1028.433895,862.9997986,19
121066,1042.208818,858.545147,19
121070,1046.101405,855.3283589,19
121073,1030.916578,848.7756829,19
121076,1016.645738,850.9595163,19
121080,1007.980285,861.0163481,19
121083,1007.460243,868.6447452,19
121086,1006.962237,874.2064235,19
121090,1012.057677,866.897041,19
121093,1019.756949,859.0117207,19
121096,1023.926987,859.7224473,19
121100,1029.834158,858.4532983,19
121103,1027.337121,865.7496152,19
121106,1026.266122,866.6207205,19
121110,1025.256358,867.4586538,19
121113,1020.678203,867.4699606,19
121116,1024.585303,865.5121763,19
121120,1022.750333,863.0682934,19
121123,1018.737049,864.864117,19
121126,1019.762576,866.1030795,19
121130,1023.946009,863.4914703,19
121133,1021.674905,866.2692877,19
121136,1020.949789,864.5160889,19
121140,1021.067545,865.7614473,19
121143,1018.946413,865.3134705,19
121146,1022.791562,865.5550428,19
121150,1021.304834,866.6070251,19
121153,1022.629232,862.615791,19
121156,1020.642552,864.6178724,19
121160,1020.478429,866.7161221,19
121163,1021.52641,865.2006415,19
121166,1022.931791,866.1268414,19
121170,1019.753616,866.3245981,19
121173,1023.630819,864.6499444,19
121176,1017.578498,865.4737079,19
121180,1019.777634,864.827857,19
121183,1018.603673,865.507225,19
121186,1019.472768,864.4802407,19
121190,1019.505744,870.5342404,19
121193,1018.18844,864.9297247,19
121196,1019.61268,864.8265877,19
121200,1021.632798,864.4265892,19
121203,1018.860982,866.4491293,19
121206,1019.74963,865.5153842,19
121210,1018.6451,859.0711156,19
121213,1022.145035,864.99071,19
121216,1017.481408,868.2717932,19
121220,1020.829112,865.251806,19
121223,1019.705113,867.3993976,19
121226,1019.315496,866.4936455,19
121230,1020.273306,863.0437111,19
121233,1020.493554,863.5290829,19
121236,1020.351608,865.7211478,19
121240,1018.785827,865.6785651,19
121243,1021.610097,866.7280198,19
121246,1018.328024,867.0917676,19
121250,1021.438244,863.4877176,19
121253,1021.001194,865.6313708,19
121256,1019.60107,868.4001493,19
121260,1021.080807,863.2659791,19
121263,1019.030912,866.8858899,19
121266,1020.263841,867.0422471,19
121270,1020.080143,864.3897853,19
121273,1020.135021,866.1608918,19
121276,1007.247032,869.5415916,19
121280,975.6588138,862.9121384,19
121283,957.2329589,859.2469328,19
121286,928.3879294,855.7362834,19
121290,913.3622349,859.7593838,19
121293,900.8805176,850.2953519,19
121296,883.9195508,850.6930717,19
121300,877.2041367,852.0972588,19
121303,871.3206106,847.2817783,19
121306,873.6630512,854.0631837,19
121310,870.2822728,841.1479531,19
121313,862.7032892,882.0762692,19
121316,NaN,NaN,19
121320,NaN,NaN,19
121323,NaN,NaN,19
121326,NaN,NaN,19
121330,NaN,NaN,19
121333,NaN,NaN,19
121336,NaN,NaN,19
121340,NaN,NaN,19
121343,NaN,NaN,19
121346,NaN,NaN,19
121350,NaN,NaN,19
121353,NaN,NaN,19
121356,NaN,NaN,19
121360,NaN,NaN,19
121363,NaN,NaN,19
121366,NaN,NaN,19
121370,NaN,NaN,19
121373,NaN,NaN,19
121376,NaN,NaN,19
121380,NaN,NaN,19
121383,NaN,NaN,19
121386,NaN,NaN,19
121390,NaN,NaN,19
121393,NaN,NaN,19
121396,NaN,NaN,19
121400,NaN,NaN,19
121403,NaN,NaN,19
121406,NaN,NaN,19
121410,NaN,NaN,19
121413,NaN,NaN,19
121416,NaN,NaN,19
121420,NaN,NaN,19
121423,NaN,NaN,19
121426,NaN,NaN,19
121430,NaN,NaN,19
121433,NaN,NaN,19
121436,NaN,NaN,19
121440,NaN,NaN,19
121443,NaN,NaN,19
121446,NaN,NaN,19
121450,NaN,NaN,19
121453,NaN,NaN,19
121456,NaN,NaN,19
121460,NaN,NaN,19
121463,NaN,NaN,19
121466,NaN,NaN,19
121470,NaN,NaN,19
121473,NaN,NaN,19
121476,NaN,NaN,19
121480,NaN,NaN,19
121483,1002.607703,487.6659614,19
121486,1003.538717,479.0895567,19
121490,NaN,NaN,19
121493,NaN,NaN,19
121496,NaN,NaN,19
121500,NaN,NaN,19
121503,1024.24811,391.4658029,19
121506,1014.149268,431.8069956,19
121510,NaN,NaN,19
121513,NaN,NaN,19
121516,NaN,NaN,19
121520,NaN,NaN,19
121523,NaN,NaN,19
121526,NaN,NaN,19
121530,NaN,NaN,19
121533,NaN,NaN,19
121536,NaN,NaN,19
121540,NaN,NaN,19
121543,NaN,NaN,19
121546,NaN,NaN,19
121550,1008.481796,466.0765056,19
121553,NaN,NaN,19
121556,NaN,NaN,19
121560,1011.434249,465.2554994,19
121563,1009.961106,461.654334,19
121566,NaN,NaN,19
121570,NaN,NaN,19
121573,1009.39128,450.1787959,19
121576,1013.218259,454.9477841,19
121580,1009.183353,451.931314,19
121583,1010.434468,453.8809894,19
121586,1010.370937,450.9599842,19
121590,1008.123803,452.3468427,19
121593,1013.229224,454.0497307,19
121596,1011.576108,453.6572189,19
121600,1008.315842,455.5744562,19
121603,1009.291031,449.4304141,19
121606,1009.952623,457.3306997,19
121609,1011.02367,451.3602773,19
121613,1013.182014,454.7471312,19
121616,1010.633814,453.2742172,19
121620,1012.249376,451.8840579,19
121623,1012.618261,451.1044369,19
121626,1011.182786,454.8995649,19
121630,1008.900724,455.2026966,19
121633,1010.373408,454.5545285,19
121636,1008.025512,453.6294991,19
121640,1011.712926,453.5326578,19
121643,1013.448866,452.3225277,19
121646,1014.886591,452.2648009,19
121650,1014.138294,450.9253021,19
121653,1008.88064,456.1648058,19
121656,1010.528465,455.7975839,19
121660,1008.674583,451.4662748,19
121663,1013.544496,454.4939698,19
121666,1010.541941,451.083706,19
121670,1008.185599,458.087788,19
121673,1010.983781,451.2021237,19
121676,1011.350533,457.8118011,19
121679,1012.198033,455.7328185,19
121683,1010.299814,455.3562436,19
121686,1012.453701,454.9811749,19
121690,1012.007129,451.1022937,19
121693,1009.345184,455.0524642,19
121696,1010.846682,457.9412603,19
121700,1016.740556,453.5203494,19
121703,1042.255554,457.0168679,19
121706,1078.744147,465.108555,19
121709,1110.714242,462.0594764,19
121713,1135.223014,471.2837736,19
121716,1148.503189,474.6482694,19
121719,1147.437884,474.6580944,19
121723,1145.460485,473.3063523,19
121726,1135.713099,474.0873719,19
121730,1125.82643,468.9849177,19
121733,1119.690296,473.5741536,19
121736,1117.992715,467.633572,19
121739,1128.224554,471.4231323,19
121743,1132.528694,469.6825095,19
121746,1137.408186,472.2899303,19
121749,1141.492352,472.2544911,19
121753,1138.559279,478.4645249,19
121756,1140.525302,478.7712248,19
121760,1138.206159,475.9132008,19
121763,1138.666175,472.800112,19
121766,1135.148717,478.8977377,19
121770,1133.462216,480.7933281,19
121773,1134.741059,475.8355229,19
121776,1134.554367,477.8280593,19
121779,1131.871143,478.4151961,19
121783,1132.68737,477.9731428,19
121786,1136.850016,485.4579391,19
121789,1133.482335,480.642353,19
121793,1135.182461,479.6580776,19
121796,1134.181936,480.9753718,19
121800,1133.066574,480.2102943,19
121803,1132.24038,479.6350029,19
121806,1135.093564,482.8473425,19
121809,1134.000996,477.7862027,19
121813,1132.894727,482.4163232,19
121816,1134.882772,475.8780584,19
121819,1134.703259,479.1887682,19
121823,1132.166151,480.7135364,19
121826,1134.554145,482.1436954,19
121830,1134.906267,479.0205246,19
121833,1135.049963,478.1761514,19
121836,1135.69636,481.0879362,19
121839,1134.864665,484.0960221,19
121843,1135.574848,479.5444802,19
121846,1142.794472,476.1625279,19
121849,1136.38575,481.4172435,19
121853,1138.976671,481.1064538,19
121856,1135.885385,477.5319864,19
121859,1137.365442,476.6458899,19
121863,1135.393325,471.9150787,19
121866,1136.373295,481.8480219,19
121870,1137.227023,474.2131944,19
121873,1135.931718,475.2525236,19
121876,1136.265059,475.5245925,19
121879,1139.910887,469.7210389,19
121883,1136.550823,472.4831175,19
121886,1136.818081,471.9474817,19
121889,1135.892093,477.2321334,19
121893,1135.615595,472.9648004,19
121896,1134.66553,474.1219028,19
121900,1134.516552,478.3185306,19
121903,1137.484051,484.2612806,19
121906,1138.893615,475.8146539,19
121909,1136.468622,477.1272845,19
121913,1140.187172,475.3704104,19
121916,1135.96133,481.3876434,19
121919,1136.814963,474.9240499,19
121923,1136.966076,480.978687,19
121926,1136.204253,475.7148263,19
121930,1134.030576,479.1671406,19
121933,1135.708643,478.1700879,19
121936,1135.616004,479.7567354,19
121939,1132.35943,482.675573,19
121943,1135.231122,480.4392211,19
121946,1133.410821,478.4027204,19
121949,1136.132613,474.2364074,19
121953,1132.573276,482.880964,19
121956,1137.390697,482.2494539,19
121959,1138.34953,479.2588125,19
121963,1135.207596,477.9461821,19
121966,1133.539688,475.8993102,19
121969,1134.979907,483.6781694,19
121973,1134.513224,478.7840499,19
121976,1134.043379,478.9132354,19
121979,1135.58586,480.0335358,19
121983,1135.889501,477.1215449,19
121986,1137.02972,471.0158723,19
121989,1134.435625,479.1520673,19
121993,1136.687905,476.0125462,19
121996,1137.422187,474.8786151,19
122000,1139.512273,476.5418478,19
122003,1137.766448,477.718085,19
122006,1137.943213,478.6984937,19
122009,1139.727829,478.2684646,19
122013,1141.923134,474.0403281,19
122016,1137.466699,473.0000718,19
122019,1140.555433,479.2292921,19
122023,1137.647764,477.8618129,19
122026,1137.704927,478.9120131,19
122029,1135.189261,480.6954449,19
122033,1138.347208,486.4276574,19
122036,1140.246863,479.5325372,19
125706,961.8346391,859.4777192,20
125709,965.1341812,859.0410356,20
125712,966.2125923,853.0666145,20
125716,964.4189227,861.5965036,20
125719,963.9532107,854.2958298,20
125722,964.0448117,857.8532704,20
125726,968.349905,859.5312802,20
125729,967.1632033,860.7921201,20
125732,962.9571585,856.2065286,20
125736,966.8807403,860.6772024,20
125739,965.4271816,862.4015504,20
125742,964.8882502,858.777989,20
125746,972.5982719,860.980393,20
125749,962.1699475,856.6624555,20
125752,963.0456614,860.1843622,20
125756,965.0929456,862.7601168,20
125759,965.6819485,860.6866944,20
125762,966.1198705,858.7776678,20
125766,961.3749006,856.3755766,20
125769,958.1552364,857.6975938,20
125772,966.0799596,863.1566403,20
125776,967.9215935,860.239259,20
125779,966.8871317,858.4793376,20
125782,963.6920813,855.3700885,20
125786,963.9712423,857.3853493,20
125789,966.0694734,856.9879268,20
125792,966.1797201,857.2348347,20
125796,961.8008164,854.6758293,20
125799,965.3925863,857.2256129,20
125802,965.1865231,852.5884001,20
125806,961.8388003,862.483246,20
125809,962.4829801,861.3908529,20
125812,968.5042081,863.8034208,20
125816,967.1258069,860.9533228,20
125819,966.2836099,860.0222005,20
125822,967.7662879,861.4447796,20
125826,966.4752313,857.5424627,20
125829,966.7121845,861.5231987,20
125832,964.8420342,862.1100387,20
125836,965.4315127,863.7178232,20
125839,964.0614371,861.578709,20
125842,966.3091134,863.8012341,20
125846,966.6312615,863.2762204,20
125849,962.8981622,855.5394164,20
125852,966.8450101,863.7960449,20
125856,970.4606732,863.6926637,20
125859,970.0073394,857.5811968,20
125862,970.2390024,861.0411043,20
125866,963.4812068,862.8103319,20
125869,966.2825891,863.4470606,20
125872,965.7005126,862.1185692,20
125876,960.9934208,861.9051209,20
125879,962.871448,857.728441,20
125882,964.2114372,864.5023714,20
125886,961.8864216,862.8410361,20
125889,965.1981509,860.3792682,20
125892,964.2220996,861.1451157,20
125896,965.1684339,860.0345996,20
125899,969.8398983,862.8009712,20
125902,967.9011113,871.1175866,20
125906,966.7862344,866.2489997,20
125909,967.4312195,865.6538892,20
125912,965.140658,872.4054156,20
125916,965.9674479,864.2689119,20
125919,968.3848128,863.0800793,20
125922,967.5348381,864.6903236,20
125926,963.4387116,866.3961815,20
125929,966.5057055,867.9236755,20
125932,960.7650735,862.6823498,20
125936,960.2696261,869.466011,20
125939,950.8392897,880.9533168,20
125942,941.6985245,897.3194385,20
125946,936.4547737,911.0723398,20
125949,936.3084034,910.3159756,20
125952,943.9860278,909.5885745,20
125956,944.0959845,895.1912874,20
125959,953.5052492,895.4592139,20
125962,947.808425,890.8834289,20
125966,948.9010315,890.7037215,20
125969,944.4937467,896.871274,20
125972,944.1069865,899.4119762,20
125976,942.2901467,901.2453519,20
125979,942.5883082,897.2395969,20
125982,940.5958305,901.9634646,20
125986,941.5566246,900.1446521,20
125989,946.967701,901.1304679,20
125992,941.1893371,901.6332897,20
125996,943.0267404,897.6253293,20
125999,951.0583438,903.2361617,20
126002,944.8443336,897.3566759,20
126006,943.3232981,900.7989443,20
126009,945.55501,896.4635347,20
126012,945.1928041,897.4296648,20
126016,942.7425126,897.6851064,20
126019,941.4125393,898.559528,20
126022,945.8231294,901.5033106,20
126026,945.5642271,902.0888677,20
126029,940.8520251,897.1919548,20
126032,941.2575566,897.22091,20
126036,943.8538305,895.7004155,20
126039,942.8425461,898.3189359,20
126042,940.329848,898.8661711,20
126046,942.0249636,900.0219755,20
126049,944.9209158,902.7898888,20
126052,943.6244554,901.8366294,20
126056,940.8413315,900.8101567,20
126059,944.6955361,904.1187996,20
126062,949.9228807,897.5624937,20
126066,939.8554298,902.8591365,20
126069,925.8392241,888.443279,20
126072,896.770052,871.0470979,20
126076,NaN,NaN,20
126079,NaN,NaN,20
126082,822.7959824,801.8672215,20
126086,800.2285667,796.0937826,20
126089,778.2072619,755.5344158,20
126092,757.7210537,768.0091041,20
126096,727.167748,807.8638832,20
126099,706.4065981,874.1565433,20
126102,NaN,NaN,20
126106,NaN,NaN,20
126109,NaN,NaN,20
126112,NaN,NaN,20
126116,NaN,NaN,20
126119,NaN,NaN,20
126122,NaN,NaN,20
126126,NaN,NaN,20
126129,NaN,NaN,20
126132,NaN,NaN,20
126136,NaN,NaN,20
126139,NaN,NaN,20
126142,NaN,NaN,20
126146,NaN,NaN,20
126149,NaN,NaN,20
126152,NaN,NaN,20
126156,NaN,NaN,20
126159,NaN,NaN,20
126162,NaN,NaN,20
126166,NaN,NaN,20
126169,NaN,NaN,20
126172,NaN,NaN,20
126176,NaN,NaN,20
126179,NaN,NaN,20
126182,NaN,NaN,20
126186,NaN,NaN,20
126189,NaN,NaN,20
126192,NaN,NaN,20
126196,NaN,NaN,20
126199,NaN,NaN,20
126202,NaN,NaN,20
126206,NaN,NaN,20
126209,NaN,NaN,20
126212,NaN,NaN,20
126216,NaN,NaN,20
126219,NaN,NaN,20
126222,NaN,NaN,20
126226,NaN,NaN,20
126229,NaN,NaN,20
126232,558.5258911,458.7058249,20
126236,569.5261315,452.5723558,20
126239,NaN,NaN,20
126242,NaN,NaN,20
126246,NaN,NaN,20
126249,NaN,NaN,20
126252,556.9990383,407.793803,20
126256,580.188666,437.2585695,20
126259,582.0748299,444.0825731,20
126262,584.9009958,461.4968178,20
126266,577.2234652,460.4240718,20
126269,550.5611833,424.6911486,20
126272,NaN,NaN,20
126276,NaN,NaN,20
126279,NaN,NaN,20
126282,555.0948678,432.1733205,20
126286,559.0456919,453.6949971,20
126289,NaN,NaN,20
126292,NaN,NaN,20
126296,NaN,NaN,20
126299,NaN,NaN,20
126302,NaN,NaN,20
126306,NaN,NaN,20
126309,565.0156414,451.5217423,20
126312,563.9857586,448.5999877,20
126316,565.9700927,449.5317675,20
126319,563.6020442,448.9450247,20
126322,564.7837062,443.6882648,20
126326,561.7328469,447.1551461,20
126329,565.7189854,447.3347575,20
126332,561.5795452,440.9243412,20
126336,562.7777795,441.8395517,20
126339,563.9450799,446.8915439,20
126342,563.3634492,444.7557142,20
126346,563.0680065,447.6181497,20
126349,562.5161545,444.7711924,20
126352,567.6369899,445.8421468,20
126356,562.9218553,448.8263015,20
126359,566.7175896,445.733979,20
126362,560.6328921,441.6531476,20
126366,542.1435004,446.4357349,20
126369,500.8949154,452.0933439,20
126372,466.9711109,445.4349581,20
126376,428.9916535,447.6402318,20
126379,403.8480796,450.3363168,20
126382,384.4674363,452.3522598,20
126386,370.1761174,443.220619,20
126389,363.4275908,447.8775917,20
126392,369.9269566,453.5166592,20
126396,384.9672966,462.9197028,20
126399,396.7235579,467.2784301,20
126402,401.0055874,447.0261489,20
126406,392.5114853,442.7558857,20
126409,380.8459137,437.6205118,20
126412,372.5046754,438.88487,20
126415,368.6444099,440.4034652,20
126419,367.9078599,444.8020397,20
126422,368.207668,437.9831936,20
126426,374.7734459,444.3335062,20
126429,375.3165066,446.4415826,20
126432,374.6877599,439.201859,20
126436,377.4085657,444.0322699,20
126439,377.3382932,442.9147932,20
126442,NaN,NaN,20
126446,NaN,NaN,20
126449,374.9699997,445.6117272,20
126452,374.5248508,442.6733543,20
126456,NaN,NaN,20
126459,NaN,NaN,20
126462,374.7969057,442.5145186,20
126465,NaN,NaN,20
126469,NaN,NaN,20
126472,NaN,NaN,20
126475,NaN,NaN,20
126479,NaN,NaN,20
126482,NaN,NaN,20
126485,NaN,NaN,20
126489,NaN,NaN,20
126492,374.8022682,442.1249884,20
126496,377.5177564,444.0795572,20
126499,374.462362,442.5342879,20
126502,371.8307239,442.1551229,20
126506,376.0405218,445.4063368,20
126509,375.2244572,443.6082539,20
126512,373.6104572,447.9629207,20
126515,375.1676814,442.8298672,20
126519,374.1720453,443.9363625,20
126522,374.6279556,442.0013412,20
126525,374.6549343,443.2276119,20
126529,374.9171285,439.1687239,20
126532,373.2241557,442.0336927,20
126536,379.1550052,439.7585223,20
126539,NaN,NaN,20
126542,NaN,NaN,20
126546,NaN,NaN,20
126549,NaN,NaN,20
126552,NaN,NaN,20
126555,NaN,NaN,20
126559,376.508963,444.9519174,20
126562,376.2589799,442.3256897,20
126566,374.5533534,442.9158558,20
126569,NaN,NaN,20
126572,NaN,NaN,20
126575,370.8447108,441.9647923,20
126579,369.302881,442.7773911,20
126582,NaN,NaN,20
126585,NaN,NaN,20
126589,373.4774471,445.742882,20
126592,375.0815019,442.9392717,20
126596,371.4200923,444.8970929,20
126599,NaN,NaN,20
126602,NaN,NaN,20
126606,374.5490636,442.9796326,20
126609,NaN,NaN,20
126612,NaN,NaN,20
126615,NaN,NaN,20
126619,NaN,NaN,20
126622,372.2313746,442.7091582,20
126625,NaN,NaN,20
126629,NaN,NaN,20
126632,371.847629,446.7006824,20
126636,371.4924331,446.9000407,20
126639,NaN,NaN,20
126642,NaN,NaN,20
126645,373.6199527,446.9907004,20
126649,374.4012924,448.1737566,20
126652,371.7360807,448.1039194,20
126655,369.9589034,450.4519384,20
126659,371.5992913,450.4590212,20
126662,369.0160899,442.9103087,20
126666,367.2720722,445.8012853,20
126669,NaN,NaN,20
126672,NaN,NaN,20
126675,370.6613439,447.5370061,20
126679,NaN,NaN,20
126682,NaN,NaN,20
126685,371.6754969,446.2913876,20
126689,367.7911965,446.4467529,20
126692,370.2405843,445.0419454,20
126695,NaN,NaN,20
126699,NaN,NaN,20
126702,369.9036995,447.0751048,20
126705,367.4263555,448.8373424,20
126709,NaN,NaN,20
126712,NaN,NaN,20
126715,370.1782708,449.9404179,20
126719,369.1843169,452.2196108,20
126722,370.2598397,453.0724546,20
126725,NaN,NaN,20
126729,NaN,NaN,20
126732,369.618668,452.915298,20
126736,369.420748,454.5646578,20
126739,NaN,NaN,20
126742,NaN,NaN,20
126745,367.8867884,452.5196276,20
126749,373.7518073,454.4358381,20
126752,NaN,NaN,20
126755,NaN,NaN,20
126759,373.6277404,441.4581541,20
126762,370.646536,448.0089714,20
126765,372.0653709,451.1371105,20
126769,369.3481749,452.8398799,20
126772,370.0807875,454.8407306,20
126775,373.307594,452.0011018,20
126779,NaN,NaN,20
126782,NaN,NaN,20
126785,369.4103933,452.2850115,20
126789,373.1251648,456.6831713,20
126792,368.247614,450.3097278,20
126795,NaN,NaN,20
126799,NaN,NaN,20
126802,372.5401123,447.747925,20
126806,370.9891848,455.0978235,20
126809,NaN,NaN,20
126812,NaN,NaN,20
126815,372.72252,450.8507101,20
126819,375.0050642,456.8134694,20
126822,NaN,NaN,20
126825,NaN,NaN,20
126829,375.4202931,451.2815967,20
126832,372.1549864,456.8656943,20
126835,NaN,NaN,20
126839,NaN,NaN,20
126842,372.5095123,455.0609227,20
126845,370.5372403,451.3464031,20
126849,376.2174886,450.7598246,20
126852,NaN,NaN,20
126855,NaN,NaN,20
126859,373.0566611,450.4909786,20
126862,371.754094,457.2134568,20
126865,NaN,NaN,20
126869,NaN,NaN,20
126872,374.9389323,451.0521662,20
126875,373.5106563,454.4377569,20
126879,NaN,NaN,20
126882,NaN,NaN,20
126885,NaN,NaN,20
126889,NaN,NaN,20
126892,NaN,NaN,20
132308,NaN,NaN,21
132311,NaN,NaN,21
132315,NaN,NaN,21
132318,NaN,NaN,21
132321,NaN,NaN,21
132325,1224.576263,1064.1768,21
132328,1184.709283,1013.571034,21
132331,1153.511951,967.7632685,21
132335,NaN,NaN,21
132338,NaN,NaN,21
132341,NaN,NaN,21
132345,1148.980666,826.6629985,21
132348,NaN,NaN,21
132351,1128.791137,788.6074692,21
132355,1127.189537,774.8501959,21
132358,1140.466649,886.6313191,21
132361,NaN,NaN,21
132365,NaN,NaN,21
132368,NaN,NaN,21
132371,NaN,NaN,21
132375,NaN,NaN,21
132378,1129.215736,795.2965825,21
132381,1122.640196,796.0193352,21
132385,1121.322729,792.4762372,21
132388,1122.370946,779.9510834,21
132391,NaN,NaN,21
132395,NaN,NaN,21
132398,NaN,NaN,21
132401,NaN,NaN,21
132405,NaN,NaN,21
132408,NaN,NaN,21
132411,NaN,NaN,21
132415,NaN,NaN,21
132418,NaN,NaN,21
132421,NaN,NaN,21
132425,NaN,NaN,21
132428,NaN,NaN,21
132431,NaN,NaN,21
132435,NaN,NaN,21
132438,NaN,NaN,21
132441,NaN,NaN,21
132445,NaN,NaN,21
132448,NaN,NaN,21
132451,NaN,NaN,21
132455,NaN,NaN,21
132458,NaN,NaN,21
132461,NaN,NaN,21
132465,NaN,NaN,21
132468,NaN,NaN,21
132471,NaN,NaN,21
132475,NaN,NaN,21
132478,NaN,NaN,21
132481,NaN,NaN,21
132485,NaN,NaN,21
132488,NaN,NaN,21
132491,NaN,NaN,21
132495,NaN,NaN,21
132498,NaN,NaN,21
132501,NaN,NaN,21
132505,NaN,NaN,21
132508,NaN,NaN,21
132511,NaN,NaN,21
132515,984.2096471,881.5240749,21
132518,NaN,NaN,21
132521,NaN,NaN,21
132525,NaN,NaN,21
132528,NaN,NaN,21
132531,NaN,NaN,21
132535,NaN,NaN,21
132538,NaN,NaN,21
132541,NaN,NaN,21
132545,NaN,NaN,21
132548,NaN,NaN,21
132551,NaN,NaN,21
132555,NaN,NaN,21
132558,NaN,NaN,21
132561,NaN,NaN,21
132565,NaN,NaN,21
132568,NaN,NaN,21
132571,NaN,NaN,21
132575,NaN,NaN,21
132578,NaN,NaN,21
132581,NaN,NaN,21
132585,NaN,NaN,21
132588,NaN,NaN,21
132591,NaN,NaN,21
132595,NaN,NaN,21
132598,NaN,NaN,21
132601,NaN,NaN,21
132605,NaN,NaN,21
132608,NaN,NaN,21
132611,NaN,NaN,21
132615,NaN,NaN,21
132618,NaN,NaN,21
132621,NaN,NaN,21
132625,NaN,NaN,21
132628,NaN,NaN,21
132631,NaN,NaN,21
132635,NaN,NaN,21
132638,NaN,NaN,21
132641,NaN,NaN,21
132645,NaN,NaN,21
132648,NaN,NaN,21
132651,NaN,NaN,21
132655,NaN,NaN,21
132658,NaN,NaN,21
132661,NaN,NaN,21
132665,NaN,NaN,21
132668,NaN,NaN,21
132671,NaN,NaN,21
132675,NaN,NaN,21
132678,NaN,NaN,21
132681,NaN,NaN,21
132685,NaN,NaN,21
132688,NaN,NaN,21
132691,NaN,NaN,21
132695,NaN,NaN,21
132698,NaN,NaN,21
132701,NaN,NaN,21
132705,NaN,NaN,21
132708,NaN,NaN,21
132711,NaN,NaN,21
132715,NaN,NaN,21
132718,NaN,NaN,21
132721,NaN,NaN,21
132725,NaN,NaN,21
132728,NaN,NaN,21
132731,NaN,NaN,21
132735,NaN,NaN,21
132738,NaN,NaN,21
132741,NaN,NaN,21
132745,NaN,NaN,21
132748,NaN,NaN,21
132751,NaN,NaN,21
132755,NaN,NaN,21
132758,NaN,NaN,21
132761,NaN,NaN,21
132765,NaN,NaN,21
132768,NaN,NaN,21
132771,NaN,NaN,21
132775,NaN,NaN,21
132778,NaN,NaN,21
132781,NaN,NaN,21
132785,NaN,NaN,21
132788,NaN,NaN,21
132791,NaN,NaN,21
132795,NaN,NaN,21
132798,NaN,NaN,21
132801,NaN,NaN,21
132805,NaN,NaN,21
132808,NaN,NaN,21
132811,NaN,NaN,21
132815,NaN,NaN,21
132818,931.3939983,607.1003524,21
132821,NaN,NaN,21
132825,NaN,NaN,21
132828,NaN,NaN,21
132831,NaN,NaN,21
132835,927.9237953,608.1352387,21
132838,927.8355527,603.468551,21
132841,926.8335435,607.0968823,21
132845,929.4763175,605.5359159,21
132848,929.8747151,603.9539053,21
132851,929.4766367,609.1042237,21
132855,927.1729702,605.5787059,21
132858,928.8232223,603.8108383,21
132861,927.396193,604.9625677,21
132865,931.2933888,603.8712194,21
132868,928.7184075,601.8503091,21
132871,929.8344865,601.5122751,21
132875,930.6533019,603.231676,21
132878,931.2646957,602.6792273,21
132881,930.3991262,605.8960491,21
132885,NaN,NaN,21
132888,NaN,NaN,21
132891,926.0434457,607.8680684,21
132895,NaN,NaN,21
132898,NaN,NaN,21
132901,927.940124,607.1918737,21
132905,927.394158,605.967507,21
132908,929.7761193,605.2652933,21
132911,NaN,NaN,21
132915,NaN,NaN,21
132918,928.768031,606.869816,21
132921,928.9161038,605.5996353,21
132925,NaN,NaN,21
132928,NaN,NaN,21
132931,1023.027534,579.5318875,21
132935,1067.984053,564.2610807,21
132938,1098.533709,560.7836303,21
132941,1120.988794,561.0142765,21
132945,1141.683179,560.2577524,21
132948,1160.320766,548.0686869,21
132951,1172.815604,540.8278045,21
132955,NaN,NaN,21
132958,NaN,NaN,21
132961,NaN,NaN,21
132965,NaN,NaN,21
132968,NaN,NaN,21
132971,NaN,NaN,21
132975,NaN,NaN,21
132978,NaN,NaN,21
132981,NaN,NaN,21
132985,NaN,NaN,21
132988,1177.565201,546.3960841,21
132991,1175.940338,546.8401115,21
132995,NaN,NaN,21
132998,NaN,NaN,21
133001,1171.091951,548.4432213,21
133005,1172.119757,547.2179522,21
133008,1171.542039,548.5792338,21
133011,NaN,NaN,21
133015,NaN,NaN,21
133018,1172.54338,544.2864139,21
133021,1172.416289,548.0787904,21
133025,NaN,NaN,21
133028,NaN,NaN,21
133031,1170.973376,547.6822948,21
133035,1171.298761,546.8851818,21
133038,1170.342376,547.2092989,21
133041,1171.592857,542.9491249,21
133045,1173.429046,543.8707915,21
133048,1170.250774,543.638585,21
133051,NaN,NaN,21
133055,NaN,NaN,21
133058,1172.713845,547.8404556,21
133061,1171.474788,544.9217324,21
133065,NaN,NaN,21
133068,NaN,NaN,21
133071,1169.478369,542.6928514,21
133075,1171.373711,541.5608269,21
133078,1173.103913,546.0738784,21
133081,1172.547563,545.7567203,21
133085,NaN,NaN,21
133088,NaN,NaN,21
133091,NaN,NaN,21
133095,NaN,NaN,21
133098,1171.298194,542.6772489,21
133101,NaN,NaN,21
133105,NaN,NaN,21
133108,NaN,NaN,21
133111,NaN,NaN,21
133115,NaN,NaN,21
133118,NaN,NaN,21
133121,NaN,NaN,21
133125,NaN,NaN,21
133128,1169.538621,546.9043538,21
133131,1169.20359,547.8403167,21
133135,1168.711704,547.1665059,21
133138,NaN,NaN,21
133141,NaN,NaN,21
133145,1165.706846,545.6206569,21
133148,1168.204238,547.328067,21
133151,NaN,NaN,21
133155,NaN,NaN,21
133158,1167.349339,545.4742663,21
133161,1168.52153,548.2299481,21
133165,NaN,NaN,21
133168,NaN,NaN,21
133171,NaN,NaN,21
133175,NaN,NaN,21
133178,NaN,NaN,21
133181,NaN,NaN,21
133185,NaN,NaN,21
133188,NaN,NaN,21
133191,NaN,NaN,21
133195,NaN,NaN,21
133198,NaN,NaN,21
133201,NaN,NaN,21
133205,NaN,NaN,21
133208,NaN,NaN,21
133211,NaN,NaN,21
133215,NaN,NaN,21
133218,NaN,NaN,21
133221,NaN,NaN,21
133225,NaN,NaN,21
133228,NaN,NaN,21
133231,NaN,NaN,21
133235,NaN,NaN,21
133238,NaN,NaN,21
133241,NaN,NaN,21
133245,NaN,NaN,21
133248,NaN,NaN,21
133251,NaN,NaN,21
133255,NaN,NaN,21
133258,NaN,NaN,21
133261,NaN,NaN,21
133265,NaN,NaN,21
133268,NaN,NaN,21
133271,NaN,NaN,21
133275,NaN,NaN,21
133278,NaN,NaN,21
133281,NaN,NaN,21
133285,NaN,NaN,21
133288,NaN,NaN,21
133291,NaN,NaN,21
133295,NaN,NaN,21
133298,1160.666551,543.5129101,21
133301,1161.274757,543.3725717,21
133305,NaN,NaN,21
133308,NaN,NaN,21
133311,NaN,NaN,21
133315,NaN,NaN,21
133318,NaN,NaN,21
133321,NaN,NaN,21
133325,NaN,NaN,21
133328,NaN,NaN,21
133331,NaN,NaN,21
133335,NaN,NaN,21
133338,NaN,NaN,21
133341,NaN,NaN,21
133345,NaN,NaN,21
133348,NaN,NaN,21
133351,NaN,NaN,21
133355,NaN,NaN,21
133358,NaN,NaN,21
133361,NaN,NaN,21
133365,NaN,NaN,21
133368,NaN,NaN,21
133371,NaN,NaN,21
133375,NaN,NaN,21
133378,NaN,NaN,21
133381,NaN,NaN,21
133384,NaN,NaN,21
133388,NaN,NaN,21
133391,NaN,NaN,21
133395,NaN,NaN,21
133398,NaN,NaN,21
133401,NaN,NaN,21
133405,NaN,NaN,21
133408,NaN,NaN,21
133411,NaN,NaN,21
133415,NaN,NaN,21
133418,NaN,NaN,21
133421,NaN,NaN,21
133425,NaN,NaN,21
133428,NaN,NaN,21
133431,NaN,NaN,21
133435,NaN,NaN,21
133438,NaN,NaN,21
133441,NaN,NaN,21
133445,NaN,NaN,21
133448,NaN,NaN,21
133451,NaN,NaN,21
133455,NaN,NaN,21
133458,NaN,NaN,21
133461,NaN,NaN,21
133465,NaN,NaN,21
133468,NaN,NaN,21
133471,NaN,NaN,21
133475,NaN,NaN,21
133478,NaN,NaN,21
133481,NaN,NaN,21
133484,NaN,NaN,21
133488,NaN,NaN,21
133491,NaN,NaN,21
133495,NaN,NaN,21
133498,NaN,NaN,21
133501,NaN,NaN,21
133505,NaN,NaN,21
133508,NaN,NaN,21
133511,NaN,NaN,21
133514,NaN,NaN,21
133518,NaN,NaN,21
133521,NaN,NaN,21
133525,NaN,NaN,21
133528,NaN,NaN,21
133531,NaN,NaN,21
133535,NaN,NaN,21
133538,NaN,NaN,21
133541,NaN,NaN,21
133545,NaN,NaN,21
133548,NaN,NaN,21
133551,NaN,NaN,21
133555,NaN,NaN,21
133558,NaN,NaN,21
133561,NaN,NaN,21
133565,NaN,NaN,21
133568,NaN,NaN,21
133571,NaN,NaN,21
133574,NaN,NaN,21
133578,NaN,NaN,21
133581,NaN,NaN,21
133584,NaN,NaN,21
133588,NaN,NaN,21
133591,NaN,NaN,21
133595,NaN,NaN,21
133598,NaN,NaN,21
133601,NaN,NaN,21
133604,NaN,NaN,21
133608,NaN,NaN,21
133611,NaN,NaN,21
133614,NaN,NaN,21
133618,NaN,NaN,21
133621,NaN,NaN,21
133625,NaN,NaN,21
133628,NaN,NaN,21
133631,NaN,NaN,21
133634,NaN,NaN,21
133638,NaN,NaN,21
133641,NaN,NaN,21
133644,NaN,NaN,21
133648,NaN,NaN,21
133651,NaN,NaN,21
133655,NaN,NaN,21
133658,NaN,NaN,21
133661,NaN,NaN,21
133665,NaN,NaN,21
133668,NaN,NaN,21
133671,NaN,NaN,21
133674,NaN,NaN,21
133678,NaN,NaN,21
133681,NaN,NaN,21
133684,NaN,NaN,21
133688,NaN,NaN,21
133691,NaN,NaN,21
133694,NaN,NaN,21
133698,NaN,NaN,21
133701,NaN,NaN,21
133704,NaN,NaN,21
133708,NaN,NaN,21
133711,NaN,NaN,21
133714,NaN,NaN,21
133718,NaN,NaN,21
133721,NaN,NaN,21
133724,NaN,NaN,21
133728,NaN,NaN,21
133731,NaN,NaN,21
133734,NaN,NaN,21
133738,NaN,NaN,21
133741,NaN,NaN,21
133744,NaN,NaN,21
133748,NaN,NaN,21
133751,NaN,NaN,21
133754,NaN,NaN,21
133758,NaN,NaN,21
133761,NaN,NaN,21
133765,NaN,NaN,21
133768,NaN,NaN,21
133771,NaN,NaN,21
133774,NaN,NaN,21
133778,NaN,NaN,21
133781,NaN,NaN,21
133784,NaN,NaN,21
133788,NaN,NaN,21
133791,NaN,NaN,21
133794,NaN,NaN,21
133798,NaN,NaN,21
133801,NaN,NaN,21
133804,NaN,NaN,21
133808,NaN,NaN,21
133811,NaN,NaN,21
133814,NaN,NaN,21
133818,NaN,NaN,21
133821,NaN,NaN,21
133824,NaN,NaN,21
133828,NaN,NaN,21
133831,NaN,NaN,21
133834,NaN,NaN,21
133838,NaN,NaN,21
133841,NaN,NaN,21
133844,NaN,NaN,21
133848,NaN,NaN,21
133851,NaN,NaN,21
137524,1047.498381,613.1283487,22
137527,1048.541656,615.2003539,22
137531,1048.363734,610.5532491,22
137534,1047.170723,613.7168381,22
137537,1047.113641,614.8581445,22
137541,1050.002851,614.4516466,22
137544,1049.065778,612.8153342,22
137547,1048.831746,611.1536923,22
137551,1047.229029,617.725516,22
137554,1050.457009,614.7546811,22
137557,1047.221947,609.7050836,22
137561,1048.364444,611.7135123,22
137564,1047.068563,612.2514548,22
137567,1047.968678,616.9732642,22
137571,1046.051971,613.245288,22
137574,1042.985225,616.9978444,22
137577,1045.774819,615.2912407,22
137581,1044.096445,619.4888018,22
137584,1047.651529,614.0463994,22
137587,1045.783881,613.6070358,22
137591,1048.556432,617.0207082,22
137594,1045.175539,607.8167148,22
137597,1047.571651,614.6402664,22
137601,1052.560853,615.6761695,22
137604,1046.408856,616.3146775,22
137607,1048.066794,616.4483379,22
137611,1050.596918,612.991633,22
137614,1047.136264,614.1036519,22
137617,1047.671412,621.7647776,22
137621,1048.431314,618.6621525,22
137624,1042.8719,619.027719,22
137627,1045.512663,621.5059528,22
137631,1047.188369,621.2979593,22
137634,1050.206466,616.3196114,22
137637,1045.772576,615.3552893,22
137641,1045.882747,617.5627309,22
137644,1047.552693,617.406303,22
137647,1045.896729,618.5624864,22
137651,1046.82681,614.1990603,22
137654,1046.637705,617.0524168,22
137657,1046.592292,616.9288614,22
137661,1045.533132,619.4069438,22
137664,1044.539166,622.4532416,22
137667,1046.821825,614.3951501,22
137671,1045.929205,618.9368667,22
137674,1044.295415,616.2084085,22
137677,1046.25199,614.5295116,22
137681,1048.767391,619.9821536,22
137684,1046.859109,619.8560368,22
137687,1044.925952,616.5948762,22
137691,1043.297374,620.1386218,22
137694,1043.524087,620.0300764,22
137697,1048.352902,612.7793634,22
137701,1047.643176,618.5797807,22
137704,1047.334573,619.2247,22
137707,1047.202415,618.2390588,22
137711,1042.976501,613.7850657,22
137714,1045.107781,619.5843978,22
137717,1044.276557,620.3034853,22
137721,1045.152687,619.7012219,22
137724,1044.893333,620.0481634,22
137727,1045.762385,618.4279656,22
137731,1046.436022,619.0946939,22
137734,1048.620112,619.8732544,22
137737,1043.734236,637.8512829,22
137741,1022.538369,672.0748089,22
137744,999.2986604,725.4252148,22
137747,975.7793077,770.4673395,22
137751,954.4595532,818.5334029,22
137754,940.086135,839.9707533,22
137757,936.2490388,857.449129,22
137761,NaN,NaN,22
137764,NaN,NaN,22
137767,966.0944572,888.1043637,22
137771,972.6883246,874.4721163,22
137774,NaN,NaN,22
137777,NaN,NaN,22
137781,946.6577148,870.9797284,22
137784,943.2899419,881.4381969,22
137787,944.6697339,896.3675004,22
137791,945.0175688,900.5369853,22
137794,944.678503,900.0461857,22
137797,945.4077882,900.7366933,22
137801,NaN,NaN,22
137804,NaN,NaN,22
137807,951.0194155,898.6408667,22
137811,949.5228719,896.6627087,22
137814,950.3114666,894.0289978,22
137817,951.6713035,894.4561611,22
137821,947.8793687,892.3937177,22
137824,951.517551,891.7111312,22
137827,943.8841973,893.7517288,22
137831,949.3138944,896.9877793,22
137834,944.8999732,894.2809015,22
137837,NaN,NaN,22
137841,NaN,NaN,22
137844,NaN,NaN,22
137847,NaN,NaN,22
137851,NaN,NaN,22
137854,NaN,NaN,22
137857,NaN,NaN,22
137861,NaN,NaN,22
137864,NaN,NaN,22
137867,NaN,NaN,22
137871,NaN,NaN,22
137874,NaN,NaN,22
137877,949.2961119,894.5965857,22
137881,948.9553275,895.8446286,22
137884,NaN,NaN,22
137887,NaN,NaN,22
137891,NaN,NaN,22
137894,NaN,NaN,22
137897,946.1089758,898.6207347,22
137901,NaN,NaN,22
137904,NaN,NaN,22
137907,NaN,NaN,22
137911,NaN,NaN,22
137914,NaN,NaN,22
137917,NaN,NaN,22
137921,949.2423944,896.558471,22
137924,952.0487226,896.5416153,22
137927,NaN,NaN,22
137931,NaN,NaN,22
137934,NaN,NaN,22
137937,NaN,NaN,22
137941,NaN,NaN,22
137944,NaN,NaN,22
137947,NaN,NaN,22
137951,NaN,NaN,22
137954,NaN,NaN,22
137957,NaN,NaN,22
137961,763.9574626,569.1137775,22
137964,744.4652319,554.0625507,22
137967,737.9175718,541.3187401,22
137971,742.5658628,534.3666427,22
137974,748.0490166,537.7749054,22
137977,759.4155996,539.5798608,22
137981,763.9876718,543.2907839,22
137984,759.8723066,551.5548876,22
137987,754.3991716,543.274141,22
137991,745.8111005,542.6213508,22
137994,742.8936235,527.0072876,22
137997,744.8191617,521.8808702,22
138001,745.408972,524.606533,22
138004,748.3996291,523.2335187,22
138007,749.6258373,528.0978385,22
138011,745.2214003,530.3205313,22
138014,749.9272341,531.7359672,22
138017,749.0709899,535.5212812,22
138021,753.8977833,537.0757352,22
138024,750.4584919,531.8956566,22
138027,NaN,NaN,22
138031,NaN,NaN,22
138034,750.2876942,534.8743792,22
138037,747.3806337,535.9020498,22
138041,NaN,NaN,22
138044,NaN,NaN,22
138047,NaN,NaN,22
138051,NaN,NaN,22
138054,NaN,NaN,22
138057,NaN,NaN,22
138061,NaN,NaN,22
138064,NaN,NaN,22
138067,748.491859,534.9996434,22
138071,NaN,NaN,22
138074,NaN,NaN,22
138077,751.3480037,529.6436701,22
138081,746.7374063,534.6357007,22
138084,NaN,NaN,22
138087,NaN,NaN,22
138091,NaN,NaN,22
138094,NaN,NaN,22
138097,NaN,NaN,22
138101,NaN,NaN,22
138104,744.9518962,530.6600254,22
138107,743.6501651,532.7138027,22
138110,747.9799007,530.9247492,22
138114,746.1659951,537.3222986,22
138117,746.8894327,529.8975915,22
138121,746.5305428,528.5587918,22
138124,746.5617485,533.1567631,22
138127,747.2056551,532.5450405,22
138131,745.8505027,530.51989,22
138134,748.6046479,529.2246482,22
138137,746.829694,527.2171952,22
138141,NaN,NaN,22
138144,NaN,NaN,22
138147,746.9372164,531.2309652,22
138151,744.9677546,533.1106934,22
138154,743.7712783,531.6172557,22
138157,742.9621057,530.7242483,22
138161,745.2195855,526.8811738,22
138164,744.6759677,528.3251626,22
138167,NaN,NaN,22
138171,NaN,NaN,22
138174,741.4880477,528.4100912,22
138177,747.1136365,530.6555756,22
138181,NaN,NaN,22
138184,NaN,NaN,22
138187,701.1550961,539.7270695,22
138191,647.3673446,532.5770672,22
138194,583.5392374,530.2331722,22
138197,NaN,NaN,22
138201,NaN,NaN,22
138204,482.642918,516.6167849,22
138207,464.7150519,514.8577423,22
138211,NaN,NaN,22
138214,NaN,NaN,22
138217,NaN,NaN,22
138221,NaN,NaN,22
138224,NaN,NaN,22
138227,NaN,NaN,22
138231,422.3992749,503.5201197,22
138234,416.1995617,509.4560566,22
138237,NaN,NaN,22
138241,NaN,NaN,22
138244,NaN,NaN,22
138247,NaN,NaN,22
138251,NaN,NaN,22
138254,NaN,NaN,22
138257,NaN,NaN,22
138261,NaN,NaN,22
138264,408.0623103,485.4127757,22
138267,NaN,NaN,22
138271,NaN,NaN,22
138274,403.0068481,485.207249,22
138277,405.2215173,485.9965059,22
138281,NaN,NaN,22
138284,NaN,NaN,22
138287,NaN,NaN,22
138291,NaN,NaN,22
138294,406.8659106,485.3594742,22
138297,NaN,NaN,22
138300,NaN,NaN,22
138304,NaN,NaN,22
138307,NaN,NaN,22
138311,NaN,NaN,22
138314,NaN,NaN,22
138317,407.492036,486.2113153,22
138321,401.0841462,487.8630662,22
138324,NaN,NaN,22
138327,NaN,NaN,22
138331,NaN,NaN,22
138334,NaN,NaN,22
138337,NaN,NaN,22
138341,NaN,NaN,22
138344,NaN,NaN,22
138347,NaN,NaN,22
138350,NaN,NaN,22
138354,NaN,NaN,22
138357,NaN,NaN,22
138361,NaN,NaN,22
138364,NaN,NaN,22
138367,NaN,NaN,22
138371,NaN,NaN,22
138374,NaN,NaN,22
138377,NaN,NaN,22
138380,NaN,NaN,22
138384,NaN,NaN,22
138387,NaN,NaN,22
138390,NaN,NaN,22
138394,NaN,NaN,22
138397,NaN,NaN,22
138400,NaN,NaN,22
138404,NaN,NaN,22
138407,NaN,NaN,22
138410,NaN,NaN,22
138414,NaN,NaN,22
138417,NaN,NaN,22
138420,NaN,NaN,22
138424,NaN,NaN,22
138427,NaN,NaN,22
138430,NaN,NaN,22
138434,NaN,NaN,22
138437,NaN,NaN,22
138440,NaN,NaN,22
138444,NaN,NaN,22
138447,NaN,NaN,22
138450,NaN,NaN,22
138454,NaN,NaN,22
138457,NaN,NaN,22
138461,NaN,NaN,22
138464,NaN,NaN,22
138467,NaN,NaN,22
138470,NaN,NaN,22
138474,NaN,NaN,22
138477,NaN,NaN,22
138480,NaN,NaN,22
138484,NaN,NaN,22
138487,NaN,NaN,22
138490,NaN,NaN,22
138494,NaN,NaN,22
138497,NaN,NaN,22
138500,NaN,NaN,22
138504,NaN,NaN,22
138507,NaN,NaN,22
138510,NaN,NaN,22
138514,NaN,NaN,22
138517,NaN,NaN,22
138520,NaN,NaN,22
138524,NaN,NaN,22
138527,NaN,NaN,22
138530,NaN,NaN,22
138534,NaN,NaN,22
138537,NaN,NaN,22
138540,NaN,NaN,22
138544,NaN,NaN,22
138547,NaN,NaN,22
138550,NaN,NaN,22
138554,NaN,NaN,22
138557,NaN,NaN,22
138560,NaN,NaN,22
138564,NaN,NaN,22
138567,NaN,NaN,22
138570,NaN,NaN,22
138574,NaN,NaN,22
138577,NaN,NaN,22
138580,NaN,NaN,22
138584,NaN,NaN,22
138587,NaN,NaN,22
138590,NaN,NaN,22
138594,NaN,NaN,22
138597,NaN,NaN,22
138600,NaN,NaN,22
138604,NaN,NaN,22
138607,NaN,NaN,22
138610,NaN,NaN,22
138614,NaN,NaN,22
138617,NaN,NaN,22
138620,NaN,NaN,22
138624,NaN,NaN,22
138627,NaN,NaN,22
138630,NaN,NaN,22
138634,NaN,NaN,22
138637,NaN,NaN,22
138640,NaN,NaN,22
138644,NaN,NaN,22
138647,NaN,NaN,22
138650,NaN,NaN,22
138654,NaN,NaN,22
138657,NaN,NaN,22
138660,NaN,NaN,22
138664,NaN,NaN,22
138667,NaN,NaN,22
138670,NaN,NaN,22
138674,NaN,NaN,22
138677,NaN,NaN,22
138680,NaN,NaN,22
138684,NaN,NaN,22
138687,NaN,NaN,22
138690,NaN,NaN,22
138694,NaN,NaN,22
138697,NaN,NaN,22
138700,NaN,NaN,22
138704,NaN,NaN,22
138707,NaN,NaN,22
138710,NaN,NaN,22
138714,NaN,NaN,22
138717,NaN,NaN,22
138720,NaN,NaN,22
138724,NaN,NaN,22
138727,NaN,NaN,22
138730,NaN,NaN,22
138734,NaN,NaN,22
138737,NaN,NaN,22
138740,NaN,NaN,22
138744,NaN,NaN,22
138747,NaN,NaN,22
138750,NaN,NaN,22
138754,NaN,NaN,22
138757,NaN,NaN,22
138760,NaN,NaN,22
138764,NaN,NaN,22
138767,NaN,NaN,22
138770,NaN,NaN,22
138774,NaN,NaN,22
138777,NaN,NaN,22
138780,NaN,NaN,22
138784,NaN,NaN,22
138787,NaN,NaN,22
142477,1120.670737,572.5468041,23
142480,1121.90276,566.4595818,23
142483,1122.662566,566.7570477,23
142487,1119.740681,568.290768,23
142490,1123.266862,565.1451042,23
142493,1123.534327,566.0928604,23
142497,1123.254569,566.2242609,23
142500,1121.127427,561.4178044,23
142503,1121.655885,568.6772953,23
142507,1122.951045,559.66223,23
142510,1123.449458,571.4326552,23
142513,1123.027176,568.6553778,23
142517,1121.027052,570.7122945,23
142520,1124.310035,569.4759314,23
142523,1124.150392,567.1253004,23
142527,1119.363452,570.6650334,23
142530,1123.92141,558.649514,23
142533,1123.633729,566.8116082,23
142537,1120.018731,569.4904973,23
142540,1127.808321,565.9241942,23
142543,1146.060409,572.8640276,23
142547,1168.876345,583.4247152,23
142550,1197.547849,595.6737429,23
142553,1221.249072,595.3533915,23
142557,1243.043618,596.6704392,23
142560,1254.577634,599.5728377,23
142563,1260.278867,601.6360137,23
142567,1265.531215,614.970177,23
142570,1261.627372,619.3163114,23
142573,1252.61496,614.9711622,23
142577,1243.778969,617.3903859,23
142580,1248.735912,609.1162234,23
142583,1248.799883,609.6223422,23
142587,1254.173592,610.2214698,23
142590,1256.473529,614.1395126,23
142593,1259.823816,617.0765558,23
142597,1264.528152,613.8242467,23
142600,1256.759206,612.7094613,23
142603,1261.456683,622.0843915,23
142607,1259.442642,619.1206355,23
142610,1256.731881,613.843064,23
142613,1253.173991,616.9597544,23
142617,1253.359103,615.3076928,23
142620,1255.69591,613.3783627,23
142623,1253.783141,616.3595645,23
142627,1255.473616,615.6182733,23
142630,1252.119076,617.4351743,23
142633,1253.13224,612.3220965,23
142637,1255.462515,620.9254021,23
142640,1256.688333,615.6517506,23
142643,1254.40178,616.6187071,23
142647,1258.779293,612.2414134,23
142650,1255.722,616.7315264,23
142653,1256.646743,617.5631353,23
142657,1253.243586,620.889448,23
142660,1256.951924,613.8830904,23
142663,1254.269428,614.3371699,23
142667,1258.548012,616.3866958,23
142670,1254.013448,616.5908148,23
142673,1255.079183,616.6630087,23
142677,1255.070032,619.3570099,23
142680,1255.69353,616.5384152,23
142683,1256.331614,620.7507867,23
142687,1256.876441,614.8054048,23
142690,1254.410476,619.8108588,23
142693,1255.301839,613.0650827,23
142697,1257.0423,612.6490077,23
142700,1252.124266,618.1565471,23
142703,1256.42708,616.0630841,23
142707,1256.737193,613.5967228,23
142710,1258.726076,613.239991,23
142713,1256.92125,621.0443166,23
142717,1254.332962,617.173872,23
142720,1251.655125,617.2823081,23
142723,1252.88492,616.5963167,23
142727,1254.288459,615.833596,23
142730,1254.72017,611.5102844,23
142733,1252.126144,620.678469,23
142737,1257.255946,606.8456945,23
142740,1253.882563,616.9612267,23
142743,1256.197696,612.9057194,23
142747,1256.54743,610.4126951,23
142750,1258.426232,606.343103,23
142753,1257.395187,612.1099828,23
142757,1252.927374,617.0588594,23
142760,1256.313542,620.3726282,23
142763,1257.080538,614.2823868,23
142767,1250.525403,617.0679546,23
142770,1228.756459,639.3599754,23
142773,1192.072434,673.9241202,23
142777,1146.469698,718.4088129,23
142780,1102.495028,746.3996356,23
142783,1066.909277,769.7570931,23
142787,1045.97493,789.6648063,23
142790,1020.641187,796.8384613,23
142793,1010.194996,805.5872419,23
142797,999.4639849,813.5184148,23
142800,994.2449607,823.0277767,23
142803,1002.722549,816.0918162,23
142807,NaN,NaN,23
142810,NaN,NaN,23
142813,1007.733308,811.8490188,23
142817,995.2176426,821.3919405,23
142820,991.820947,827.2116817,23
142823,983.1679255,828.9857487,23
142827,982.2369854,831.9439833,23
142830,986.4439521,833.7518745,23
142833,987.2620954,832.264343,23
142836,992.5007548,829.4708834,23
142840,994.1208494,830.8441004,23
142843,995.8607142,826.7709873,23
142846,992.353721,826.8811927,23
142850,992.7014075,829.467842,23
142853,991.9748576,825.2798939,23
142857,992.4909648,831.2096455,23
142860,994.168344,826.21068,23
142863,991.4435078,827.3960027,23
142867,997.1123671,827.0079471,23
142870,993.124403,829.9908846,23
142873,987.7457842,828.2462761,23
142877,993.5973043,830.2573388,23
142880,991.4718585,829.770507,23
142883,991.2848158,826.8986194,23
142887,992.741054,828.9667655,23
142890,988.9868932,828.4067545,23
142893,993.4083643,830.8416913,23
142897,991.3636736,829.5539996,23
142900,991.6731191,825.8528396,23
142903,989.881885,830.9857403,23
142907,991.6353963,829.6482249,23
142910,989.4683294,824.2316957,23
142913,992.0917214,826.8096726,23
142917,995.221247,826.9606979,23
142920,992.3031985,827.4573329,23
142923,994.62869,829.5873348,23
142927,999.6515527,826.0842451,23
142930,1025.510047,819.3164337,23
142933,1073.08235,810.9393716,23
142937,1115.363024,796.2663834,23
142940,1160.099584,784.3753899,23
142943,1200.636887,765.8113196,23
142947,1240.310445,740.8795757,23
142950,1279.382404,714.6131697,23
142953,1313.888547,680.083542,23
142957,1346.49052,654.3411025,23
142960,1376.67985,636.1397986,23
142963,1413.266077,617.4725807,23
142967,1445.128102,600.562288,23
142970,1474.481187,586.6631725,23
142973,1503.752139,572.4336853,23
142976,1529.883617,553.7839815,23
142980,1541.733779,543.757158,23
142983,1539.396567,530.321387,23
142986,1530.473593,535.5978931,23
142990,1520.893335,539.2946195,23
142993,1513.687434,544.945818,23
142997,1510.048904,539.3420673,23
143000,1520.433373,538.4140022,23
143003,1527.667395,528.3787135,23
143006,1533.26655,524.2047994,23
143010,1537.937475,524.15387,23
143013,1533.906647,519.7765147,23
143016,1527.877929,524.4100903,23
143020,1521.903032,525.6192018,23
143023,1520.815051,528.4047633,23
143027,1517.346174,530.4126195,23
143030,1523.25746,532.7745608,23
143033,1520.914907,533.2434653,23
143037,1517.388918,530.495489,23
143040,1524.840116,531.9396449,23
143043,1520.926101,533.2528931,23
143046,1519.427609,532.568311,23
143050,1523.72024,529.1361459,23
143053,1522.208519,533.1854364,23
143056,1518.058769,528.0245425,23
143060,1522.517616,528.0289256,23
143063,1524.846518,532.9316497,23
143067,1525.091203,530.9564322,23
143070,1520.087354,531.8463469,23
143073,1519.029342,526.2548832,23
143076,1518.01577,527.6898745,23
143080,1522.953323,532.167426,23
143083,1521.988279,529.7341419,23
143086,1520.487258,527.1728679,23
143090,1522.036634,528.2535671,23
143093,1520.670634,528.17463,23
143097,1518.571292,531.6211027,23
143100,1518.43267,530.1246184,23
143103,1518.975363,526.5655474,23
143106,1520.225519,520.5580305,23
143110,1521.672759,524.9196552,23
143113,1517.370026,528.4298011,23
143116,1523.626536,532.5790862,23
143120,1511.920106,532.68828,23
143123,1484.423356,528.6222805,23
143126,1429.359629,530.0910747,23
143130,1365.877712,522.4808538,23
143133,1308.785352,515.9329958,23
143137,1251.89297,505.9375563,23
143140,1205.342343,494.7657727,23
143143,NaN,NaN,23
143146,NaN,NaN,23
143150,1064.789213,474.3389931,23
143153,1028.437312,475.8793681,23
143156,986.9525334,473.7991241,23
143160,931.332996,472.5771123,23
143163,883.2628255,468.5474588,23
143167,849.9580392,469.6239066,23
143170,827.7346425,474.3374468,23
143173,823.8637015,478.6608173,23
143176,834.452377,482.6995539,23
143180,850.4957936,476.3294821,23
143183,856.4495108,471.3819708,23
143186,854.009429,470.4405015,23
143190,841.2199961,468.7528524,23
143193,833.6363987,468.615289,23
143197,820.7967099,472.7182958,23
143200,820.3891077,471.2166209,23
143203,829.8762252,473.791104,23
143206,827.7296339,483.2053759,23
143210,837.6372492,480.591529,23
143213,831.737959,480.1838362,23
143216,831.2469913,479.1716772,23
143220,835.8922002,481.9215742,23
143223,833.5678874,471.6541013,23
143226,837.4239284,476.1312732,23
143230,833.6250507,476.4124353,23
143233,837.3500885,475.0771126,23
143237,836.3181089,475.7750354,23
143240,834.1573766,477.1662116,23
143243,834.3068195,479.000766,23
143246,834.4510495,478.0247135,23
143250,833.8771647,480.3265694,23
143253,835.6861185,482.4975635,23
143256,835.2998273,475.1556805,23
143260,834.9303157,478.6307917,23
143263,834.794969,477.8260402,23
143267,834.501596,480.0964271,23
143270,832.9048346,473.6838361,23
143273,833.9290743,474.0055798,23
143276,831.1832129,472.5868969,23
143280,834.8584235,472.0917717,23
143283,831.6824224,478.0345554,23
143286,833.2382205,477.3388138,23
143290,830.1306127,475.5279766,23
143293,831.4437025,474.1954681,23
143297,834.8140754,475.4550344,23
143300,832.3425273,475.2233087,23
143303,831.2452229,476.8084747,23
143306,832.8396123,479.3180173,23
143310,831.0300935,472.7111309,23
143313,831.5891502,471.2392544,23
143316,833.1352569,474.9834747,23
143320,833.2427142,474.5165631,23
143323,831.8167936,473.8733898,23
143326,833.8950475,470.6740783,23
143330,832.4839928,471.790468,23
143333,832.6331394,472.9105168,23
143336,831.6083,474.2721504,23
143340,831.0623657,478.5079815,23
143343,832.4053275,472.2138004,23
143346,830.8420829,477.7079116,23
143350,832.0211136,474.2391284,23
143353,832.3833501,476.4636667,23
143356,829.940472,477.7921386,23
143360,833.8168018,473.2781589,23
143363,826.4255389,476.6171469,23
143366,829.7193312,477.9010261,23
143370,828.1469348,475.7720022,23
143373,829.4829372,479.5362803,23
143376,833.0980162,468.9265671,23
143380,831.0587942,478.8189605,23
143383,831.6678942,475.8008207,23
143386,830.5786596,476.2795658,23
143390,830.4437313,479.7417372,23
143393,834.8516798,475.9528144,23
143396,827.9461697,475.0186028,23
143400,829.3530779,483.8026612,23
143403,827.8283406,476.7777835,23
143406,831.5435445,471.1675097,23
143410,830.2340052,473.8803025,23
143413,831.4533373,472.1550832,23
143416,829.8166795,473.9467022,23
143420,828.7955503,473.1606814,23
143423,833.1304599,473.9736313,23
143426,828.1694198,476.825293,23
143430,831.5366392,474.6475599,23
143433,830.519141,474.6165812,23
143436,830.2944837,481.9707859,23
143440,831.877487,479.422716,23
143443,831.8910348,475.1251746,23
143446,829.5624132,476.5402975,23
143450,831.8566973,473.8763302,23
143453,829.4293351,481.1770283,23
143456,830.0532798,477.2526482,23
143460,833.6958184,476.6945719,23
143463,834.6427442,477.5410678,23
143466,834.6599663,480.2274572,23
143470,813.1802478,486.5524116,23
143473,792.4590857,491.5098636,23
143476,766.5130199,512.4958827,23
143480,746.0324575,520.0707307,23
143483,743.6962244,534.9924155,23
143486,750.951493,531.7081038,23
143490,768.9553412,534.6023806,23
143493,785.0779721,515.482265,23
143496,789.5779742,505.2391969,23
143500,783.8495883,508.1237196,23
143503,774.8362476,511.123581,23
143506,765.6850961,519.3219756,23
143510,767.8259321,513.9705874,23
143513,764.9408695,525.0352823,23
143516,762.9584986,515.9851744,23
143520,765.0574721,519.9446947,23
143523,766.3749341,521.2184825,23
143526,771.9201833,518.8024648,23
143530,770.589074,522.9610055,23
143533,769.3360594,517.2489568,23
143536,767.6367058,518.3667268,23
143540,766.5759871,521.6657066,23
143543,768.5229918,518.7980472,23
143546,769.3027354,516.5784828,23
143550,771.8969604,519.2824056,23
143553,767.6056866,517.4012347,23
143556,766.243354,524.0893988,23
143560,763.0562607,518.474169,23
143563,765.210365,526.1965091,23
143566,769.9690565,521.4767873,23
143570,768.159892,523.2473927,23
143573,770.7549249,518.3757074,23
143576,767.5370635,525.9762351,23
143580,767.5047623,527.3347454,23
143583,764.6927275,521.3100062,23
143586,765.4166205,523.1367067,23
143590,765.8741849,522.1968337,23
143593,766.7095278,513.8095687,23
143596,767.4229923,527.666008,23
143600,767.5047148,520.6506732,23
143603,770.7269298,518.4178683,23
143606,767.98655,523.8593075,23
143610,767.5911651,519.3159208,23
143613,767.7160799,522.3719894,23
143616,764.4333834,521.2783578,23
143620,765.1703704,522.0573022,23
143623,768.4790463,521.143753,23
143626,766.3347097,519.0804868,23
143630,765.9344376,524.1437029,23
143633,764.9117435,521.62229,23
143636,766.1628952,521.233164,23
143640,764.3180992,519.8035131,23
143643,763.0540458,521.4074796,23
143646,767.9267306,519.9482728,23
143650,765.1944927,521.2087632,23
143653,766.3307284,522.7793404,23
143656,765.8989545,523.6220018,23
143660,762.5892007,523.1450626,23
143663,764.0239852,522.0316423,23
143666,764.7527474,522.7133449,23
143670,764.0624335,514.8211842,23
143673,763.7216249,525.090784,23
143676,765.3165137,521.751651,23
143680,765.1100498,522.3792661,23
143683,762.0797227,521.8650713,23
143686,766.921436,523.6227248,23
143690,764.1056406,527.1111502,23
143693,764.3457559,526.8472984,23
143696,765.7972692,517.6257234,23
143700,765.5859408,524.4814709,23
143703,765.0729494,519.8815523,23
143706,764.8679733,525.4538811,23
143710,765.6061222,520.8086798,23
143713,766.1421959,518.9368579,23
143716,765.440816,520.0104745,23
143720,763.4118985,521.6860924,23
143723,765.9512776,518.7165951,23
143726,766.1142313,522.0607132,23
143730,764.4728055,520.6624409,23
143733,765.3763235,525.073906,23
143736,764.6719321,524.4901075,23
143740,769.0648754,522.0102382,23
143743,765.1904945,519.5879894,23
143746,765.1927819,517.934039,23
143750,762.7018992,517.8874807,23
143753,764.3906869,519.1706694,23
143756,763.2543435,520.629824,23
143760,764.1259727,515.3516291,23
143763,763.8276507,521.1284064,23
143766,764.9099225,519.3224111,23
143770,765.5894913,516.1628326,23
143773,765.7589903,521.3242698,23
143776,768.5109117,524.452555,23
143780,764.0929995,525.9024058,23
143783,764.9122037,524.077476,23
143786,763.6785148,517.2475001,23
143790,762.3427432,522.4755319,23
143793,763.6701904,522.2452741,23
143796,768.0170861,521.2346991,23
143800,762.0942146,525.5132297,23
143803,765.6713769,526.3504711,23
147476,970.8913391,865.6445721,24
147479,972.5296908,864.4588227,24
147483,972.5728839,863.4443835,24
147486,973.2708338,866.4483746,24
147489,971.3690908,864.153664,24
147493,968.714754,866.1153701,24
147496,970.1339168,865.3074378,24
147499,973.4751762,866.9079194,24
147503,969.6289112,867.4733689,24
147506,969.9845381,861.3065576,24
147509,970.0490377,861.6691269,24
147513,972.4913186,861.2832138,24
147516,966.071417,861.7743363,24
147519,970.1238777,856.7660698,24
147523,967.7985464,861.4495929,24
147526,971.0637323,858.3178921,24
147529,970.6653548,857.7928476,24
147533,971.5899904,857.0542804,24
147536,971.9448473,861.5900502,24
147539,973.4245961,854.9689602,24
147543,976.2420483,853.0896469,24
147546,972.8389116,855.0995888,24
147549,968.8755542,857.4037596,24
147552,972.2069999,855.19926,24
147556,972.2074007,858.6024953,24
147559,973.8632111,853.5289114,24
147563,971.8743244,858.3940209,24
147566,969.6297712,852.5881455,24
147569,969.3091461,861.4950915,24
147573,969.3732926,854.6537401,24
147576,967.72064,835.1544662,24
147579,971.1113713,859.3290662,24
147582,968.0381097,856.4047201,24
147586,966.8435245,856.8660041,24
147589,967.0249552,857.3765592,24
147593,968.0706555,856.4598132,24
147596,967.4578767,858.1422754,24
147599,970.2772021,853.9301984,24
147603,970.3526726,851.6529287,24
147606,970.4371567,856.848513,24
147609,970.55774,857.8887449,24
147612,970.4340902,857.770248,24
147616,970.5842731,856.6363817,24
147619,968.4396725,853.9793805,24
147623,971.1273456,855.7238443,24
147626,975.1770084,815.5762042,24
147629,974.3699121,856.8636958,24
147633,971.9908944,856.152688,24
147636,971.2098207,854.7962231,24
147639,971.5257099,858.5881161,24
147643,969.4368529,856.8406897,24
147646,968.4848379,856.5111758,24
147649,969.5559804,860.2950062,24
147652,969.4475813,858.615301,24
147656,969.9420126,855.7937152,24
147659,971.190127,858.0256711,24
147663,972.0393176,859.5289719,24
147666,970.0023748,856.561565,24
147669,966.7774383,858.0069415,24
147673,971.4646566,824.6177976,24
147676,970.4988355,857.8305199,24
147679,965.7977661,857.4714058,24
147682,970.1722439,859.7007906,24
147686,970.8295734,858.2607097,24
147689,968.9643837,859.9480556,24
147693,968.272443,858.3318062,24
147696,969.386714,858.599325,24
147699,969.6675826,857.8843572,24
147703,967.0888833,857.3605273,24
147706,968.6880146,859.1409398,24
147709,975.0008803,855.2431678,24
147712,970.9677352,856.3381629,24
147716,973.0908319,855.9710977,24
147719,969.2360442,857.3226776,24
147722,969.23144,858.3996754,24
147726,972.1330114,858.3180672,24
147729,970.8191521,855.1413933,24
147733,965.905735,857.9131837,24
147736,969.2888879,855.8662889,24
147739,969.1624097,857.6784203,24
147742,974.8594385,855.0427719,24
147746,971.727576,854.4083271,24
147749,968.5710696,858.7780192,24
147752,969.8193717,854.5061686,24
147756,968.1504629,856.1600557,24
147759,967.1283622,858.4591241,24
147763,970.0502951,859.0067522,24
147766,969.7941347,854.8194745,24
147769,967.6519481,858.5299454,24
147773,974.8959238,857.252706,24
147776,965.621362,860.3311389,24
147779,968.1463112,851.7811568,24
147782,970.9631324,856.4957427,24
147786,971.5753924,856.004683,24
147789,971.6299267,857.034171,24
147793,970.9271207,856.2749925,24
147796,968.3256901,854.680319,24
147799,971.0703096,856.8168641,24
147803,972.968873,856.4582129,24
147806,970.7208693,857.3920477,24
147809,971.2523085,855.7354155,24
147812,969.7035261,857.3167543,24
147816,969.0683035,821.1323471,24
147819,970.9306067,854.0843975,24
147822,971.6650807,852.7252546,24
147826,968.4625035,855.0493875,24
147829,968.458941,854.0748901,24
147833,970.0167349,855.1585973,24
147836,967.6845878,857.5134586,24
147839,965.6815111,855.7770976,24
147842,971.8096985,855.1033108,24
147846,970.6734805,856.6468805,24
147849,970.2278016,854.9053636,24
147852,966.4722585,857.543733,24
147856,968.8792038,855.7872701,24
147859,971.5943519,857.4969325,24
147863,967.7136527,856.7794629,24
147866,970.110088,858.0051701,24
147869,969.1766088,856.6277314,24
147873,968.3909905,856.6154306,24
147876,969.3353719,855.68766,24
147879,969.7570579,856.2061631,24
147882,972.1103638,858.145549,24
147886,969.8728106,856.4231229,24
147889,967.5737284,855.9782968,24
147892,966.0033755,857.7810138,24
147896,965.5421176,856.0637743,24
147899,966.7254536,858.3071566,24
147903,971.229049,858.2509524,24
147906,967.2125554,855.286197,24
147909,970.8442768,826.0546558,24
147912,970.3236967,859.6734915,24
147916,969.9616264,857.9174048,24
147919,966.2977183,857.0220441,24
147922,972.9557376,853.8614407,24
147926,968.7809293,854.2998308,24
147929,965.1210024,856.7823743,24
147933,970.7157569,850.0987441,24
147936,966.2078731,852.843477,24
147939,969.6432242,855.3158053,24
147942,967.6168556,851.8456429,24
147946,972.5796859,850.2927792,24
147949,NaN,NaN,24
147952,NaN,NaN,24
147956,966.5772043,860.1599235,24
147959,971.6639164,856.9608102,24
147962,969.6042272,856.8291924,24
147966,972.4402427,859.092914,24
147969,969.3489728,858.7826337,24
147972,970.1773677,855.563111,24
147976,966.8948163,856.6562629,24
147979,965.9101307,854.2163999,24
147982,962.4224023,853.7141785,24
147986,969.4649692,856.4819607,24
147989,966.3073517,859.7349868,24
147992,970.1503611,853.2037537,24
147996,974.1250576,859.7302295,24
147999,972.4845004,854.7180304,24
148003,965.2982824,856.061715,24
148006,970.2209153,854.6699608,24
148009,966.2635858,855.7214739,24
148012,969.8364249,857.3618825,24
148016,965.1590647,853.6190589,24
148019,968.1878242,856.8863492,24
148022,970.0733129,856.0535345,24
148026,967.6469991,857.049026,24
148029,967.1134747,857.4636926,24
148032,969.8513108,857.8929347,24
148036,969.4751424,853.7171256,24
148039,965.2372002,854.9323385,24
148042,966.4101221,858.3194605,24
148046,967.1199943,858.5576879,24
148049,964.3623893,855.2118804,24
148052,966.2781049,859.6222741,24
148056,966.6336779,852.6797246,24
148059,970.8521053,855.9773118,24
148062,967.6544482,855.5346976,24
148066,966.3955034,856.5514606,24
148069,966.3136921,852.3473913,24
148072,964.535751,855.4401002,24
148076,965.9268073,858.1098089,24
148079,964.1205929,856.5055281,24
148082,967.3278201,858.9647791,24
148086,970.9536511,856.7513566,24
148089,962.7935791,858.4277434,24
148092,970.3140194,857.6611182,24
148096,965.6086576,854.4719088,24
148099,971.1472687,855.3462224,24
148102,968.5929283,861.151732,24
148106,970.1090449,855.6375486,24
148109,968.2363091,854.5777481,24
148112,969.7300579,856.2816298,24
148116,967.8586888,856.404841,24
148119,969.7490583,855.2492744,24
148122,966.5451181,859.0630642,24
148126,969.2299443,858.9637105,24
148129,970.742224,857.7461693,24
148132,972.3257461,856.2733165,24
148136,971.9565437,860.3504168,24
148139,968.4230454,819.9166994,24
148142,967.6763776,858.0063345,24
148146,969.4225372,851.3964839,24
148149,966.2645401,860.8043737,24
148152,969.7597891,856.0137577,24
148156,969.7377508,860.5827521,24
148159,964.0925013,856.5882589,24
148162,966.1601928,858.223839,24
148166,968.5898812,859.7298057,24
148169,968.9658378,857.2807831,24
148172,965.0684306,855.0706045,24
148176,968.8945624,856.2452732,24
148179,965.0996635,857.5553409,24
148182,964.8218088,859.4858596,24
148186,969.3097258,858.0167682,24
148189,970.9317776,854.9432119,24
148192,966.9391349,855.1146587,24
148196,962.0275476,856.3093508,24
148199,979.3234402,853.2345528,24
148202,1003.748824,847.6586245,24
148206,1044.298038,839.3611968,24
148209,1084.131408,826.1548797,24
148212,1124.258055,815.3066154,24
148216,1152.324379,794.4748258,24
148219,1187.558222,766.5861108,24
148222,1223.304391,745.417698,24
148226,1253.660266,726.2538928,24
148229,1294.857816,698.5045472,24
148232,1324.957234,682.1705034,24
148236,1355.919423,662.5441746,24
148239,1395.732671,639.0541258,24
148242,1425.308174,621.7864023,24
148246,1453.000765,613.4378161,24
148249,1477.837879,600.832001,24
148252,1502.146457,591.6480218,24
148256,1521.354281,578.3102042,24
148259,1533.195187,564.1054551,24
148262,1544.067915,557.3756587,24
148266,1545.008512,551.810204,24
148269,1538.316116,560.2212606,24
148272,1530.929889,554.4887366,24
148276,1526.259102,559.5473176,24
148279,1527.651545,563.9109543,24
148282,1533.352541,558.7738621,24
148286,1532.15565,562.794181,24
148289,1539.248051,552.1734753,24
148292,1537.485942,551.3231269,24
148296,1534.885617,555.7827898,24
148299,1532.987295,549.4600033,24
148302,1533.642215,547.3483791,24
148306,1533.272847,553.3798156,24
148309,1533.461671,554.637374,24
148312,1536.153614,553.3470828,24
148316,1531.460952,548.2358949,24
148319,1527.002769,555.1411669,24
148322,1530.27222,548.0827993,24
148326,1537.731667,549.7759009,24
148329,1531.133019,552.4888969,24
148332,1535.658931,546.3470979,24
148336,1535.587487,558.6693807,24
148339,1536.448605,561.4840404,24
148342,1536.815456,557.2438265,24
148346,1535.624351,555.5313335,24
148349,1536.192655,560.2621602,24
148352,1537.706209,558.2857289,24
148356,1535.069489,563.8239333,24
148359,1539.696001,558.4513093,24
148362,1536.805345,558.1533256,24
148366,1537.223387,558.9117234,24
148369,1534.121267,553.1911808,24
148372,1535.114694,554.4561541,24
148376,1536.58478,549.4425532,24
148379,1531.933725,552.6128002,24
148382,1536.04208,544.2586911,24
148386,1535.928471,552.8141329,24
148389,1532.921303,549.4227326,24
148392,1536.789555,552.6996016,24
148396,1536.46983,546.4054965,24
148399,1533.331452,549.5073141,24
148402,1532.744489,549.8160027,24
148406,1535.950671,553.4259467,24
148409,1535.236933,559.3648615,24
148412,1536.046301,558.5769263,24
148416,1536.628182,558.486133,24
148419,1537.321553,561.742116,24
148422,1538.106783,559.3549938,24
148426,1536.016012,559.94816,24
148429,1539.526767,554.1400771,24
148432,1539.973853,559.3505993,24
148436,1537.47506,559.370651,24
148439,1540.406135,557.9248768,24
148442,1536.849889,557.5722105,24
148446,1532.719389,554.3185494,24
148449,1533.743425,554.6137642,24
148452,1539.106099,558.5751878,24
148456,1535.173661,548.4464784,24
148459,1536.794548,556.6659081,24
148462,1535.548435,552.5957318,24
148466,1540.148594,558.1686236,24
148469,1533.637515,550.0481292,24
148472,1535.01091,552.9080231,24
148476,1533.816201,554.0499941,24
148479,1533.900353,551.2905897,24
148482,1539.664768,557.2369913,24
148486,1537.885826,556.8963624,24
148489,1535.092422,559.9597039,24
148492,1536.098428,559.8254704,24
148496,1541.126613,559.9917673,24
148499,1537.19745,556.8180133,24
148502,1538.321299,558.4481982,24
148506,1538.650136,560.7274745,24
148509,1539.644547,558.8415848,24
148512,1535.025042,559.1339574,24
148516,1535.853748,552.7232024,24
148519,1536.919952,554.7888607,24
148522,1535.672595,557.1347164,24
148526,1538.008991,556.3394277,24
148529,1535.217661,554.4284536,24
148532,1535.713726,549.6498295,24
148536,1531.707086,551.0280136,24
148539,1538.37115,560.664768,24
148542,1538.822132,550.667116,24
148546,1538.596053,553.6847403,24
148549,1533.961243,553.3417952,24
148552,1530.999498,554.1711905,24
148556,1538.908855,554.9875878,24
148559,1534.958589,547.8084188,24
148562,1535.844216,547.1232762,24
148566,1534.937429,550.3094555,24
148569,1536.335769,559.1877344,24
148572,1535.935215,553.6323344,24
148576,1537.436561,557.7833412,24
148579,1536.934568,555.6739836,24
148582,1537.031089,550.5114754,24
148586,1533.261977,548.5944798,24
148589,1530.791958,550.2695298,24
148592,1537.667878,551.5715122,24
148596,1540.140106,557.2216703,24
148599,1540.98908,551.9276304,24
148602,1536.907482,558.1813227,24
148606,1541.654373,556.1578775,24
148609,1540.808831,556.2454724,24
148612,1540.810301,551.3586012,24
163114,NaN,NaN,25
163117,NaN,NaN,25
163120,NaN,NaN,25
163124,NaN,NaN,25
163127,NaN,NaN,25
163130,NaN,NaN,25
163134,NaN,NaN,25
163137,NaN,NaN,25
163140,NaN,NaN,25
163144,NaN,NaN,25
163147,NaN,NaN,25
163150,NaN,NaN,25
163154,NaN,NaN,25
163157,NaN,NaN,25
163160,NaN,NaN,25
163164,NaN,NaN,25
163167,NaN,NaN,25
163170,NaN,NaN,25
163174,NaN,NaN,25
163177,NaN,NaN,25
163180,NaN,NaN,25
163184,NaN,NaN,25
163187,NaN,NaN,25
163190,NaN,NaN,25
163194,NaN,NaN,25
163197,NaN,NaN,25
163200,NaN,NaN,25
163204,NaN,NaN,25
163207,NaN,NaN,25
163210,NaN,NaN,25
163214,NaN,NaN,25
163217,NaN,NaN,25
163220,NaN,NaN,25
163224,NaN,NaN,25
163227,NaN,NaN,25
163230,NaN,NaN,25
163234,NaN,NaN,25
163237,NaN,NaN,25
163240,NaN,NaN,25
163244,NaN,NaN,25
163247,NaN,NaN,25
163250,NaN,NaN,25
163254,NaN,NaN,25
163257,NaN,NaN,25
163260,NaN,NaN,25
163264,NaN,NaN,25
163267,NaN,NaN,25
163270,NaN,NaN,25
163274,NaN,NaN,25
163277,NaN,NaN,25
163280,NaN,NaN,25
163284,NaN,NaN,25
163287,NaN,NaN,25
163290,NaN,NaN,25
163294,NaN,NaN,25
163297,NaN,NaN,25
163300,NaN,NaN,25
163304,NaN,NaN,25
163307,NaN,NaN,25
163310,NaN,NaN,25
163314,NaN,NaN,25
163317,NaN,NaN,25
163320,NaN,NaN,25
163324,NaN,NaN,25
163327,NaN,NaN,25
163330,NaN,NaN,25
163334,NaN,NaN,25
163337,NaN,NaN,25
163340,NaN,NaN,25
163344,NaN,NaN,25
163347,NaN,NaN,25
163350,NaN,NaN,25
163354,NaN,NaN,25
163357,NaN,NaN,25
163360,NaN,NaN,25
163364,NaN,NaN,25
163367,NaN,NaN,25
163370,NaN,NaN,25
163374,NaN,NaN,25
163377,NaN,NaN,25
163380,NaN,NaN,25
163384,NaN,NaN,25
163387,NaN,NaN,25
163390,981.6314253,737.2265451,25
163394,994.118153,745.5123989,25
163397,NaN,NaN,25
163400,NaN,NaN,25
163404,NaN,NaN,25
163407,NaN,NaN,25
163410,NaN,NaN,25
163414,NaN,NaN,25
163417,NaN,NaN,25
163420,NaN,NaN,25
163424,NaN,NaN,25
163427,NaN,NaN,25
163430,NaN,NaN,25
163434,NaN,NaN,25
163437,NaN,NaN,25
163440,NaN,NaN,25
163444,NaN,NaN,25
163447,NaN,NaN,25
163450,NaN,NaN,25
163454,NaN,NaN,25
163457,NaN,NaN,25
163460,NaN,NaN,25
163464,NaN,NaN,25
163467,NaN,NaN,25
163470,NaN,NaN,25
163474,NaN,NaN,25
163477,NaN,NaN,25
163480,NaN,NaN,25
163484,NaN,NaN,25
163487,NaN,NaN,25
163490,NaN,NaN,25
163494,NaN,NaN,25
163497,NaN,NaN,25
163500,NaN,NaN,25
163504,NaN,NaN,25
163507,NaN,NaN,25
163510,NaN,NaN,25
163514,NaN,NaN,25
163517,NaN,NaN,25
163520,NaN,NaN,25
163524,NaN,NaN,25
163527,NaN,NaN,25
163530,NaN,NaN,25
163534,NaN,NaN,25
163537,NaN,NaN,25
163540,NaN,NaN,25
163544,NaN,NaN,25
163547,NaN,NaN,25
163550,NaN,NaN,25
163554,NaN,NaN,25
163557,NaN,NaN,25
163560,NaN,NaN,25
163564,NaN,NaN,25
163567,NaN,NaN,25
163570,NaN,NaN,25
163574,NaN,NaN,25
163577,NaN,NaN,25
163580,NaN,NaN,25
163584,NaN,NaN,25
163587,NaN,NaN,25
163590,NaN,NaN,25
163594,NaN,NaN,25
163597,NaN,NaN,25
163600,NaN,NaN,25
163604,NaN,NaN,25
163607,NaN,NaN,25
163610,NaN,NaN,25
163614,NaN,NaN,25
163617,NaN,NaN,25
163620,NaN,NaN,25
163624,NaN,NaN,25
163627,NaN,NaN,25
163630,NaN,NaN,25
163634,NaN,NaN,25
163637,NaN,NaN,25
163640,NaN,NaN,25
163644,NaN,NaN,25
163647,NaN,NaN,25
163650,NaN,NaN,25
163654,NaN,NaN,25
163657,NaN,NaN,25
163660,NaN,NaN,25
163664,NaN,NaN,25
163667,NaN,NaN,25
163670,NaN,NaN,25
163674,NaN,NaN,25
163677,NaN,NaN,25
163680,NaN,NaN,25
163684,NaN,NaN,25
163687,NaN,NaN,25
163690,NaN,NaN,25
163694,NaN,NaN,25
163697,NaN,NaN,25
163700,NaN,NaN,25
163704,NaN,NaN,25
163707,NaN,NaN,25
163710,NaN,NaN,25
163714,934.5430397,556.3220909,25
163717,939.2742301,557.829878,25
163720,NaN,NaN,25
163724,NaN,NaN,25
163727,932.479002,538.3710201,25
163730,932.8834864,537.24866,25
163734,NaN,NaN,25
163737,NaN,NaN,25
163740,936.1190887,544.7628197,25
163744,931.9459397,541.7134115,25
163747,930.5874103,546.2523574,25
163750,NaN,NaN,25
163754,NaN,NaN,25
163757,932.4462484,541.6679145,25
163760,932.7301342,545.5350931,25
163764,NaN,NaN,25
163767,NaN,NaN,25
163770,930.2269152,547.5261162,25
163774,932.8099762,542.4930645,25
163777,933.3348303,544.4510621,25
163780,931.6785263,543.7631764,25
163784,933.8614328,541.9323962,25
163787,931.7634935,543.9032171,25
163790,934.5742646,548.3589398,25
163794,931.3596747,540.703982,25
163797,931.2436884,544.9929818,25
163800,930.165754,541.0234301,25
163804,NaN,NaN,25
163807,NaN,NaN,25
163810,932.2769419,538.2605364,25
163814,932.2558326,536.8916405,25
163817,935.2149934,536.3581794,25
163820,NaN,NaN,25
163824,NaN,NaN,25
163827,932.9525026,542.4309944,25
163830,932.5945154,542.4852493,25
163834,NaN,NaN,25
163837,NaN,NaN,25
163840,873.7782712,518.6210539,25
163844,829.2951735,505.0365143,25
163847,NaN,NaN,25
163850,NaN,NaN,25
163854,760.3391547,481.0570092,25
163857,754.717261,486.2896681,25
163860,NaN,NaN,25
163864,NaN,NaN,25
163867,779.8218447,490.1571407,25
163870,785.8589096,494.7471574,25
163874,NaN,NaN,25
163877,NaN,NaN,25
163880,763.9812429,490.730228,25
163884,758.32111,488.631141,25
163887,755.6819782,488.2035253,25
163890,758.7424507,490.4561179,25
163894,762.3097808,486.2369537,25
163897,763.5411506,486.9298659,25
163900,759.5474412,492.2495698,25
163904,NaN,NaN,25
163907,NaN,NaN,25
163910,761.3473003,486.6478452,25
163914,765.2315453,487.5337162,25
163917,NaN,NaN,25
163920,NaN,NaN,25
163924,765.941869,490.7356325,25
163927,765.2907333,490.5686495,25
163930,766.4893147,491.8187515,25
163934,763.2483103,487.3501714,25
163937,766.2573121,490.7484594,25
163940,767.9547104,490.3265711,25
163944,763.8336337,495.1044357,25
163947,766.2993602,494.7316858,25
163950,764.6258648,494.8963217,25
163954,765.9189163,488.3455146,25
163957,763.560523,494.8164485,25
163960,766.978906,492.1296543,25
163964,766.7620303,489.4119179,25
163967,769.0323848,489.2153215,25
163970,768.3400073,490.9922462,25
163974,766.5940946,492.114978,25
163977,770.8456974,487.085518,25
163980,767.1597353,487.1686527,25
163984,765.5189203,493.6116987,25
163987,761.57311,493.1469359,25
163990,762.2466426,491.5362178,25
163994,765.8568727,487.8831159,25
163997,764.1165009,493.0537414,25
164000,765.5789917,490.6332891,25
164004,767.0074549,493.6797448,25
164007,764.5365179,492.5048607,25
164010,768.5358476,479.1811481,25
164014,766.742771,495.8745362,25
164017,767.2278366,493.3317307,25
164020,763.9246142,487.3785085,25
164024,767.3769497,490.1901739,25
164027,766.5431663,492.2374308,25
164030,NaN,NaN,25
164034,NaN,NaN,25
164037,764.6026261,491.5454501,25
164040,762.651635,486.2669005,25
164044,NaN,NaN,25
164047,NaN,NaN,25
164050,763.0651223,496.1709637,25
164054,762.603175,495.4819885,25
164057,766.0232325,494.1854164,25
164060,766.353459,493.5271828,25
164064,762.5336768,496.7175249,25
164067,766.024027,499.9873568,25
164070,765.2439599,492.7000292,25
164074,763.8874578,499.3231002,25
164077,766.1620452,492.0108168,25
164080,766.3039248,487.2616374,25
164084,766.5483711,493.9628783,25
164087,765.5592665,488.4204175,25
164090,762.9489974,497.488978,25
164094,769.1604933,494.4917469,25
164097,765.2173793,491.2430197,25
164100,765.4809857,491.5150647,25
164104,767.9325277,487.4219658,25
164107,762.0893003,497.4410001,25
164110,763.2870261,497.1074986,25
164114,NaN,NaN,25
164117,NaN,NaN,25
164120,761.6124671,498.9792261,25
164124,764.3461001,495.5370051,25
164127,763.0911476,493.501939,25
164130,763.5390014,494.0078277,25
164134,760.877205,495.2048632,25
164137,761.4511472,492.3628918,25
164140,763.4458995,498.1475017,25
164144,765.0904032,495.4136695,25
164147,761.6836439,497.3134509,25
164150,762.7409903,496.7194085,25
164154,762.9066442,496.4272242,25
164157,767.1624552,486.5785235,25
164160,761.6863774,496.3647289,25
164164,761.364534,495.7987353,25
164167,765.3938728,493.942325,25
164170,772.8108542,502.863046,25
164174,799.3613017,519.7608871,25
164177,841.3920458,528.217203,25
164180,885.0941211,538.8919205,25
164183,923.8221384,543.4684673,25
164187,953.0040869,545.6932701,25
164190,975.4397995,558.0089449,25
164194,981.6428912,583.7802834,25
164197,974.3752518,612.8694232,25
164200,970.4716299,624.4567662,25
164204,975.1539578,617.9956327,25
164207,998.9373082,607.4337323,25
164210,1022.881442,599.210015,25
164214,NaN,NaN,25
164217,NaN,NaN,25
164220,1015.855014,611.7468185,25
164224,1006.599615,616.483918,25
164227,NaN,NaN,25
164230,NaN,NaN,25
164234,1018.675938,617.1066557,25
164237,1020.653444,616.7733998,25
164240,NaN,NaN,25
164244,NaN,NaN,25
164247,1017.598993,621.958597,25
164250,1020.438901,619.6906464,25
164254,NaN,NaN,25
164257,NaN,NaN,25
164260,NaN,NaN,25
164264,NaN,NaN,25
164267,1015.964648,617.5749085,25
164270,1016.525775,617.8192138,25
164273,1016.96785,618.508993,25
164277,1017.694033,616.852983,25
164280,1019.257365,615.9156465,25
164284,1020.856036,620.5412361,25
164287,NaN,NaN,25
164290,NaN,NaN,25
164294,1018.040377,618.8112917,25
164297,1022.831247,619.4212941,25
164300,1021.194984,618.0424938,25
164304,1019.400759,616.0687082,25
164307,1019.748636,616.5879472,25
164310,1017.200442,617.2993141,25
164314,NaN,NaN,25
164317,NaN,NaN,25
164320,NaN,NaN,25
164323,NaN,NaN,25
164327,NaN,NaN,25
164330,NaN,NaN,25
164333,NaN,NaN,25
164337,NaN,NaN,25
164340,NaN,NaN,25
164343,NaN,NaN,25
164347,NaN,NaN,25
164350,NaN,NaN,25
164353,NaN,NaN,25
164357,NaN,NaN,25
164360,NaN,NaN,25
164363,NaN,NaN,25
164367,NaN,NaN,25
164370,NaN,NaN,25
164373,NaN,NaN,25
164377,NaN,NaN,25
164380,NaN,NaN,25
164383,NaN,NaN,25
164387,NaN,NaN,25
164390,NaN,NaN,25
164393,NaN,NaN,25
164397,NaN,NaN,25
164400,NaN,NaN,25
164404,NaN,NaN,25
164407,NaN,NaN,25
164410,NaN,NaN,25
164413,NaN,NaN,25
164417,NaN,NaN,25
164420,NaN,NaN,25
164423,NaN,NaN,25
164427,NaN,NaN,25
164430,NaN,NaN,25
164434,NaN,NaN,25
164437,NaN,NaN,25
164440,NaN,NaN,25
164443,NaN,NaN,25
164447,NaN,NaN,25
164450,NaN,NaN,25
164453,NaN,NaN,25
164457,NaN,NaN,25
164460,NaN,NaN,25
164464,NaN,NaN,25
164467,NaN,NaN,25
164470,NaN,NaN,25
164473,958.4598996,955.7228642,25
164477,NaN,NaN,25
164480,NaN,NaN,25
164483,961.0346237,898.7780465,25
164487,NaN,NaN,25
164490,NaN,NaN,25
164493,NaN,NaN,25
164497,NaN,NaN,25
164500,NaN,NaN,25
164504,948.7798706,884.210733,25
164507,952.0118049,878.917925,25
164510,946.2314399,876.302934,25
164513,946.789323,872.9745757,25
164517,951.2018306,877.6978866,25
164520,951.0018186,874.8280134,25
164523,951.1172221,875.287934,25
164527,949.0857105,877.3723354,25
164530,953.2035191,881.8294481,25
164533,951.6839288,878.9119648,25
164537,952.6599795,879.9655167,25
164540,950.1637149,880.6334442,25
164543,952.4982234,882.1058396,25
164547,955.1317042,887.1570217,25
164550,953.5681052,883.5560724,25
164553,954.3034144,884.7674256,25
164557,950.4354183,886.3224008,25
164560,954.792823,885.9137797,25
164564,950.1271086,882.7527313,25
164567,953.2765508,885.0897791,25
164570,952.053426,875.5546343,25
164573,951.5961085,878.5656482,25
164577,954.5740862,876.3878145,25
164580,950.1617676,875.915007,25
164583,951.9231387,876.3854591,25
164587,951.5637828,878.1256926,25
164590,950.5152533,877.4286351,25
164594,955.2568314,875.0997584,25
164597,952.2627388,871.9393489,25
164600,953.2106219,880.2954398,25
164603,947.6739135,874.5939367,25
164607,950.8953267,876.784924,25
164610,952.83405,874.723518,25
164613,951.6579211,872.4875461,25
164617,950.5104032,873.8792349,25
164620,952.3626781,871.7525796,25
164623,953.1472584,874.010208,25
164627,951.9306471,869.5228375,25
164630,951.5141503,872.3311672,25
164634,945.5511801,875.3531663,25
164637,949.8668612,875.9811563,25
164640,949.4190179,869.815118,25
164643,948.998646,875.139201,25
164647,945.8811254,872.9025878,25
164650,948.1541388,875.9422718,25
164653,948.0468688,873.5756707,25
164657,945.8941719,870.8982525,25
164660,951.8053036,872.3203362,25
164663,944.9277289,873.6055643,25
164667,950.0180742,876.2363291,25
164670,944.537572,871.5110708,25
164673,944.4872686,870.5090291,25
164677,948.0075359,872.242435,25
164680,949.4571939,868.8444698,25
164683,945.9470218,873.7322514,25
164687,951.3961344,871.9577078,25
164690,954.4593774,864.6215017,25
164694,952.3050837,865.9107222,25
164697,NaN,NaN,25
164700,NaN,NaN,25
164703,NaN,NaN,25
164707,NaN,NaN,25
164710,946.9330866,869.541869,25
164713,948.0465969,873.3530427,25
164717,948.2361426,876.261221,25
164720,954.2287672,876.3139309,25
164723,949.0688407,875.217095,25
164727,948.0810634,914.4100672,25
164730,956.6732245,976.3281633,25
164733,NaN,NaN,25
164737,NaN,NaN,25
164740,NaN,NaN,25
164743,NaN,NaN,25
164747,NaN,NaN,25
164750,NaN,NaN,25
164753,NaN,NaN,25
164757,NaN,NaN,25
164760,NaN,NaN,25
164763,NaN,NaN,25
164767,NaN,NaN,25
164770,NaN,NaN,25
164773,NaN,NaN,25
164777,NaN,NaN,25
164780,NaN,NaN,25
164783,NaN,NaN,25
164787,NaN,NaN,25
164790,NaN,NaN,25
164793,NaN,NaN,25
164797,NaN,NaN,25
164800,NaN,NaN,25
164803,NaN,NaN,25
164807,NaN,NaN,25
164810,NaN,NaN,25
164813,NaN,NaN,25
164817,NaN,NaN,25
164820,NaN,NaN,25
164823,NaN,NaN,25
164827,NaN,NaN,25
164830,NaN,NaN,25
164833,NaN,NaN,25
164837,NaN,NaN,25
164840,NaN,NaN,25
164843,NaN,NaN,25
164847,NaN,NaN,25
164850,NaN,NaN,25
164853,NaN,NaN,25
164857,NaN,NaN,25
164860,NaN,NaN,25
164863,NaN,NaN,25
164867,NaN,NaN,25
164870,NaN,NaN,25
164873,NaN,NaN,25
164877,NaN,NaN,25
164880,NaN,NaN,25
164883,NaN,NaN,25
164887,NaN,NaN,25
164890,NaN,NaN,25
164893,NaN,NaN,25
164897,NaN,NaN,25
164900,NaN,NaN,25
164903,NaN,NaN,25
164907,NaN,NaN,25
164910,NaN,NaN,25
164913,NaN,NaN,25
164917,NaN,NaN,25
164920,NaN,NaN,25
164923,NaN,NaN,25
164927,NaN,NaN,25
164930,NaN,NaN,25
164933,NaN,NaN,25
164937,NaN,NaN,25
164940,NaN,NaN,25
164943,NaN,NaN,25
164947,NaN,NaN,25
164950,NaN,NaN,25
164953,814.5156578,677.1419909,25
164957,834.3532654,739.9960361,25
164960,831.4866627,715.6176713,25
164963,828.5526322,724.270245,25
164967,832.6529545,729.0483576,25
164970,832.7229104,758.9710828,25
164973,834.730261,754.6802704,25
164977,832.6586847,743.6475219,25
164980,829.7173395,730.436219,25
164983,833.9230409,724.5113613,25
164987,826.5093333,722.4272169,25
164990,825.208869,719.7659652,25
164993,827.6128257,710.3220031,25
164997,NaN,NaN,25
165000,NaN,NaN,25
165003,NaN,NaN,25
165007,833.8687591,723.6007332,25
165010,837.2600018,724.6931634,25
165013,839.4173744,721.4772503,25
165017,835.094252,715.9970384,25
165020,NaN,NaN,25
165023,NaN,NaN,25
165027,NaN,NaN,25
165030,NaN,NaN,25
165033,NaN,NaN,25
165037,NaN,NaN,25
165040,NaN,NaN,25
165043,NaN,NaN,25
165047,NaN,NaN,25
165050,NaN,NaN,25
165053,NaN,NaN,25
165057,NaN,NaN,25
165060,NaN,NaN,25
165063,NaN,NaN,25
165067,NaN,NaN,25
165070,NaN,NaN,25
165073,NaN,NaN,25
165077,NaN,NaN,25
165080,NaN,NaN,25
165083,NaN,NaN,25
165087,NaN,NaN,25
165090,NaN,NaN,25
165093,NaN,NaN,25
165097,NaN,NaN,25
165100,NaN,NaN,25
165103,NaN,NaN,25
165107,NaN,NaN,25
165110,NaN,NaN,25
165113,NaN,NaN,25
165117,NaN,NaN,25
165120,NaN,NaN,25
165123,NaN,NaN,25
165127,NaN,NaN,25
165130,NaN,NaN,25
165133,NaN,NaN,25
165137,NaN,NaN,25
165140,NaN,NaN,25
165143,NaN,NaN,25
165147,NaN,NaN,25
165150,NaN,NaN,25
165153,NaN,NaN,25
165157,NaN,NaN,25
165160,NaN,NaN,25
165163,NaN,NaN,25
165167,NaN,NaN,25
165170,NaN,NaN,25
165173,NaN,NaN,25
165177,NaN,NaN,25
165180,NaN,NaN,25
165183,NaN,NaN,25
165187,NaN,NaN,25
165190,NaN,NaN,25
165193,NaN,NaN,25
165197,NaN,NaN,25
165200,NaN,NaN,25
165203,NaN,NaN,25
165207,NaN,NaN,25
165210,NaN,NaN,25
165213,NaN,NaN,25
165217,NaN,NaN,25
165220,NaN,NaN,25
165223,NaN,NaN,25
165227,NaN,NaN,25
165230,NaN,NaN,25
165233,NaN,NaN,25
165237,NaN,NaN,25
165240,NaN,NaN,25
165243,NaN,NaN,25
165247,NaN,NaN,25
165250,NaN,NaN,25
165253,833.1580209,453.6207708,25
165257,841.343369,447.556489,25
165260,842.9026925,439.0423504,25
165263,845.6587398,440.2039589,25
165267,847.0848485,445.5121409,25
165270,845.0306981,448.9382192,25
165273,845.3000297,460.3372721,25
165277,846.9767626,459.7301839,25
165280,849.0922046,468.7414757,25
165283,844.7690084,473.2024689,25
165287,845.0551998,471.2619393,25
165290,836.4826928,465.2496977,25
165293,838.3604532,469.2384251,25
165297,832.3821938,456.0914037,25
165300,833.9022419,465.1473478,25
165303,835.1305535,470.6489236,25
165307,833.9357854,461.2957915,25
165310,834.8677011,453.2131468,25
165313,830.6489721,466.639386,25
165317,833.7207007,455.4436415,25
165320,834.2433321,468.5679547,25
165323,834.6406727,464.9552694,25
165327,832.5120618,465.8561916,25
165330,838.9558219,463.8854838,25
165333,831.9812082,460.5664671,25
165337,835.2876721,464.7756196,25
165340,835.2621051,463.6123608,25
165343,836.8501705,461.3808709,25
165347,835.2561152,465.1768089,25
165350,836.7042143,466.1079131,25
165353,836.6617901,463.1080772,25
165357,834.405262,462.2572407,25
165360,834.5163334,460.949112,25
165363,834.5296483,459.3123259,25
165367,834.0780111,460.5249281,25
165370,831.6575601,456.5155714,25
165373,832.0319927,463.4535031,25
165377,832.6500316,454.7643073,25
165380,834.6330949,465.4223902,25
165383,836.0427014,459.5965772,25
165387,834.9514606,462.4473854,25
165390,822.174855,464.2088031,25
165393,799.1041949,452.1461411,25
165397,774.2968233,467.7473505,25
165400,752.3002672,473.7743054,25
165403,745.1443341,469.2810447,25
165407,749.2810922,470.8879757,25
165410,756.9657379,471.1794615,25
165413,774.3401709,471.4498836,25
165417,780.5310925,465.8086085,25
165420,783.5431244,474.5712712,25
165423,778.0969099,467.6690432,25
165427,766.5888939,469.4222451,25
165430,765.7478955,470.8311388,25
165433,760.12869,474.7298869,25
165437,762.8734006,465.629439,25
165440,765.9236287,461.4651196,25
165443,762.6099173,466.9424164,25
165447,764.1744111,463.1706273,25
165450,763.45084,466.0271085,25
165453,763.3793136,463.4114033,25
165457,763.1002444,462.0820007,25
165460,762.3360358,460.8694563,25
165463,763.5157824,464.9879914,25
165467,759.4371176,467.7260833,25
165470,763.6503019,464.9794273,25
165473,762.2858181,467.7060882,25
165477,765.2232962,463.855412,25
165480,764.4689454,468.4435097,25
165483,764.5857455,464.154011,25
165487,763.0453874,465.1763024,25
165490,762.8245305,462.1356291,25
165493,763.2840936,471.0201434,25
165497,761.5985572,450.5002742,25
165500,766.5876116,468.7364731,25
165503,763.5522412,466.8161349,25
165507,766.5577315,460.7424032,25
165510,767.0169808,462.9006572,25
165513,760.7414314,464.6390542,25
165517,762.4968136,468.0255753,25
165520,768.2549564,460.4320942,25
165523,763.1829484,461.3212687,25
165527,766.7789034,464.0527999,25
165530,757.202694,484.7665266,25
165533,NaN,NaN,25
165537,NaN,NaN,25
165540,NaN,NaN,25
165543,NaN,NaN,25
165547,NaN,NaN,25
165550,NaN,NaN,25
165553,NaN,NaN,25
165557,NaN,NaN,25
165560,NaN,NaN,25
165563,NaN,NaN,25
165567,NaN,NaN,25
165570,NaN,NaN,25
165573,NaN,NaN,25
165577,NaN,NaN,25
165580,NaN,NaN,25
165583,NaN,NaN,25
165587,NaN,NaN,25
165590,NaN,NaN,25
165593,NaN,NaN,25
165597,NaN,NaN,25
165600,NaN,NaN,25
165603,NaN,NaN,25
165607,NaN,NaN,25
165610,NaN,NaN,25
165613,NaN,NaN,25
165617,NaN,NaN,25
165620,NaN,NaN,25
165623,NaN,NaN,25
165627,NaN,NaN,25
165630,NaN,NaN,25
165633,NaN,NaN,25
165637,NaN,NaN,25
165640,NaN,NaN,25
165643,NaN,NaN,25
165647,NaN,NaN,25
165650,NaN,NaN,25
165653,NaN,NaN,25
165657,NaN,NaN,25
165660,NaN,NaN,25
165663,NaN,NaN,25
165667,NaN,NaN,25
165670,NaN,NaN,25
165673,NaN,NaN,25
165677,NaN,NaN,25
165680,NaN,NaN,25
165683,NaN,NaN,25
165687,NaN,NaN,25
165690,NaN,NaN,25
165693,NaN,NaN,25
165697,NaN,NaN,25
165700,NaN,NaN,25
165703,NaN,NaN,25
165707,NaN,NaN,25
165710,NaN,NaN,25
165713,NaN,NaN,25
165717,NaN,NaN,25
165720,NaN,NaN,25
165723,NaN,NaN,25
165727,NaN,NaN,25
165730,NaN,NaN,25
165733,NaN,NaN,25
165737,NaN,NaN,25
165740,NaN,NaN,25
165743,NaN,NaN,25
165747,NaN,NaN,25
165750,NaN,NaN,25
165753,NaN,NaN,25
165757,NaN,NaN,25
165760,NaN,NaN,25
165763,NaN,NaN,25
165767,NaN,NaN,25
165770,NaN,NaN,25
165773,NaN,NaN,25
165777,NaN,NaN,25
165780,NaN,NaN,25
165783,NaN,NaN,25
165787,NaN,NaN,25
165790,NaN,NaN,25
165793,NaN,NaN,25
165797,NaN,NaN,25
165800,NaN,NaN,25
165803,NaN,NaN,25
165807,NaN,NaN,25
165810,NaN,NaN,25
165813,NaN,NaN,25
165817,NaN,NaN,25
165820,NaN,NaN,25
165823,NaN,NaN,25
165827,NaN,NaN,25
165830,NaN,NaN,25
165833,1049.616386,576.7116171,25
165837,1033.251377,530.9645312,25
165840,1021.691893,514.1743082,25
165843,1029.33269,566.2015102,25
165847,1040.706179,556.2728373,25
165850,1041.88637,570.9891025,25
165853,1040.505651,583.6932442,25
165857,NaN,NaN,25
165860,NaN,NaN,25
165863,NaN,NaN,25
165867,NaN,NaN,25
165870,NaN,NaN,25
165873,NaN,NaN,25
165877,NaN,NaN,25
165880,NaN,NaN,25
165883,NaN,NaN,25
165887,NaN,NaN,25
165890,NaN,NaN,25
165893,NaN,NaN,25
165897,NaN,NaN,25
165900,NaN,NaN,25
165903,NaN,NaN,25
165907,NaN,NaN,25
165910,NaN,NaN,25
165913,NaN,NaN,25
165917,NaN,NaN,25
165920,NaN,NaN,25
165923,NaN,NaN,25
165927,NaN,NaN,25
165930,NaN,NaN,25
165933,NaN,NaN,25
165937,NaN,NaN,25
165940,NaN,NaN,25
165943,NaN,NaN,25
165947,NaN,NaN,25
165950,NaN,NaN,25
165953,NaN,NaN,25
165957,NaN,NaN,25
165960,NaN,NaN,25
165963,NaN,NaN,25
165967,NaN,NaN,25
165970,NaN,NaN,25
165973,NaN,NaN,25
165977,NaN,NaN,25
165980,NaN,NaN,25
165983,NaN,NaN,25
165987,NaN,NaN,25
165990,NaN,NaN,25
165993,NaN,NaN,25
165997,NaN,NaN,25
166000,NaN,NaN,25
166003,NaN,NaN,25
166007,NaN,NaN,25
166010,NaN,NaN,25
166013,NaN,NaN,25
166017,NaN,NaN,25
166020,NaN,NaN,25
166023,NaN,NaN,25
166027,NaN,NaN,25
166030,NaN,NaN,25
166033,NaN,NaN,25
166037,NaN,NaN,25
166040,NaN,NaN,25
166043,NaN,NaN,25
166047,NaN,NaN,25
166050,NaN,NaN,25
166053,NaN,NaN,25
166057,NaN,NaN,25
166060,NaN,NaN,25
166063,NaN,NaN,25
166067,NaN,NaN,25
166070,NaN,NaN,25
166073,NaN,NaN,25
166077,NaN,NaN,25
166080,NaN,NaN,25
166083,NaN,NaN,25
166087,NaN,NaN,25
166090,NaN,NaN,25
166093,NaN,NaN,25
166097,NaN,NaN,25
166100,NaN,NaN,25
166103,NaN,NaN,25
166107,NaN,NaN,25
166110,NaN,NaN,25
166113,NaN,NaN,25
166117,NaN,NaN,25
166120,NaN,NaN,25
166123,NaN,NaN,25
166127,NaN,NaN,25
166130,NaN,NaN,25
166133,NaN,NaN,25
166137,NaN,NaN,25
166140,NaN,NaN,25
166143,NaN,NaN,25
166147,NaN,NaN,25
166150,NaN,NaN,25
166153,NaN,NaN,25
166157,NaN,NaN,25
166160,NaN,NaN,25
166163,NaN,NaN,25
166167,NaN,NaN,25
166170,NaN,NaN,25
166173,NaN,NaN,25
166177,NaN,NaN,25
166180,NaN,NaN,25
166183,NaN,NaN,25
166187,NaN,NaN,25
166190,NaN,NaN,25
166193,NaN,NaN,25
166197,NaN,NaN,25
166200,NaN,NaN,25
166203,NaN,NaN,25
166207,NaN,NaN,25
166210,NaN,NaN,25
166213,NaN,NaN,25
166217,NaN,NaN,25
166220,NaN,NaN,25
166223,NaN,NaN,25
166227,NaN,NaN,25
166230,NaN,NaN,25
166233,NaN,NaN,25
166237,NaN,NaN,25
166240,NaN,NaN,25
166243,NaN,NaN,25
166247,NaN,NaN,25
166250,NaN,NaN,25
166253,NaN,NaN,25
166257,NaN,NaN,25
166260,NaN,NaN,25
166263,NaN,NaN,25
166267,NaN,NaN,25
166270,NaN,NaN,25
166273,NaN,NaN,25
166277,NaN,NaN,25
166280,NaN,NaN,25
166283,NaN,NaN,25
166287,NaN,NaN,25
166290,NaN,NaN,25
166293,NaN,NaN,25
166297,NaN,NaN,25
166300,NaN,NaN,25
166303,NaN,NaN,25
166307,NaN,NaN,25
166310,NaN,NaN,25
166313,NaN,NaN,25
166317,NaN,NaN,25
166320,NaN,NaN,25
166323,NaN,NaN,25
166327,NaN,NaN,25
166330,NaN,NaN,25
166333,NaN,NaN,25
166337,NaN,NaN,25
166340,NaN,NaN,25
166343,NaN,NaN,25
166347,NaN,NaN,25
166350,NaN,NaN,25
166353,NaN,NaN,25
166357,NaN,NaN,25
166360,NaN,NaN,25
166363,NaN,NaN,25
166367,NaN,NaN,25
166370,NaN,NaN,25
166373,NaN,NaN,25
166377,NaN,NaN,25
166380,NaN,NaN,25
166383,NaN,NaN,25
166387,NaN,NaN,25
166390,871.2859624,669.9519108,25
166393,871.8097943,663.862524,25
166397,NaN,NaN,25
166400,NaN,NaN,25
166403,NaN,NaN,25
166407,NaN,NaN,25
166410,NaN,NaN,25
166413,NaN,NaN,25
166417,NaN,NaN,25
166420,NaN,NaN,25
166423,NaN,NaN,25
166427,NaN,NaN,25
166430,NaN,NaN,25
166433,NaN,NaN,25
166437,NaN,NaN,25
166440,NaN,NaN,25
166443,NaN,NaN,25
166447,NaN,NaN,25
166450,NaN,NaN,25
166453,NaN,NaN,25
166457,NaN,NaN,25
166460,NaN,NaN,25
166463,NaN,NaN,25
166467,NaN,NaN,25
166470,NaN,NaN,25
166473,NaN,NaN,25
166477,NaN,NaN,25
166480,NaN,NaN,25
166483,NaN,NaN,25
166487,NaN,NaN,25
166490,NaN,NaN,25
166493,NaN,NaN,25
166497,NaN,NaN,25
166500,NaN,NaN,25
166503,NaN,NaN,25
166507,NaN,NaN,25
166510,NaN,NaN,25
166513,NaN,NaN,25
166517,870.8158424,665.7311986,25
166520,NaN,NaN,25
166523,NaN,NaN,25
166527,NaN,NaN,25
166530,NaN,NaN,25
166533,NaN,NaN,25
166536,NaN,NaN,25
166540,NaN,NaN,25
166543,NaN,NaN,25
166547,1124.837335,554.1391202,25
166550,NaN,NaN,25
166553,NaN,NaN,25
166557,NaN,NaN,25
166560,NaN,NaN,25
166563,1162.798835,511.3492625,25
166567,1153.487038,515.1854426,25
166570,NaN,NaN,25
166573,NaN,NaN,25
166577,1156.285352,520.2965626,25
166580,1163.231548,518.463731,25
166583,1171.645516,515.1829906,25
166587,1172.18549,510.6124756,25
166590,1167.637412,509.7189073,25
166593,NaN,NaN,25
166597,NaN,NaN,25
166600,NaN,NaN,25
166603,NaN,NaN,25
166607,NaN,NaN,25
166610,NaN,NaN,25
166613,NaN,NaN,25
166617,NaN,NaN,25
166620,NaN,NaN,25
166623,NaN,NaN,25
166627,NaN,NaN,25
166630,NaN,NaN,25
166633,1164.874357,519.2421011,25
166637,NaN,NaN,25
166640,NaN,NaN,25
166643,NaN,NaN,25
166647,NaN,NaN,25
166650,1158.484418,518.9055183,25
166653,NaN,NaN,25
166657,NaN,NaN,25
166660,1166.371695,517.2097901,25
166663,1160.421418,509.0512342,25
166667,NaN,NaN,25
166670,NaN,NaN,25
166673,NaN,NaN,25
166677,NaN,NaN,25
166680,NaN,NaN,25
166683,NaN,NaN,25
166687,NaN,NaN,25
166690,NaN,NaN,25
166693,NaN,NaN,25
166697,NaN,NaN,25
166700,NaN,NaN,25
166703,NaN,NaN,25
166706,NaN,NaN,25
166710,NaN,NaN,25
166713,1163.569768,515.7332761,25
166717,1162.102878,514.4676286,25
166720,1159.156777,514.0646282,25
166723,NaN,NaN,25
166727,NaN,NaN,25
166730,1161.837469,514.819252,25
166733,NaN,NaN,25
166736,NaN,NaN,25
166740,NaN,NaN,25
166743,NaN,NaN,25
166747,NaN,NaN,25
166750,NaN,NaN,25
166753,NaN,NaN,25
166757,NaN,NaN,25
166760,NaN,NaN,25
166763,NaN,NaN,25
166766,NaN,NaN,25
166770,1158.814483,520.2554353,25
166773,1160.026595,522.3782289,25
166777,1170.738009,515.2719895,25
166780,NaN,NaN,25
166783,NaN,NaN,25
166787,NaN,NaN,25
166790,NaN,NaN,25
166793,NaN,NaN,25
166796,NaN,NaN,25
166800,NaN,NaN,25
166803,NaN,NaN,25
166806,NaN,NaN,25
166810,NaN,NaN,25
166813,1449.733576,496.930269,25
166817,1437.547224,492.2454682,25
166820,NaN,NaN,25
166823,NaN,NaN,25
166826,1436.686077,504.7730761,25
166830,1441.923671,499.3901676,25
166833,NaN,NaN,25
166836,NaN,NaN,25
166840,1454.801599,496.3492432,25
166843,1450.08549,494.0289058,25
166847,1448.374608,496.67045,25
166850,NaN,NaN,25
166853,NaN,NaN,25
166857,NaN,NaN,25
166860,NaN,NaN,25
166863,NaN,NaN,25
166866,NaN,NaN,25
166870,NaN,NaN,25
166873,NaN,NaN,25
166876,NaN,NaN,25
166880,NaN,NaN,25
166883,1444.189838,500.9213012,25
166887,1443.115865,499.1588323,25
166890,NaN,NaN,25
166893,NaN,NaN,25
166896,NaN,NaN,25
166900,NaN,NaN,25
166903,NaN,NaN,25
166906,NaN,NaN,25
166910,NaN,NaN,25
166913,NaN,NaN,25
166916,NaN,NaN,25
166920,NaN,NaN,25
166923,NaN,NaN,25
166926,NaN,NaN,25
166930,NaN,NaN,25
166933,NaN,NaN,25
166936,NaN,NaN,25
166940,NaN,NaN,25
166943,NaN,NaN,25
166946,NaN,NaN,25
166950,NaN,NaN,25
166953,NaN,NaN,25
166956,NaN,NaN,25
166960,NaN,NaN,25
166963,NaN,NaN,25
166966,NaN,NaN,25
166970,NaN,NaN,25
166973,NaN,NaN,25
166976,NaN,NaN,25
166980,NaN,NaN,25
166983,NaN,NaN,25
166986,NaN,NaN,25
166990,NaN,NaN,25
166993,NaN,NaN,25
166996,NaN,NaN,25
167000,NaN,NaN,25
167003,NaN,NaN,25
167006,NaN,NaN,25
167010,NaN,NaN,25
167013,NaN,NaN,25
167016,NaN,NaN,25
167020,NaN,NaN,25
167023,NaN,NaN,25
167026,NaN,NaN,25
167030,NaN,NaN,25
167033,NaN,NaN,25
167036,NaN,NaN,25
167040,NaN,NaN,25
167043,NaN,NaN,25
167046,NaN,NaN,25
167050,NaN,NaN,25
167053,NaN,NaN,25
167056,NaN,NaN,25
167060,NaN,NaN,25
167063,NaN,NaN,25
167066,NaN,NaN,25
167070,NaN,NaN,25
167073,NaN,NaN,25
167076,NaN,NaN,25
167080,NaN,NaN,25
167083,NaN,NaN,25
167086,NaN,NaN,25
167090,NaN,NaN,25
167093,NaN,NaN,25
167096,NaN,NaN,25
167100,NaN,NaN,25
167103,NaN,NaN,25
167106,NaN,NaN,25
167110,NaN,NaN,25
167113,NaN,NaN,25
167116,NaN,NaN,25
167120,NaN,NaN,25
167123,NaN,NaN,25
167126,NaN,NaN,25
167130,NaN,NaN,25
167133,NaN,NaN,25
167136,NaN,NaN,25
167140,NaN,NaN,25
167143,NaN,NaN,25
167146,NaN,NaN,25
167150,NaN,NaN,25
167153,NaN,NaN,25
167156,NaN,NaN,25
167160,NaN,NaN,25
167163,NaN,NaN,25
167166,NaN,NaN,25
167170,NaN,NaN,25
167173,NaN,NaN,25
167176,NaN,NaN,25
167180,NaN,NaN,25
167183,NaN,NaN,25
167186,NaN,NaN,25
167190,NaN,NaN,25
167193,NaN,NaN,25
167196,NaN,NaN,25
167200,NaN,NaN,25
167203,NaN,NaN,25
167206,NaN,NaN,25
167210,NaN,NaN,25
167213,NaN,NaN,25
167216,NaN,NaN,25
167220,NaN,NaN,25
167223,NaN,NaN,25
167226,NaN,NaN,25
167230,NaN,NaN,25
167233,NaN,NaN,25
167236,NaN,NaN,25
167240,NaN,NaN,25
167243,NaN,NaN,25
167246,NaN,NaN,25
167250,NaN,NaN,25
167253,NaN,NaN,25
167256,NaN,NaN,25
167260,NaN,NaN,25
167263,NaN,NaN,25
167266,NaN,NaN,25
167270,NaN,NaN,25
167273,NaN,NaN,25
167276,NaN,NaN,25
167280,NaN,NaN,25
167283,NaN,NaN,25
167286,NaN,NaN,25
167290,NaN,NaN,25
167293,NaN,NaN,25
167296,NaN,NaN,25
167300,NaN,NaN,25
167303,NaN,NaN,25
167306,NaN,NaN,25
167310,NaN,NaN,25
167313,NaN,NaN,25
167316,NaN,NaN,25
167320,NaN,NaN,25
167323,NaN,NaN,25
167326,NaN,NaN,25
167330,NaN,NaN,25
167333,NaN,NaN,25
167336,NaN,NaN,25
167340,NaN,NaN,25
167343,NaN,NaN,25
167346,NaN,NaN,25
167350,NaN,NaN,25
167353,NaN,NaN,25
167356,NaN,NaN,25
167360,NaN,NaN,25
167363,NaN,NaN,25
167366,NaN,NaN,25
167370,NaN,NaN,25
167373,NaN,NaN,25
167376,NaN,NaN,25
167380,NaN,NaN,25
167383,NaN,NaN,25
167386,NaN,NaN,25
167390,NaN,NaN,25
167393,NaN,NaN,25
167396,NaN,NaN,25
167400,NaN,NaN,25
167403,NaN,NaN,25
167406,NaN,NaN,25
167410,NaN,NaN,25
167413,NaN,NaN,25
167416,NaN,NaN,25
167420,NaN,NaN,25
167423,NaN,NaN,25
167426,NaN,NaN,25
167430,NaN,NaN,25
167433,NaN,NaN,25
167436,NaN,NaN,25
167440,NaN,NaN,25
167443,NaN,NaN,25
167446,NaN,NaN,25
167450,NaN,NaN,25
167453,NaN,NaN,25
167456,NaN,NaN,25
167460,NaN,NaN,25
167463,NaN,NaN,25
167466,NaN,NaN,25
167470,NaN,NaN,25
167473,NaN,NaN,25
167476,NaN,NaN,25
167480,NaN,NaN,25
167483,NaN,NaN,25
167486,NaN,NaN,25
167490,NaN,NaN,25
167493,NaN,NaN,25
167496,NaN,NaN,25
167500,NaN,NaN,25
167503,NaN,NaN,25
167506,NaN,NaN,25
167510,NaN,NaN,25
167513,NaN,NaN,25
167516,NaN,NaN,25
167520,NaN,NaN,25
167523,NaN,NaN,25
167526,NaN,NaN,25
167530,NaN,NaN,25
167533,NaN,NaN,25
167536,NaN,NaN,25
167540,NaN,NaN,25
167543,NaN,NaN,25
167546,NaN,NaN,25
167550,NaN,NaN,25
167553,NaN,NaN,25
167556,NaN,NaN,25
167560,NaN,NaN,25
167563,NaN,NaN,25
167566,NaN,NaN,25
167570,NaN,NaN,25
167573,NaN,NaN,25
167576,NaN,NaN,25
167580,NaN,NaN,25
167583,NaN,NaN,25
167586,NaN,NaN,25
167590,NaN,NaN,25
167593,NaN,NaN,25
167596,NaN,NaN,25
167600,NaN,NaN,25
167603,NaN,NaN,25
167606,NaN,NaN,25
167610,NaN,NaN,25
167613,NaN,NaN,25
167616,NaN,NaN,25
167620,NaN,NaN,25
167623,NaN,NaN,25
167626,NaN,NaN,25
167630,NaN,NaN,25
167633,NaN,NaN,25
167636,NaN,NaN,25
167640,NaN,NaN,25
167643,NaN,NaN,25
167646,NaN,NaN,25
167650,NaN,NaN,25
167653,NaN,NaN,25
167656,NaN,NaN,25
167660,NaN,NaN,25
167663,NaN,NaN,25
167666,NaN,NaN,25
167670,NaN,NaN,25
167673,NaN,NaN,25
167676,NaN,NaN,25
167680,NaN,NaN,25
167683,NaN,NaN,25
167686,NaN,NaN,25
167690,NaN,NaN,25
167693,NaN,NaN,25
167696,NaN,NaN,25
167700,NaN,NaN,25
167703,NaN,NaN,25
167706,NaN,NaN,25
167710,NaN,NaN,25
167713,NaN,NaN,25
167716,NaN,NaN,25
167720,NaN,NaN,25
167723,NaN,NaN,25
167726,NaN,NaN,25
167730,NaN,NaN,25
167733,NaN,NaN,25
167736,NaN,NaN,25
167740,NaN,NaN,25
167743,NaN,NaN,25
167746,NaN,NaN,25
167750,NaN,NaN,25
167753,NaN,NaN,25
167756,NaN,NaN,25
167760,NaN,NaN,25
167763,NaN,NaN,25
167766,NaN,NaN,25
167770,NaN,NaN,25
167773,NaN,NaN,25
167776,NaN,NaN,25
167780,NaN,NaN,25
167783,NaN,NaN,25
167786,NaN,NaN,25
167790,NaN,NaN,25
167793,NaN,NaN,25
167796,NaN,NaN,25
167800,NaN,NaN,25
167803,NaN,NaN,25
167806,NaN,NaN,25
167810,NaN,NaN,25
167813,NaN,NaN,25
167816,NaN,NaN,25
167820,NaN,NaN,25
167823,NaN,NaN,25
167826,NaN,NaN,25
167830,NaN,NaN,25
167833,NaN,NaN,25
167836,NaN,NaN,25
167840,NaN,NaN,25
167843,NaN,NaN,25
167846,NaN,NaN,25
167850,NaN,NaN,25
167853,NaN,NaN,25
167856,NaN,NaN,25
167860,NaN,NaN,25
167863,NaN,NaN,25
167866,NaN,NaN,25
167870,NaN,NaN,25
167873,NaN,NaN,25
167876,NaN,NaN,25
167880,NaN,NaN,25
167883,NaN,NaN,25
167886,NaN,NaN,25
167890,NaN,NaN,25
167893,NaN,NaN,25
167896,NaN,NaN,25
167900,NaN,NaN,25
167903,NaN,NaN,25
167906,NaN,NaN,25
167910,NaN,NaN,25
167913,NaN,NaN,25
167916,NaN,NaN,25
167920,NaN,NaN,25
167923,NaN,NaN,25
167926,NaN,NaN,25
167930,NaN,NaN,25
167933,NaN,NaN,25
167936,NaN,NaN,25
167940,NaN,NaN,25
167943,NaN,NaN,25
167946,NaN,NaN,25
167950,NaN,NaN,25
167953,NaN,NaN,25
167956,NaN,NaN,25
167960,NaN,NaN,25
167963,NaN,NaN,25
167966,NaN,NaN,25
167970,NaN,NaN,25
167973,NaN,NaN,25
167976,NaN,NaN,25
167980,NaN,NaN,25
167983,NaN,NaN,25
167986,NaN,NaN,25
167990,NaN,NaN,25
167993,NaN,NaN,25
167996,NaN,NaN,25
168000,NaN,NaN,25
168003,NaN,NaN,25
168006,NaN,NaN,25
168010,NaN,NaN,25
168013,NaN,NaN,25
168016,NaN,NaN,25
168020,NaN,NaN,25
168023,NaN,NaN,25
168026,NaN,NaN,25
168030,NaN,NaN,25
168033,NaN,NaN,25
168036,NaN,NaN,25
168040,NaN,NaN,25
168043,NaN,NaN,25
168046,NaN,NaN,25
168050,NaN,NaN,25
168053,NaN,NaN,25
168056,NaN,NaN,25
168060,NaN,NaN,25
168063,NaN,NaN,25
168066,NaN,NaN,25
168070,NaN,NaN,25
168073,NaN,NaN,25
168076,NaN,NaN,25
168080,NaN,NaN,25
168083,NaN,NaN,25
168086,NaN,NaN,25
168090,NaN,NaN,25
168093,NaN,NaN,25
168096,NaN,NaN,25
168100,NaN,NaN,25
168103,NaN,NaN,25
168106,NaN,NaN,25
168110,NaN,NaN,25
168113,NaN,NaN,25
168116,NaN,NaN,25
168120,NaN,NaN,25
168123,NaN,NaN,25
168126,NaN,NaN,25
168130,NaN,NaN,25
168133,NaN,NaN,25
168136,NaN,NaN,25
168140,NaN,NaN,25
168143,NaN,NaN,25
168146,NaN,NaN,25
168150,NaN,NaN,25
168153,NaN,NaN,25
168156,NaN,NaN,25
168160,NaN,NaN,25
168163,NaN,NaN,25
168166,NaN,NaN,25
168170,NaN,NaN,25
168173,NaN,NaN,25
168176,NaN,NaN,25
168180,NaN,NaN,25
168183,NaN,NaN,25
168186,NaN,NaN,25
168190,NaN,NaN,25
168193,NaN,NaN,25
168196,NaN,NaN,25
168200,NaN,NaN,25
168203,NaN,NaN,25
168206,NaN,NaN,25
168210,NaN,NaN,25
168213,NaN,NaN,25
168216,NaN,NaN,25
168220,NaN,NaN,25
168223,NaN,NaN,25
168226,NaN,NaN,25
168230,NaN,NaN,25
168233,NaN,NaN,25
168236,NaN,NaN,25
168240,NaN,NaN,25
168243,NaN,NaN,25
168246,NaN,NaN,25
168250,NaN,NaN,25
168253,NaN,NaN,25
168256,NaN,NaN,25
168260,NaN,NaN,25
168263,NaN,NaN,25
168266,NaN,NaN,25
168270,NaN,NaN,25
168273,NaN,NaN,25
168276,NaN,NaN,25
168280,NaN,NaN,25
168283,NaN,NaN,25
168286,NaN,NaN,25
168290,NaN,NaN,25
168293,NaN,NaN,25
168296,NaN,NaN,25
168300,NaN,NaN,25
168303,NaN,NaN,25
168306,NaN,NaN,25
168310,NaN,NaN,25
168313,NaN,NaN,25
168316,NaN,NaN,25
168320,NaN,NaN,25
168323,NaN,NaN,25
168326,NaN,NaN,25
168330,NaN,NaN,25
168333,NaN,NaN,25
168336,NaN,NaN,25
168340,NaN,NaN,25
168343,NaN,NaN,25
168346,NaN,NaN,25
168350,NaN,NaN,25
168353,NaN,NaN,25
168356,NaN,NaN,25
168360,NaN,NaN,25
168363,NaN,NaN,25
168366,NaN,NaN,25
168370,NaN,NaN,25
168373,NaN,NaN,25
168376,NaN,NaN,25
168380,NaN,NaN,25
168383,NaN,NaN,25
168386,NaN,NaN,25
168390,NaN,NaN,25
168393,NaN,NaN,25
168396,NaN,NaN,25
168400,NaN,NaN,25
168403,NaN,NaN,25
168406,NaN,NaN,25
168410,NaN,NaN,25
168413,NaN,NaN,25
168416,NaN,NaN,25
168420,NaN,NaN,25
168423,NaN,NaN,25
168426,NaN,NaN,25
168430,NaN,NaN,25
168433,NaN,NaN,25
168436,NaN,NaN,25
168440,NaN,NaN,25
168443,NaN,NaN,25
168446,NaN,NaN,25
168450,NaN,NaN,25
168453,NaN,NaN,25
168456,NaN,NaN,25
168460,NaN,NaN,25
168463,NaN,NaN,25
168466,NaN,NaN,25
168470,NaN,NaN,25
168473,NaN,NaN,25
168476,NaN,NaN,25
168480,NaN,NaN,25
168483,NaN,NaN,25
168486,NaN,NaN,25
168490,NaN,NaN,25
168493,NaN,NaN,25
168496,NaN,NaN,25
168500,NaN,NaN,25
168503,NaN,NaN,25
168506,NaN,NaN,25
168510,NaN,NaN,25
168513,NaN,NaN,25
168516,NaN,NaN,25
168520,NaN,NaN,25
168523,NaN,NaN,25
168526,NaN,NaN,25
168530,NaN,NaN,25
168533,NaN,NaN,25
168536,NaN,NaN,25
168540,NaN,NaN,25
168543,NaN,NaN,25
168546,NaN,NaN,25
168550,NaN,NaN,25
168553,NaN,NaN,25
168556,NaN,NaN,25
168560,NaN,NaN,25
168563,NaN,NaN,25
168566,NaN,NaN,25
168570,NaN,NaN,25
168573,NaN,NaN,25
168576,NaN,NaN,25
168580,NaN,NaN,25
168583,NaN,NaN,25
168586,NaN,NaN,25
168590,NaN,NaN,25
168593,NaN,NaN,25
168596,NaN,NaN,25
168600,NaN,NaN,25
168603,NaN,NaN,25
168606,NaN,NaN,25
168610,NaN,NaN,25
168613,NaN,NaN,25
168616,NaN,NaN,25
168620,NaN,NaN,25
168623,NaN,NaN,25
168626,NaN,NaN,25
168630,NaN,NaN,25
168633,NaN,NaN,25
168636,NaN,NaN,25
168640,NaN,NaN,25
168643,NaN,NaN,25
168646,NaN,NaN,25
168650,NaN,NaN,25
168653,NaN,NaN,25
168656,NaN,NaN,25
168660,NaN,NaN,25
168663,NaN,NaN,25
168666,NaN,NaN,25
168670,NaN,NaN,25
168673,NaN,NaN,25
168676,NaN,NaN,25
168680,NaN,NaN,25
168683,NaN,NaN,25
168686,NaN,NaN,25
168690,NaN,NaN,25
168693,NaN,NaN,25
168696,NaN,NaN,25
168700,NaN,NaN,25
168703,NaN,NaN,25
168706,NaN,NaN,25
168710,NaN,NaN,25
168713,NaN,NaN,25
168716,NaN,NaN,25
168720,NaN,NaN,25
168723,NaN,NaN,25
168726,NaN,NaN,25
168730,NaN,NaN,25
168733,NaN,NaN,25
168736,NaN,NaN,25
168740,NaN,NaN,25
168743,NaN,NaN,25
168746,NaN,NaN,25
168750,NaN,NaN,25
168753,NaN,NaN,25
168756,NaN,NaN,25
168760,NaN,NaN,25
168763,NaN,NaN,25
168766,NaN,NaN,25
168770,NaN,NaN,25
168773,NaN,NaN,25
168776,NaN,NaN,25
168780,NaN,NaN,25
168783,NaN,NaN,25
168786,NaN,NaN,25
168790,NaN,NaN,25
168793,NaN,NaN,25
168796,NaN,NaN,25
168800,NaN,NaN,25
168803,NaN,NaN,25
168806,NaN,NaN,25
168810,NaN,NaN,25
168813,NaN,NaN,25
168816,NaN,NaN,25
168820,NaN,NaN,25
168823,NaN,NaN,25
168826,NaN,NaN,25
168830,NaN,NaN,25
168833,NaN,NaN,25
168836,NaN,NaN,25
168840,NaN,NaN,25
168843,NaN,NaN,25
168846,NaN,NaN,25
168850,NaN,NaN,25
168853,NaN,NaN,25
168856,NaN,NaN,25
168860,NaN,NaN,25
168863,NaN,NaN,25
168866,NaN,NaN,25
168870,NaN,NaN,25
168873,NaN,NaN,25
168876,NaN,NaN,25
168880,NaN,NaN,25
168883,NaN,NaN,25
168886,NaN,NaN,25
168890,NaN,NaN,25
168893,NaN,NaN,25
168896,NaN,NaN,25
168900,NaN,NaN,25
168903,NaN,NaN,25
168906,NaN,NaN,25
168910,NaN,NaN,25
168913,NaN,NaN,25
168916,NaN,NaN,25
168920,NaN,NaN,25
168923,NaN,NaN,25
168926,NaN,NaN,25
168930,NaN,NaN,25
168933,NaN,NaN,25
168936,NaN,NaN,25
168940,NaN,NaN,25
168943,NaN,NaN,25
168946,NaN,NaN,25
168950,NaN,NaN,25
168953,NaN,NaN,25
168956,NaN,NaN,25
168960,NaN,NaN,25
168963,NaN,NaN,25
168966,NaN,NaN,25
168970,NaN,NaN,25
168973,NaN,NaN,25
168976,NaN,NaN,25
168980,NaN,NaN,25
168983,NaN,NaN,25
168986,NaN,NaN,25
168990,NaN,NaN,25
168993,NaN,NaN,25
168996,NaN,NaN,25
169000,NaN,NaN,25
169003,NaN,NaN,25
169006,NaN,NaN,25
169010,NaN,NaN,25
169013,NaN,NaN,25
169016,NaN,NaN,25
169019,NaN,NaN,25
169023,NaN,NaN,25
169026,NaN,NaN,25
169029,NaN,NaN,25
169033,NaN,NaN,25
169036,NaN,NaN,25
169040,NaN,NaN,25
169043,NaN,NaN,25
169046,NaN,NaN,25
169049,NaN,NaN,25
169053,NaN,NaN,25
169056,NaN,NaN,25
169060,NaN,NaN,25
169063,NaN,NaN,25
169066,NaN,NaN,25
169070,NaN,NaN,25
169073,NaN,NaN,25
169076,NaN,NaN,25
169080,NaN,NaN,25
169083,NaN,NaN,25
169086,NaN,NaN,25
169089,NaN,NaN,25
169093,NaN,NaN,25
169096,NaN,NaN,25
169099,NaN,NaN,25
169103,NaN,NaN,25
169106,NaN,NaN,25
169109,NaN,NaN,25
169113,NaN,NaN,25
169116,NaN,NaN,25
169119,NaN,NaN,25
169123,NaN,NaN,25
169126,NaN,NaN,25
169130,NaN,NaN,25
169133,NaN,NaN,25
169136,NaN,NaN,25
169140,NaN,NaN,25
169143,NaN,NaN,25
169146,NaN,NaN,25
169149,NaN,NaN,25
169153,NaN,NaN,25
169156,NaN,NaN,25
169159,NaN,NaN,25
169163,NaN,NaN,25
169166,NaN,NaN,25
169170,NaN,NaN,25
169173,NaN,NaN,25
169176,NaN,NaN,25
169180,NaN,NaN,25
169183,NaN,NaN,25
169186,NaN,NaN,25
169189,NaN,NaN,25
169193,NaN,NaN,25
169196,NaN,NaN,25
169199,NaN,NaN,25
169203,NaN,NaN,25
169206,NaN,NaN,25
169209,NaN,NaN,25
169213,NaN,NaN,25
169216,NaN,NaN,25
169219,NaN,NaN,25
169223,NaN,NaN,25
169226,NaN,NaN,25
169229,NaN,NaN,25
169233,NaN,NaN,25
169236,NaN,NaN,25
169239,NaN,NaN,25
169243,NaN,NaN,25
169246,NaN,NaN,25
169249,NaN,NaN,25
169253,NaN,NaN,25
169256,NaN,NaN,25
169259,NaN,NaN,25
169263,NaN,NaN,25
169266,NaN,NaN,25
169269,NaN,NaN,25
169273,NaN,NaN,25
169276,NaN,NaN,25
169279,NaN,NaN,25
169283,NaN,NaN,25
169286,NaN,NaN,25
169289,NaN,NaN,25
169293,NaN,NaN,25
169296,NaN,NaN,25
169299,NaN,NaN,25
169303,NaN,NaN,25
169306,NaN,NaN,25
169309,NaN,NaN,25
169313,NaN,NaN,25
169316,NaN,NaN,25
169319,NaN,NaN,25
169323,NaN,NaN,25
169326,NaN,NaN,25
169329,NaN,NaN,25
169333,NaN,NaN,25
169336,NaN,NaN,25
169339,NaN,NaN,25
169343,NaN,NaN,25
169346,NaN,NaN,25
169349,NaN,NaN,25
169353,NaN,NaN,25
169356,NaN,NaN,25
169359,NaN,NaN,25
169363,NaN,NaN,25
169366,NaN,NaN,25
169369,NaN,NaN,25
169373,NaN,NaN,25
169376,NaN,NaN,25
169379,NaN,NaN,25
169383,NaN,NaN,25
169386,NaN,NaN,25
169389,NaN,NaN,25
169393,NaN,NaN,25
169396,NaN,NaN,25
169399,NaN,NaN,25
169403,NaN,NaN,25
169406,NaN,NaN,25
169409,NaN,NaN,25
169413,NaN,NaN,25
169416,NaN,NaN,25
169419,NaN,NaN,25
169423,NaN,NaN,25
169426,NaN,NaN,25
169429,NaN,NaN,25
169433,NaN,NaN,25
169436,NaN,NaN,25
169439,NaN,NaN,25
169443,NaN,NaN,25
169446,NaN,NaN,25
169449,NaN,NaN,25
169453,NaN,NaN,25
169456,NaN,NaN,25
169459,NaN,NaN,25
169463,NaN,NaN,25
169466,NaN,NaN,25
169469,NaN,NaN,25
169473,NaN,NaN,25
169476,NaN,NaN,25
169479,NaN,NaN,25
169483,NaN,NaN,25
169486,NaN,NaN,25
169489,NaN,NaN,25
169493,NaN,NaN,25
169496,NaN,NaN,25
169499,NaN,NaN,25
169503,NaN,NaN,25
169506,NaN,NaN,25
169509,NaN,NaN,25
169513,NaN,NaN,25
169516,NaN,NaN,25
169519,NaN,NaN,25
169523,NaN,NaN,25
169526,NaN,NaN,25
169529,NaN,NaN,25
169533,NaN,NaN,25
169536,NaN,NaN,25
169539,NaN,NaN,25
169543,NaN,NaN,25
169546,NaN,NaN,25
169549,NaN,NaN,25
169553,NaN,NaN,25
169556,NaN,NaN,25
169559,NaN,NaN,25
169563,NaN,NaN,25
169566,NaN,NaN,25
169569,NaN,NaN,25
169573,NaN,NaN,25
169576,NaN,NaN,25
169579,NaN,NaN,25
169583,NaN,NaN,25
169586,NaN,NaN,25
169589,NaN,NaN,25
169593,NaN,NaN,25
169596,NaN,NaN,25
169599,NaN,NaN,25
169603,NaN,NaN,25
169606,NaN,NaN,25
169609,NaN,NaN,25
169613,NaN,NaN,25
169616,NaN,NaN,25
169619,NaN,NaN,25
169623,NaN,NaN,25
169626,NaN,NaN,25
169629,NaN,NaN,25
169633,NaN,NaN,25
169636,NaN,NaN,25
169639,NaN,NaN,25
169643,NaN,NaN,25
169646,NaN,NaN,25
169649,NaN,NaN,25
169653,NaN,NaN,25
169656,NaN,NaN,25
169659,NaN,NaN,25
169663,NaN,NaN,25
169666,NaN,NaN,25
169669,NaN,NaN,25
169673,NaN,NaN,25
169676,NaN,NaN,25
169679,NaN,NaN,25
169683,NaN,NaN,25
169686,NaN,NaN,25
169689,NaN,NaN,25
169693,NaN,NaN,25
169696,NaN,NaN,25
169699,NaN,NaN,25
169703,NaN,NaN,25
169706,NaN,NaN,25
169709,NaN,NaN,25
169713,NaN,NaN,25
169716,NaN,NaN,25
169719,NaN,NaN,25
169723,NaN,NaN,25
169726,NaN,NaN,25
169729,NaN,NaN,25
169733,NaN,NaN,25
169736,NaN,NaN,25
169739,NaN,NaN,25
169743,NaN,NaN,25
169746,NaN,NaN,25
169749,NaN,NaN,25
169753,NaN,NaN,25
169756,NaN,NaN,25
169759,NaN,NaN,25
169763,NaN,NaN,25
169766,NaN,NaN,25
169769,NaN,NaN,25
169773,NaN,NaN,25
169776,NaN,NaN,25
169779,NaN,NaN,25
169783,NaN,NaN,25
169786,NaN,NaN,25
169789,NaN,NaN,25
169793,NaN,NaN,25
169796,NaN,NaN,25
169799,NaN,NaN,25
169803,NaN,NaN,25
169806,NaN,NaN,25
169809,NaN,NaN,25
169813,NaN,NaN,25
169816,NaN,NaN,25
169819,NaN,NaN,25
169823,NaN,NaN,25
169826,NaN,NaN,25
169829,NaN,NaN,25
169833,NaN,NaN,25
169836,NaN,NaN,25
169839,NaN,NaN,25
169843,NaN,NaN,25
169846,NaN,NaN,25
169849,NaN,NaN,25
169853,NaN,NaN,25
169856,NaN,NaN,25
169859,NaN,NaN,25
169863,NaN,NaN,25
169866,NaN,NaN,25
169869,NaN,NaN,25
169873,NaN,NaN,25
169876,NaN,NaN,25
169879,NaN,NaN,25
169883,NaN,NaN,25
169886,NaN,NaN,25
169889,NaN,NaN,25
169893,NaN,NaN,25
169896,NaN,NaN,25
169899,NaN,NaN,25
169903,NaN,NaN,25
169906,NaN,NaN,25
169909,NaN,NaN,25
169913,NaN,NaN,25
169916,NaN,NaN,25
169919,NaN,NaN,25
169923,NaN,NaN,25
169926,NaN,NaN,25
169929,NaN,NaN,25
169933,NaN,NaN,25
169936,NaN,NaN,25
169939,NaN,NaN,25
169943,NaN,NaN,25
169946,NaN,NaN,25
169949,NaN,NaN,25
169953,NaN,NaN,25
169956,NaN,NaN,25
169959,NaN,NaN,25
169963,NaN,NaN,25
169966,NaN,NaN,25
169969,NaN,NaN,25
169973,NaN,NaN,25
169976,NaN,NaN,25
169979,NaN,NaN,25
169983,NaN,NaN,25
169986,NaN,NaN,25
169989,NaN,NaN,25
169993,NaN,NaN,25
169996,NaN,NaN,25
169999,NaN,NaN,25
170003,NaN,NaN,25
170006,NaN,NaN,25
170009,NaN,NaN,25
170013,NaN,NaN,25
170016,NaN,NaN,25
170019,NaN,NaN,25
170023,NaN,NaN,25
170026,NaN,NaN,25
170029,NaN,NaN,25
170033,NaN,NaN,25
170036,NaN,NaN,25
170039,NaN,NaN,25
170043,NaN,NaN,25
170046,NaN,NaN,25
170049,NaN,NaN,25
170053,NaN,NaN,25
170056,NaN,NaN,25
170059,NaN,NaN,25
170063,NaN,NaN,25
170066,NaN,NaN,25
170069,NaN,NaN,25
170073,NaN,NaN,25
170076,NaN,NaN,25
170079,NaN,NaN,25
170083,NaN,NaN,25
170086,NaN,NaN,25
170089,NaN,NaN,25
170093,NaN,NaN,25
170096,NaN,NaN,25
170099,NaN,NaN,25
170103,NaN,NaN,25
170106,NaN,NaN,25
170109,NaN,NaN,25
170113,NaN,NaN,25
170116,NaN,NaN,25
170119,NaN,NaN,25
170123,NaN,NaN,25
170126,NaN,NaN,25
170129,NaN,NaN,25
170133,NaN,NaN,25
170136,NaN,NaN,25
170139,NaN,NaN,25
170143,NaN,NaN,25
170146,NaN,NaN,25
170149,NaN,NaN,25
170153,NaN,NaN,25
170156,NaN,NaN,25
170159,NaN,NaN,25
170163,NaN,NaN,25
170166,NaN,NaN,25
170169,NaN,NaN,25
170173,NaN,NaN,25
170176,NaN,NaN,25
170179,NaN,NaN,25
170183,NaN,NaN,25
170186,NaN,NaN,25
170189,NaN,NaN,25
170193,NaN,NaN,25
170196,NaN,NaN,25
170199,NaN,NaN,25
170203,NaN,NaN,25
170206,NaN,NaN,25
170209,NaN,NaN,25
170213,NaN,NaN,25
170216,NaN,NaN,25
170219,NaN,NaN,25
170223,NaN,NaN,25
170226,NaN,NaN,25
170229,NaN,NaN,25
170233,NaN,NaN,25
170236,NaN,NaN,25
170239,NaN,NaN,25
170243,NaN,NaN,25
170246,NaN,NaN,25
170249,NaN,NaN,25
170253,NaN,NaN,25
170256,NaN,NaN,25
170259,NaN,NaN,25
170263,NaN,NaN,25
170266,NaN,NaN,25
170269,NaN,NaN,25
170273,NaN,NaN,25
170276,NaN,NaN,25
170279,NaN,NaN,25
170283,NaN,NaN,25
170286,NaN,NaN,25
170289,NaN,NaN,25
170293,NaN,NaN,25
170296,NaN,NaN,25
170299,NaN,NaN,25
170303,NaN,NaN,25
170306,NaN,NaN,25
170309,NaN,NaN,25
170313,NaN,NaN,25
170316,NaN,NaN,25
170319,NaN,NaN,25
170323,NaN,NaN,25
170326,NaN,NaN,25
170329,NaN,NaN,25
170333,NaN,NaN,25
170336,NaN,NaN,25
170339,NaN,NaN,25
170343,NaN,NaN,25
170346,NaN,NaN,25
170349,NaN,NaN,25
170353,NaN,NaN,25
170356,NaN,NaN,25
170359,NaN,NaN,25
170363,NaN,NaN,25
170366,NaN,NaN,25
170369,NaN,NaN,25
170373,NaN,NaN,25
170376,NaN,NaN,25
170379,NaN,NaN,25
170383,NaN,NaN,25
170386,NaN,NaN,25
170389,NaN,NaN,25
170393,NaN,NaN,25
170396,NaN,NaN,25
170399,NaN,NaN,25
170403,NaN,NaN,25
170406,NaN,NaN,25
170409,NaN,NaN,25
170413,NaN,NaN,25
170416,NaN,NaN,25
170419,NaN,NaN,25
170423,NaN,NaN,25
170426,NaN,NaN,25
170429,NaN,NaN,25
170433,NaN,NaN,25
170436,NaN,NaN,25
170439,NaN,NaN,25
170443,NaN,NaN,25
170446,NaN,NaN,25
170449,NaN,NaN,25
170453,NaN,NaN,25
170456,NaN,NaN,25
170459,NaN,NaN,25
170463,NaN,NaN,25
170466,NaN,NaN,25
170469,NaN,NaN,25
170473,NaN,NaN,25
170476,NaN,NaN,25
170479,NaN,NaN,25
170483,NaN,NaN,25
170486,NaN,NaN,25
170489,NaN,NaN,25
170493,NaN,NaN,25
170496,NaN,NaN,25
170499,NaN,NaN,25
170503,NaN,NaN,25
170506,NaN,NaN,25
170509,NaN,NaN,25
170513,NaN,NaN,25
170516,NaN,NaN,25
170519,NaN,NaN,25
170523,NaN,NaN,25
170526,NaN,NaN,25
170529,NaN,NaN,25
170533,NaN,NaN,25
170536,NaN,NaN,25
170539,NaN,NaN,25
170543,NaN,NaN,25
170546,NaN,NaN,25
170549,NaN,NaN,25
170553,NaN,NaN,25
170556,NaN,NaN,25
170559,NaN,NaN,25
170563,NaN,NaN,25
170566,NaN,NaN,25
170569,NaN,NaN,25
170573,NaN,NaN,25
170576,NaN,NaN,25
170579,NaN,NaN,25
170583,NaN,NaN,25
170586,NaN,NaN,25
170589,NaN,NaN,25
170593,NaN,NaN,25
170596,NaN,NaN,25
170599,NaN,NaN,25
170603,NaN,NaN,25
170606,NaN,NaN,25
170609,NaN,NaN,25
170613,NaN,NaN,25
170616,NaN,NaN,25
170619,NaN,NaN,25
170623,NaN,NaN,25
170626,NaN,NaN,25
170629,NaN,NaN,25
170633,NaN,NaN,25
170636,NaN,NaN,25
170639,NaN,NaN,25
170643,NaN,NaN,25
170646,NaN,NaN,25
170649,NaN,NaN,25
170653,NaN,NaN,25
170656,NaN,NaN,25
170659,NaN,NaN,25
170663,NaN,NaN,25
170666,NaN,NaN,25
170669,NaN,NaN,25
170673,NaN,NaN,25
170676,NaN,NaN,25
170679,NaN,NaN,25
170683,NaN,NaN,25
170686,NaN,NaN,25
170689,NaN,NaN,25
170693,NaN,NaN,25
170696,NaN,NaN,25
170699,NaN,NaN,25
170703,NaN,NaN,25
170706,NaN,NaN,25
170709,NaN,NaN,25
170713,NaN,NaN,25
170716,NaN,NaN,25
170719,NaN,NaN,25
170723,NaN,NaN,25
170726,NaN,NaN,25
170729,NaN,NaN,25
170733,NaN,NaN,25
170736,NaN,NaN,25
170739,NaN,NaN,25
170743,NaN,NaN,25
170746,NaN,NaN,25
170749,NaN,NaN,25
170753,NaN,NaN,25
170756,NaN,NaN,25
170759,NaN,NaN,25
170763,NaN,NaN,25
170766,NaN,NaN,25
170769,NaN,NaN,25
170773,NaN,NaN,25
170776,NaN,NaN,25
170779,NaN,NaN,25
170783,NaN,NaN,25
170786,NaN,NaN,25
170789,NaN,NaN,25
170793,NaN,NaN,25
170796,NaN,NaN,25
170799,NaN,NaN,25
170803,NaN,NaN,25
170806,NaN,NaN,25
170809,NaN,NaN,25
170813,NaN,NaN,25
170816,NaN,NaN,25
170819,NaN,NaN,25
170823,NaN,NaN,25
170826,NaN,NaN,25
170829,NaN,NaN,25
170833,NaN,NaN,25
170836,NaN,NaN,25
170839,NaN,NaN,25
170843,NaN,NaN,25
170846,NaN,NaN,25
170849,NaN,NaN,25
170853,NaN,NaN,25
170856,NaN,NaN,25
170859,NaN,NaN,25
170863,NaN,NaN,25
170866,NaN,NaN,25
170869,NaN,NaN,25
170873,NaN,NaN,25
170876,NaN,NaN,25
170879,NaN,NaN,25
170883,NaN,NaN,25
170886,NaN,NaN,25
170889,NaN,NaN,25
170893,NaN,NaN,25
170896,NaN,NaN,25
170899,NaN,NaN,25
170903,NaN,NaN,25
170906,NaN,NaN,25
170909,NaN,NaN,25
170913,NaN,NaN,25
170916,NaN,NaN,25
170919,NaN,NaN,25
170923,NaN,NaN,25
170926,NaN,NaN,25
170929,NaN,NaN,25
170933,NaN,NaN,25
170936,NaN,NaN,25
170939,NaN,NaN,25
170943,NaN,NaN,25
170946,NaN,NaN,25
170949,NaN,NaN,25
170953,NaN,NaN,25
170956,NaN,NaN,25
170959,NaN,NaN,25
170963,NaN,NaN,25
170966,NaN,NaN,25
170969,NaN,NaN,25
170973,NaN,NaN,25
170976,NaN,NaN,25
170979,NaN,NaN,25
170983,NaN,NaN,25
170986,NaN,NaN,25
170989,NaN,NaN,25
170993,NaN,NaN,25
170996,NaN,NaN,25
170999,NaN,NaN,25
171003,NaN,NaN,25
171006,NaN,NaN,25
171009,NaN,NaN,25
171013,NaN,NaN,25
171016,NaN,NaN,25
171019,NaN,NaN,25
171023,NaN,NaN,25
171026,NaN,NaN,25
171029,NaN,NaN,25
171033,NaN,NaN,25
171036,NaN,NaN,25
171039,NaN,NaN,25
171043,NaN,NaN,25
171046,NaN,NaN,25
171049,NaN,NaN,25
171053,NaN,NaN,25
171056,NaN,NaN,25
171059,NaN,NaN,25
171063,NaN,NaN,25
171066,NaN,NaN,25
171069,NaN,NaN,25
171073,NaN,NaN,25
171076,NaN,NaN,25
171079,NaN,NaN,25
171083,NaN,NaN,25
171086,NaN,NaN,25
171089,NaN,NaN,25
171093,NaN,NaN,25
171096,NaN,NaN,25
171099,NaN,NaN,25
174782,1351.084507,828.0888818,26
174785,1349.30225,826.0978072,26
174789,1351.427341,827.9354843,26
174792,1348.392288,824.0129682,26
174795,1348.461469,829.726045,26
174799,1350.338127,828.775977,26
174802,1347.201961,828.3042459,26
174805,1348.680886,826.9574347,26
174809,1349.447546,829.2335645,26
174812,1349.876169,827.6491267,26
174815,1349.301164,827.8805746,26
174819,1354.086353,823.3232284,26
174822,1350.532325,828.0645918,26
174825,1349.135048,826.7459379,26
174829,1346.190793,824.6961971,26
174832,1350.423459,827.8754846,26
174835,1343.427734,829.4526193,26
174839,1348.703009,827.751668,26
174842,1347.479179,827.8453398,26
174845,1349.107336,827.182159,26
174849,1343.583844,830.2610481,26
174852,1346.063797,830.3495592,26
174855,1348.129651,828.9213035,26
174859,1343.058968,830.8783882,26
174862,1343.674068,830.1735879,26
174865,1348.806442,829.0121364,26
174869,1343.942789,830.0486315,26
174872,1345.703985,829.6000561,26
174875,1345.653928,829.3755717,26
174879,1346.574364,827.1410836,26
174882,1353.824391,831.7936836,26
174885,1376.969997,835.6527206,26
174889,1402.293017,844.1449135,26
174892,1415.772055,846.988109,26
174895,1416.09472,839.8486891,26
174899,1408.183734,835.453152,26
174902,1392.365782,829.1757529,26
174905,1389.581031,831.7089462,26
174909,1384.114442,836.007847,26
174912,1388.596094,836.547379,26
174915,1392.257796,836.6207751,26
174919,1396.889852,837.2214627,26
174922,1396.446827,838.273338,26
174925,1395.367276,837.9201044,26
174929,1398.369047,838.1048956,26
174932,1395.452843,837.5347652,26
174935,1392.469691,839.4551021,26
174939,1397.28724,837.1907095,26
174942,1397.968701,834.3411318,26
174945,1396.446958,829.9189982,26
174949,1393.315499,832.9211709,26
174952,1397.987623,829.7750793,26
174955,1393.396485,832.0842964,26
174959,1394.665979,832.601758,26
174962,1395.615482,834.3146224,26
174965,1392.666936,832.9028604,26
174969,1396.147993,834.01937,26
174972,1391.020341,835.2776558,26
174975,1394.311786,833.413603,26
174979,1391.42634,834.5180253,26
174982,1390.100636,835.7445412,26
174985,1389.939994,834.668139,26
174989,1393.044542,835.9028288,26
174992,1388.531097,834.0145096,26
174995,1375.056663,832.4228518,26
174999,1331.894458,828.6400027,26
175002,1274.237804,817.2159854,26
175005,1213.24488,805.7305152,26
175009,1162.232374,789.0290828,26
175012,1116.712065,778.8589402,26
175015,1073.662088,763.1883177,26
175019,1041.573339,758.3884306,26
175022,1013.246783,771.7033076,26
175025,997.8116268,781.583182,26
175029,994.4074234,796.706958,26
175032,1005.340343,796.7734123,26
175035,NaN,NaN,26
175039,NaN,NaN,26
175042,1013.442137,785.1311494,26
175045,1002.775611,778.6533361,26
175049,987.061231,776.4725839,26
175052,982.3697956,776.7580321,26
175055,978.889126,780.581606,26
175059,979.9344097,785.3135332,26
175062,989.2980217,780.9467893,26
175065,992.7921522,783.8416474,26
175069,990.9665357,781.6764548,26
175072,988.6843585,786.8508547,26
175075,989.0036187,784.5836153,26
175079,994.4662863,789.376004,26
175082,990.2002931,786.2790733,26
175085,985.5523166,786.8018815,26
175089,992.1520498,782.3349044,26
175092,989.5704846,780.6347115,26
175095,992.927103,788.0808913,26
175099,NaN,NaN,26
175102,NaN,NaN,26
175105,NaN,NaN,26
175109,NaN,NaN,26
175112,990.1386762,790.2014835,26
175115,988.5879457,784.5014377,26
175119,989.4768789,785.6390051,26
175122,988.2287936,786.415148,26
175125,989.0778732,786.0721473,26
175129,991.0528974,787.0146581,26
175132,988.2294516,788.724163,26
175135,988.3057509,788.7890872,26
175139,987.665036,786.8279702,26
175142,986.4389339,788.5349225,26
175145,990.912219,782.5817797,26
175149,989.6284037,788.2845458,26
175152,988.2714174,788.3601166,26
175155,988.5697877,789.5423272,26
175159,990.0076988,785.8734933,26
175162,989.4014517,791.5327075,26
175165,989.2771684,790.070271,26
175169,989.6517493,789.4082672,26
175172,992.9488995,790.6449553,26
175175,988.1944097,793.820324,26
175179,989.7528867,787.205297,26
175182,987.7807075,790.0412769,26
175185,986.9249777,786.2366554,26
175189,989.3861297,788.2514295,26
175192,982.7579706,803.362807,26
175195,967.0494553,826.8232894,26
175199,958.2099458,851.0464586,26
175202,946.2159721,864.4783266,26
175205,947.0619662,870.4143558,26
175209,950.2054931,863.0813724,26
175212,960.6785543,851.9991302,26
175215,965.8016882,848.9207081,26
175219,970.6982886,840.2694281,26
175222,961.7341579,840.8269921,26
175225,959.3728431,850.9795837,26
175229,958.3758049,852.2885707,26
175232,955.7309559,856.398487,26
175235,955.1535696,859.2534622,26
175239,955.3708871,860.5260192,26
175242,954.7874942,859.9867919,26
175245,956.9508945,862.252514,26
175249,NaN,NaN,26
175252,NaN,NaN,26
175255,956.7418021,859.2761096,26
175259,958.25386,862.3956913,26
175262,958.4927931,859.956132,26
175265,960.7619222,860.0238503,26
175269,962.3821438,857.7977837,26
175272,958.8190196,861.7132308,26
175275,NaN,NaN,26
175279,NaN,NaN,26
175282,954.9515292,861.4982024,26
175285,955.9378819,856.511213,26
175289,952.6325168,858.3561936,26
175292,NaN,NaN,26
175295,NaN,NaN,26
175299,952.7866369,861.9642565,26
175302,955.5337485,862.7949185,26
175305,NaN,NaN,26
175309,NaN,NaN,26
175312,957.8505302,859.9463844,26
175315,NaN,NaN,26
175319,NaN,NaN,26
175322,NaN,NaN,26
175325,NaN,NaN,26
175329,955.9869556,859.8124275,26
175332,NaN,NaN,26
175335,NaN,NaN,26
175339,954.7668034,859.2279413,26
175342,954.6805547,858.831445,26
175345,958.8642018,857.1609834,26
175349,NaN,NaN,26
175352,NaN,NaN,26
175355,957.5194697,855.4374934,26
175359,953.3019982,861.5612948,26
175362,NaN,NaN,26
175365,NaN,NaN,26
175369,953.965435,859.9722144,26
175372,955.0229838,856.247529,26
175375,NaN,NaN,26
175379,NaN,NaN,26
175382,NaN,NaN,26
175385,NaN,NaN,26
175389,NaN,NaN,26
175392,NaN,NaN,26
175395,NaN,NaN,26
175399,NaN,NaN,26
175402,NaN,NaN,26
175405,NaN,NaN,26
175409,NaN,NaN,26
175412,NaN,NaN,26
175415,859.1954443,707.193169,26
175419,856.566879,685.1377813,26
175422,858.488826,654.7487342,26
175425,856.3383949,623.9500117,26
175429,842.5939116,607.9581431,26
175432,825.5867513,596.4409248,26
175435,809.1931936,579.7422144,26
175439,789.1524688,561.5703767,26
175442,774.8342095,549.0077403,26
175445,NaN,NaN,26
175449,NaN,NaN,26
175452,772.7274876,555.9868574,26
175455,NaN,NaN,26
175459,NaN,NaN,26
175462,NaN,NaN,26
175465,NaN,NaN,26
175469,NaN,NaN,26
175472,NaN,NaN,26
175475,NaN,NaN,26
175479,NaN,NaN,26
175482,NaN,NaN,26
175485,NaN,NaN,26
175489,NaN,NaN,26
175492,NaN,NaN,26
175495,NaN,NaN,26
175499,NaN,NaN,26
175502,NaN,NaN,26
175505,NaN,NaN,26
175509,NaN,NaN,26
175512,NaN,NaN,26
175515,NaN,NaN,26
175519,NaN,NaN,26
175522,NaN,NaN,26
175525,NaN,NaN,26
175529,NaN,NaN,26
175532,NaN,NaN,26
175535,NaN,NaN,26
175539,NaN,NaN,26
175542,NaN,NaN,26
175545,NaN,NaN,26
175549,NaN,NaN,26
175552,NaN,NaN,26
175555,NaN,NaN,26
175559,NaN,NaN,26
175562,NaN,NaN,26
175565,NaN,NaN,26
175569,NaN,NaN,26
175572,NaN,NaN,26
175575,NaN,NaN,26
175579,745.9315961,479.2651832,26
175582,NaN,NaN,26
175585,NaN,NaN,26
175589,NaN,NaN,26
175592,747.1987129,466.1930461,26
175595,744.0636571,451.6487612,26
175599,742.5779737,445.4326615,26
175602,743.2272002,450.6243616,26
175605,745.0195,466.5336191,26
175609,747.4954228,476.2912983,26
175612,742.3513897,478.1790652,26
175615,745.7168807,479.2144063,26
175619,748.3163964,481.0942748,26
175622,742.278989,467.3094064,26
175625,741.9095579,461.9343125,26
175629,742.4196598,455.116758,26
175632,747.0432851,457.7107783,26
175635,742.9115305,462.4918428,26
175639,742.9159245,460.9264747,26
175642,740.6056888,462.0287229,26
175645,741.4341881,461.5338031,26
175649,745.9802949,459.4872724,26
175652,748.078012,457.143844,26
175655,NaN,NaN,26
175659,NaN,NaN,26
175662,750.1215147,453.8854035,26
175665,751.2667908,450.0094733,26
175669,742.0300335,459.963165,26
175672,741.8606434,451.7028085,26
175675,739.7374632,446.017757,26
175679,NaN,NaN,26
175682,NaN,NaN,26
175685,NaN,NaN,26
175689,NaN,NaN,26
175692,NaN,NaN,26
175695,741.9517646,458.7137636,26
175699,NaN,NaN,26
175702,NaN,NaN,26
175705,739.9435803,458.8863876,26
175709,738.17451,464.799337,26
175712,NaN,NaN,26
175715,NaN,NaN,26
175719,NaN,NaN,26
175722,NaN,NaN,26
175725,NaN,NaN,26
175729,NaN,NaN,26
175732,NaN,NaN,26
175735,NaN,NaN,26
175739,737.1852879,455.1938238,26
175742,NaN,NaN,26
175745,NaN,NaN,26
175749,740.4356498,467.777581,26
175752,739.249898,459.1064779,26
175755,NaN,NaN,26
175759,NaN,NaN,26
175762,737.4208858,453.1103769,26
175765,735.2782311,452.1149173,26
175769,740.7423823,458.0321238,26
175772,NaN,NaN,26
175775,NaN,NaN,26
175779,865.5585021,474.9403778,26
175782,918.8976063,476.5502456,26
175785,NaN,NaN,26
175789,NaN,NaN,26
175792,NaN,NaN,26
175795,NaN,NaN,26
175799,NaN,NaN,26
175802,NaN,NaN,26
175805,1122.142628,478.6216288,26
175809,1146.451944,482.799286,26
175812,NaN,NaN,26
175815,NaN,NaN,26
175819,NaN,NaN,26
175822,NaN,NaN,26
175825,NaN,NaN,26
175829,NaN,NaN,26
175832,NaN,NaN,26
175835,NaN,NaN,26
175839,NaN,NaN,26
175842,NaN,NaN,26
175845,NaN,NaN,26
175849,NaN,NaN,26
175852,NaN,NaN,26
175855,NaN,NaN,26
175859,NaN,NaN,26
175862,NaN,NaN,26
175865,NaN,NaN,26
175869,NaN,NaN,26
175872,NaN,NaN,26
175875,NaN,NaN,26
175879,NaN,NaN,26
175882,NaN,NaN,26
175885,NaN,NaN,26
175889,NaN,NaN,26
175892,NaN,NaN,26
175895,NaN,NaN,26
175899,NaN,NaN,26
175902,NaN,NaN,26
175905,NaN,NaN,26
175909,NaN,NaN,26
175912,NaN,NaN,26
175915,NaN,NaN,26
175919,NaN,NaN,26
175922,NaN,NaN,26
175925,NaN,NaN,26
175929,NaN,NaN,26
175932,NaN,NaN,26
175935,NaN,NaN,26
175939,NaN,NaN,26
175942,NaN,NaN,26
175945,NaN,NaN,26
175949,NaN,NaN,26
175952,NaN,NaN,26
175955,NaN,NaN,26
175959,NaN,NaN,26
175962,NaN,NaN,26
175965,NaN,NaN,26
175969,NaN,NaN,26
175972,NaN,NaN,26
175975,NaN,NaN,26
175979,NaN,NaN,26
175982,NaN,NaN,26
175985,NaN,NaN,26
175989,NaN,NaN,26
175992,NaN,NaN,26
175995,NaN,NaN,26
175999,NaN,NaN,26
176002,NaN,NaN,26
176005,NaN,NaN,26
176008,NaN,NaN,26
176012,NaN,NaN,26
176015,NaN,NaN,26
176019,NaN,NaN,26
176022,1222.70596,491.8000075,26
176025,NaN,NaN,26
176029,NaN,NaN,26
176032,NaN,NaN,26
176035,NaN,NaN,26
176039,NaN,NaN,26
176042,NaN,NaN,26
176045,1212.477621,518.6907941,26
176049,NaN,NaN,26
176052,NaN,NaN,26
176055,NaN,NaN,26
176059,NaN,NaN,26
176062,NaN,NaN,26
176065,NaN,NaN,26
176069,NaN,NaN,26
176072,NaN,NaN,26
176075,NaN,NaN,26
176078,NaN,NaN,26
176082,NaN,NaN,26
176085,NaN,NaN,26
176088,NaN,NaN,26
176092,NaN,NaN,26
176095,NaN,NaN,26
176098,NaN,NaN,26
176102,1204.346333,544.8540365,26
176105,NaN,NaN,26
176109,NaN,NaN,26
176112,NaN,NaN,26
176115,NaN,NaN,26
176118,NaN,NaN,26
176122,NaN,NaN,26
176125,NaN,NaN,26
176129,NaN,NaN,26
176132,NaN,NaN,26
176135,NaN,NaN,26
176138,NaN,NaN,26
176142,NaN,NaN,26
176145,NaN,NaN,26
176148,NaN,NaN,26
176152,NaN,NaN,26
176155,NaN,NaN,26
176159,NaN,NaN,26
176162,NaN,NaN,26
176165,NaN,NaN,26
176169,NaN,NaN,26
176172,NaN,NaN,26
176175,NaN,NaN,26
176178,NaN,NaN,26
176182,NaN,NaN,26
176185,NaN,NaN,26
176189,NaN,NaN,26
176192,NaN,NaN,26
176195,NaN,NaN,26
176199,NaN,NaN,26
176202,NaN,NaN,26
176205,NaN,NaN,26
176208,NaN,NaN,26
176212,NaN,NaN,26
176215,NaN,NaN,26
176218,NaN,NaN,26
176222,NaN,NaN,26
176225,NaN,NaN,26
176228,NaN,NaN,26
176232,NaN,NaN,26
176235,NaN,NaN,26
176238,NaN,NaN,26
176242,NaN,NaN,26
176245,NaN,NaN,26
176248,NaN,NaN,26
176252,NaN,NaN,26
176255,NaN,NaN,26
176258,NaN,NaN,26
176262,NaN,NaN,26
176265,NaN,NaN,26
176268,NaN,NaN,26
176272,NaN,NaN,26
176275,NaN,NaN,26
176278,NaN,NaN,26
176282,NaN,NaN,26
176285,NaN,NaN,26
176288,NaN,NaN,26
176292,NaN,NaN,26
176295,NaN,NaN,26
176298,NaN,NaN,26
176302,NaN,NaN,26
176305,NaN,NaN,26
176308,NaN,NaN,26
176312,NaN,NaN,26
176315,NaN,NaN,26
176318,NaN,NaN,26
176322,NaN,NaN,26
176325,NaN,NaN,26
176328,NaN,NaN,26
176332,NaN,NaN,26
176335,NaN,NaN,26
176338,NaN,NaN,26
176342,NaN,NaN,26
176345,NaN,NaN,26
176348,NaN,NaN,26
176352,NaN,NaN,26
176355,NaN,NaN,26
176358,NaN,NaN,26
176362,NaN,NaN,26
176365,NaN,NaN,26
176368,NaN,NaN,26
176372,NaN,NaN,26
176375,NaN,NaN,26
176378,NaN,NaN,26
176382,NaN,NaN,26
176385,NaN,NaN,26
176388,NaN,NaN,26
176392,NaN,NaN,26
176395,NaN,NaN,26
176398,NaN,NaN,26
176402,NaN,NaN,26
176405,NaN,NaN,26
176408,NaN,NaN,26
176412,NaN,NaN,26
176415,NaN,NaN,26
176418,NaN,NaN,26
176422,NaN,NaN,26
176425,NaN,NaN,26
176428,NaN,NaN,26
176432,NaN,NaN,26
176435,NaN,NaN,26
176438,NaN,NaN,26
176442,NaN,NaN,26
176445,NaN,NaN,26
176448,NaN,NaN,26
176452,NaN,NaN,26
176455,NaN,NaN,26
176458,NaN,NaN,26
176462,NaN,NaN,26
176465,NaN,NaN,26
176468,NaN,NaN,26
176472,NaN,NaN,26
176475,NaN,NaN,26
176478,NaN,NaN,26
176482,NaN,NaN,26
176485,NaN,NaN,26
176488,NaN,NaN,26
176492,NaN,NaN,26
176495,NaN,NaN,26
176498,NaN,NaN,26
176502,NaN,NaN,26
176505,NaN,NaN,26
176508,NaN,NaN,26
176512,NaN,NaN,26
176515,NaN,NaN,26
176518,NaN,NaN,26
176522,NaN,NaN,26
176525,NaN,NaN,26
176528,NaN,NaN,26
176532,NaN,NaN,26
176535,NaN,NaN,26
176538,NaN,NaN,26
176542,NaN,NaN,26
176545,NaN,NaN,26
176548,NaN,NaN,26
176552,NaN,NaN,26
176555,NaN,NaN,26
176558,NaN,NaN,26
176562,NaN,NaN,26
176565,NaN,NaN,26
176568,NaN,NaN,26
176572,NaN,NaN,26
176575,NaN,NaN,26
176578,NaN,NaN,26
176582,NaN,NaN,26
176585,NaN,NaN,26
176588,NaN,NaN,26
176592,NaN,NaN,26
176595,NaN,NaN,26
176598,NaN,NaN,26
176602,NaN,NaN,26
176605,NaN,NaN,26
176608,NaN,NaN,26
176612,NaN,NaN,26
176615,NaN,NaN,26
176618,NaN,NaN,26
176622,NaN,NaN,26
176625,NaN,NaN,26
176628,NaN,NaN,26
176632,NaN,NaN,26
176635,NaN,NaN,26
176638,NaN,NaN,26
176642,NaN,NaN,26
176645,NaN,NaN,26
176648,NaN,NaN,26
176652,NaN,NaN,26
176655,NaN,NaN,26
176658,NaN,NaN,26
176662,NaN,NaN,26
176665,NaN,NaN,26
176668,NaN,NaN,26
176672,NaN,NaN,26
176675,NaN,NaN,26
176678,NaN,NaN,26
176682,NaN,NaN,26
176685,NaN,NaN,26
176688,NaN,NaN,26
176692,NaN,NaN,26
176695,NaN,NaN,26
176698,NaN,NaN,26
176702,NaN,NaN,26
176705,NaN,NaN,26
176708,NaN,NaN,26
176712,NaN,NaN,26
176715,NaN,NaN,26
176718,NaN,NaN,26
176722,NaN,NaN,26
176725,NaN,NaN,26
176728,NaN,NaN,26
176732,NaN,NaN,26
176735,NaN,NaN,26
176738,NaN,NaN,26
176742,NaN,NaN,26
176745,NaN,NaN,26
176748,NaN,NaN,26
176752,NaN,NaN,26
176755,NaN,NaN,26
176758,NaN,NaN,26
176762,1173.013477,581.211821,26
176765,NaN,NaN,26
176768,NaN,NaN,26
176772,NaN,NaN,26
176775,NaN,NaN,26
176778,NaN,NaN,26
176782,NaN,NaN,26
176785,NaN,NaN,26
176788,NaN,NaN,26
176792,NaN,NaN,26
176795,NaN,NaN,26
176798,NaN,NaN,26
176802,NaN,NaN,26
176805,1158.699811,603.5982835,26
176808,1155.831094,605.8107197,26
176812,NaN,NaN,26
176815,NaN,NaN,26
176818,1155.685531,606.8447375,26
176822,1154.492605,602.2402618,26
176825,NaN,NaN,26
176828,NaN,NaN,26
176832,1156.085204,602.9046307,26
176835,1157.15333,600.6132866,26
176838,1154.621327,603.4752557,26
176842,NaN,NaN,26
176845,NaN,NaN,26
176848,1157.573799,600.192826,26
176852,1158.370711,600.661442,26
176855,1153.967035,603.0903551,26
176858,1159.229616,601.1980487,26
176862,1154.465193,602.0539931,26
176865,NaN,NaN,26
176868,NaN,NaN,26
176872,NaN,NaN,26
176875,NaN,NaN,26
176878,1160.324446,599.0273649,26
176882,1156.135755,605.9742598,26
176885,NaN,NaN,26
176888,NaN,NaN,26
176892,1156.814243,604.7112417,26
176895,1155.052794,603.6591099,26
176898,1159.603452,603.2315099,26
176902,1156.20712,606.6076197,26
176905,1158.167812,601.4095158,26
176908,NaN,NaN,26
176912,NaN,NaN,26
176915,NaN,NaN,26
176918,NaN,NaN,26
176922,1157.266407,604.2941576,26
176925,NaN,NaN,26
176928,NaN,NaN,26
176932,1154.332087,607.056537,26
176935,1156.089925,601.6705213,26
176938,1157.376217,609.9358971,26
176942,NaN,NaN,26
176945,NaN,NaN,26
176948,NaN,NaN,26
176952,NaN,NaN,26
176955,NaN,NaN,26
176958,NaN,NaN,26
176962,NaN,NaN,26
176965,NaN,NaN,26
176968,NaN,NaN,26
176972,NaN,NaN,26
176975,NaN,NaN,26
176978,NaN,NaN,26
176982,NaN,NaN,26
176985,NaN,NaN,26
176988,1151.997242,604.4844333,26
176992,NaN,NaN,26
176995,NaN,NaN,26
176998,NaN,NaN,26
177002,NaN,NaN,26
177005,1153.116864,603.9149361,26
177008,1150.007237,601.4636437,26
177012,NaN,NaN,26
177015,NaN,NaN,26
177018,1153.761485,603.8004983,26
177022,1151.852278,606.2423803,26
177025,NaN,NaN,26
177028,NaN,NaN,26
177032,NaN,NaN,26
177035,NaN,NaN,26
177038,NaN,NaN,26
177042,NaN,NaN,26
177045,NaN,NaN,26
177048,NaN,NaN,26
177052,NaN,NaN,26
177055,NaN,NaN,26
177058,NaN,NaN,26
177062,NaN,NaN,26
177065,NaN,NaN,26
177068,NaN,NaN,26
177072,NaN,NaN,26
177075,NaN,NaN,26
177078,1149.85545,606.8986913,26
177082,NaN,NaN,26
177085,NaN,NaN,26
177088,NaN,NaN,26
177092,NaN,NaN,26
177095,NaN,NaN,26
177098,NaN,NaN,26
177102,NaN,NaN,26
177105,NaN,NaN,26
177108,NaN,NaN,26
177112,NaN,NaN,26
177115,NaN,NaN,26
177118,NaN,NaN,26
177122,NaN,NaN,26
177125,NaN,NaN,26
177128,NaN,NaN,26
177132,NaN,NaN,26
177135,NaN,NaN,26
177138,NaN,NaN,26
177142,NaN,NaN,26
177145,NaN,NaN,26
177148,1141.945472,605.9719126,26
177152,NaN,NaN,26
177155,NaN,NaN,26
177158,NaN,NaN,26
177162,NaN,NaN,26
177165,NaN,NaN,26
177168,NaN,NaN,26
177172,1142.0064,602.5283958,26
177175,1144.653598,602.5967941,26
177178,NaN,NaN,26
177182,NaN,NaN,26
177185,NaN,NaN,26
177188,NaN,NaN,26
177192,NaN,NaN,26
177195,NaN,NaN,26
177198,NaN,NaN,26
177202,NaN,NaN,26
177205,NaN,NaN,26
177208,NaN,NaN,26
177212,NaN,NaN,26
177215,NaN,NaN,26
177218,NaN,NaN,26
177222,NaN,NaN,26
177225,NaN,NaN,26
177228,NaN,NaN,26
177232,NaN,NaN,26
177235,NaN,NaN,26
177238,NaN,NaN,26
177242,NaN,NaN,26
177245,NaN,NaN,26
177248,NaN,NaN,26
177252,NaN,NaN,26
177255,NaN,NaN,26
177258,NaN,NaN,26
177262,NaN,NaN,26
177265,NaN,NaN,26
177268,NaN,NaN,26
177272,NaN,NaN,26
177275,NaN,NaN,26
177278,NaN,NaN,26
177282,NaN,NaN,26
177285,NaN,NaN,26
177288,NaN,NaN,26
177292,NaN,NaN,26
177295,NaN,NaN,26
177298,NaN,NaN,26
177302,NaN,NaN,26
177305,NaN,NaN,26
177308,NaN,NaN,26
177312,NaN,NaN,26
177315,NaN,NaN,26
177318,NaN,NaN,26
177322,NaN,NaN,26
177325,NaN,NaN,26
177328,NaN,NaN,26
177332,NaN,NaN,26
177335,NaN,NaN,26
177338,NaN,NaN,26
177342,NaN,NaN,26
177345,NaN,NaN,26
177348,NaN,NaN,26
177352,NaN,NaN,26
177355,NaN,NaN,26
177358,NaN,NaN,26
177362,NaN,NaN,26
177365,NaN,NaN,26
177368,NaN,NaN,26
177372,NaN,NaN,26
177375,NaN,NaN,26
177378,NaN,NaN,26
177382,NaN,NaN,26
177385,NaN,NaN,26
177388,NaN,NaN,26
177392,NaN,NaN,26
177395,NaN,NaN,26
177398,NaN,NaN,26
177402,NaN,NaN,26
177405,NaN,NaN,26
177408,NaN,NaN,26
177412,NaN,NaN,26
177415,NaN,NaN,26
177418,NaN,NaN,26
177422,NaN,NaN,26
177425,NaN,NaN,26
177428,NaN,NaN,26
177432,NaN,NaN,26
177435,NaN,NaN,26
177438,NaN,NaN,26
177442,NaN,NaN,26
177445,NaN,NaN,26
177448,NaN,NaN,26
177452,NaN,NaN,26
177455,NaN,NaN,26
177458,NaN,NaN,26
177462,NaN,NaN,26
177465,NaN,NaN,26
177468,NaN,NaN,26
177472,NaN,NaN,26
177475,NaN,NaN,26
177478,NaN,NaN,26
177482,NaN,NaN,26
177485,NaN,NaN,26
177488,NaN,NaN,26
177492,NaN,NaN,26
177495,NaN,NaN,26
177498,NaN,NaN,26
177502,NaN,NaN,26
177505,NaN,NaN,26
177508,NaN,NaN,26
177512,NaN,NaN,26
177515,NaN,NaN,26
177518,NaN,NaN,26
177522,NaN,NaN,26
177525,NaN,NaN,26
177528,NaN,NaN,26
177532,NaN,NaN,26
177535,NaN,NaN,26
177538,NaN,NaN,26
177542,NaN,NaN,26
177545,NaN,NaN,26
177548,NaN,NaN,26
177552,NaN,NaN,26
177555,NaN,NaN,26
177558,NaN,NaN,26
177562,NaN,NaN,26
177565,NaN,NaN,26
177568,NaN,NaN,26
177572,NaN,NaN,26
177575,NaN,NaN,26
177578,NaN,NaN,26
177582,NaN,NaN,26
177585,NaN,NaN,26
177588,NaN,NaN,26
177592,NaN,NaN,26
177595,NaN,NaN,26
177598,NaN,NaN,26
177602,NaN,NaN,26
177605,NaN,NaN,26
177608,NaN,NaN,26
177612,NaN,NaN,26
177615,NaN,NaN,26
177618,NaN,NaN,26
177622,NaN,NaN,26
177625,NaN,NaN,26
177628,NaN,NaN,26
177632,NaN,NaN,26
177635,NaN,NaN,26
177638,NaN,NaN,26
177642,NaN,NaN,26
177645,NaN,NaN,26
177648,NaN,NaN,26
177652,NaN,NaN,26
177655,NaN,NaN,26
177658,NaN,NaN,26
177662,NaN,NaN,26
177665,NaN,NaN,26
177668,NaN,NaN,26
177672,NaN,NaN,26
177675,NaN,NaN,26
177678,NaN,NaN,26
177682,NaN,NaN,26
177685,NaN,NaN,26
177688,NaN,NaN,26
177692,NaN,NaN,26
177695,NaN,NaN,26
177698,NaN,NaN,26
177702,NaN,NaN,26
177705,NaN,NaN,26
177708,NaN,NaN,26
177712,NaN,NaN,26
177715,NaN,NaN,26
177718,NaN,NaN,26
177722,NaN,NaN,26
177725,NaN,NaN,26
177728,NaN,NaN,26
177732,NaN,NaN,26
177735,NaN,NaN,26
177738,NaN,NaN,26
177742,NaN,NaN,26
177745,NaN,NaN,26
177748,NaN,NaN,26
177752,NaN,NaN,26
177755,NaN,NaN,26
177758,NaN,NaN,26
177762,NaN,NaN,26
177765,NaN,NaN,26
177768,NaN,NaN,26
177772,NaN,NaN,26
177775,NaN,NaN,26
177778,NaN,NaN,26
177782,NaN,NaN,26
177785,NaN,NaN,26
177788,NaN,NaN,26
177792,NaN,NaN,26
177795,NaN,NaN,26
177798,NaN,NaN,26
177802,NaN,NaN,26
177805,NaN,NaN,26
177808,NaN,NaN,26
177812,NaN,NaN,26
177815,NaN,NaN,26
177818,NaN,NaN,26
177822,NaN,NaN,26
177825,NaN,NaN,26
177828,NaN,NaN,26
177832,NaN,NaN,26
177835,NaN,NaN,26
177838,NaN,NaN,26
177842,NaN,NaN,26
177845,NaN,NaN,26
177848,NaN,NaN,26
177852,NaN,NaN,26
177855,NaN,NaN,26
177858,NaN,NaN,26
177862,NaN,NaN,26
177865,NaN,NaN,26
177868,NaN,NaN,26
177872,NaN,NaN,26
177875,NaN,NaN,26
177878,NaN,NaN,26
177882,NaN,NaN,26
177885,NaN,NaN,26
177888,NaN,NaN,26
177892,NaN,NaN,26
177895,NaN,NaN,26
177898,NaN,NaN,26
177902,NaN,NaN,26
177905,NaN,NaN,26
177908,NaN,NaN,26
177912,NaN,NaN,26
177915,NaN,NaN,26
177918,NaN,NaN,26
177922,NaN,NaN,26
177925,NaN,NaN,26
177928,NaN,NaN,26
177932,NaN,NaN,26
177935,NaN,NaN,26
177938,NaN,NaN,26
177942,NaN,NaN,26
177945,NaN,NaN,26
177948,NaN,NaN,26
177952,NaN,NaN,26
177955,NaN,NaN,26
177958,NaN,NaN,26
177962,NaN,NaN,26
177965,NaN,NaN,26
177968,NaN,NaN,26
177972,NaN,NaN,26
177975,NaN,NaN,26
177978,NaN,NaN,26
177982,NaN,NaN,26
177985,NaN,NaN,26
177988,NaN,NaN,26
177992,NaN,NaN,26
177995,NaN,NaN,26
177998,NaN,NaN,26
178002,NaN,NaN,26
178005,NaN,NaN,26
178008,NaN,NaN,26
178012,NaN,NaN,26
178015,NaN,NaN,26
178018,NaN,NaN,26
178022,NaN,NaN,26
178025,NaN,NaN,26
178028,NaN,NaN,26
178032,NaN,NaN,26
178035,NaN,NaN,26
178038,NaN,NaN,26
178042,NaN,NaN,26
178045,NaN,NaN,26
178048,NaN,NaN,26
178052,NaN,NaN,26
178055,NaN,NaN,26
178058,NaN,NaN,26
178062,NaN,NaN,26
178065,NaN,NaN,26
178068,NaN,NaN,26
178072,NaN,NaN,26
178075,NaN,NaN,26
178078,NaN,NaN,26
178082,NaN,NaN,26
178085,NaN,NaN,26
178088,NaN,NaN,26
178092,NaN,NaN,26
178095,NaN,NaN,26
178098,NaN,NaN,26
178102,NaN,NaN,26
178105,NaN,NaN,26
178108,NaN,NaN,26
178112,NaN,NaN,26
178115,NaN,NaN,26
178118,NaN,NaN,26
178122,NaN,NaN,26
178125,NaN,NaN,26
178128,NaN,NaN,26
178132,NaN,NaN,26
178135,NaN,NaN,26
178138,NaN,NaN,26
178142,NaN,NaN,26
178145,NaN,NaN,26
178148,NaN,NaN,26
178152,NaN,NaN,26
178155,NaN,NaN,26
178158,NaN,NaN,26
178162,NaN,NaN,26
178165,NaN,NaN,26
178168,NaN,NaN,26
178172,NaN,NaN,26
178175,NaN,NaN,26
178178,NaN,NaN,26
178182,NaN,NaN,26
178185,NaN,NaN,26
178188,NaN,NaN,26
178192,NaN,NaN,26
178195,NaN,NaN,26
178198,NaN,NaN,26
178202,NaN,NaN,26
178205,NaN,NaN,26
178208,NaN,NaN,26
178212,NaN,NaN,26
178215,NaN,NaN,26
178218,NaN,NaN,26
178222,NaN,NaN,26
178225,NaN,NaN,26
178228,NaN,NaN,26
178232,NaN,NaN,26
178235,NaN,NaN,26
178238,NaN,NaN,26
178242,NaN,NaN,26
178245,NaN,NaN,26
178248,NaN,NaN,26
178252,NaN,NaN,26
178255,NaN,NaN,26
178258,NaN,NaN,26
178262,NaN,NaN,26
178265,NaN,NaN,26
178268,NaN,NaN,26
178272,NaN,NaN,26
178275,NaN,NaN,26
178278,NaN,NaN,26
178282,NaN,NaN,26
178285,NaN,NaN,26
178288,NaN,NaN,26
178292,NaN,NaN,26
178295,NaN,NaN,26
178298,NaN,NaN,26
178302,NaN,NaN,26
178305,NaN,NaN,26
178308,NaN,NaN,26
178312,NaN,NaN,26
178315,NaN,NaN,26
178318,NaN,NaN,26
178322,NaN,NaN,26
178325,NaN,NaN,26
178328,NaN,NaN,26
178332,NaN,NaN,26
178335,NaN,NaN,26
178338,NaN,NaN,26
178342,NaN,NaN,26
178345,NaN,NaN,26
182018,819.4909907,523.1067415,27
182021,824.6718867,514.8934779,27
182024,823.1615579,515.939523,27
182028,NaN,NaN,27
182031,NaN,NaN,27
182034,NaN,NaN,27
182038,NaN,NaN,27
182041,NaN,NaN,27
182044,NaN,NaN,27
182048,821.2263801,524.5139753,27
182051,822.0761479,524.7390704,27
182054,819.1024025,529.7849256,27
182058,NaN,NaN,27
182061,NaN,NaN,27
182064,825.1313138,524.8786199,27
182068,820.4883116,525.1527687,27
182071,NaN,NaN,27
182074,NaN,NaN,27
182078,822.6394447,522.5413801,27
182081,825.047793,523.3237653,27
182084,NaN,NaN,27
182088,NaN,NaN,27
182091,821.0547991,524.1594764,27
182094,818.9595956,522.1769906,27
182098,NaN,NaN,27
182101,NaN,NaN,27
182104,821.4968591,525.8348187,27
182108,821.9832598,529.6795652,27
182111,NaN,NaN,27
182114,NaN,NaN,27
182118,821.5974426,526.0206886,27
182121,822.048136,527.5425656,27
182124,822.2382863,520.1251912,27
182128,NaN,NaN,27
182131,NaN,NaN,27
182134,824.9191737,524.9470023,27
182138,824.0880612,521.4431889,27
182141,NaN,NaN,27
182144,NaN,NaN,27
182148,826.065349,516.8926173,27
182151,821.2611635,524.6800102,27
182154,NaN,NaN,27
182158,NaN,NaN,27
182161,825.5051616,519.7956055,27
182164,822.9407787,519.1875692,27
182168,NaN,NaN,27
182171,NaN,NaN,27
182174,820.1687247,525.0567466,27
182178,824.9819916,518.8375403,27
182181,821.7641981,520.0608718,27
182184,NaN,NaN,27
182188,NaN,NaN,27
182191,824.376431,519.6838645,27
182194,818.9925462,525.1748675,27
182198,NaN,NaN,27
182201,NaN,NaN,27
182204,822.8350225,520.3680815,27
182208,821.7084956,515.4315724,27
182211,NaN,NaN,27
182214,NaN,NaN,27
182218,818.2443089,524.8872066,27
182221,822.2937403,520.0578293,27
182224,NaN,NaN,27
182228,NaN,NaN,27
182231,821.7442309,512.2332116,27
182234,817.591328,528.8423754,27
182238,NaN,NaN,27
182241,NaN,NaN,27
182244,818.1939043,523.4786967,27
182248,821.3608019,517.0815089,27
182251,819.7740779,526.4234911,27
182254,NaN,NaN,27
182258,NaN,NaN,27
182261,820.9292553,525.6597152,27
182264,821.5732364,522.1881747,27
182268,NaN,NaN,27
182271,NaN,NaN,27
182274,819.9636993,521.2247706,27
182278,819.1657096,526.722284,27
182281,NaN,NaN,27
182284,NaN,NaN,27
182288,818.246723,525.2484218,27
182291,821.3710518,521.019593,27
182294,NaN,NaN,27
182298,NaN,NaN,27
182301,823.6556577,525.8613262,27
182304,821.8532526,521.2486263,27
182308,821.3205645,524.2975253,27
182311,818.1438369,526.9820884,27
182314,818.4697535,530.7920628,27
182318,821.2709443,541.7318645,27
182321,830.4726118,582.0279398,27
182324,NaN,NaN,27
182328,NaN,NaN,27
182331,919.3685527,750.0585434,27
182334,NaN,NaN,27
182338,NaN,NaN,27
182341,NaN,NaN,27
182344,NaN,NaN,27
182348,946.5118105,868.3966681,27
182351,NaN,NaN,27
182354,NaN,NaN,27
182358,NaN,NaN,27
182361,NaN,NaN,27
182364,NaN,NaN,27
182368,NaN,NaN,27
182371,NaN,NaN,27
182374,NaN,NaN,27
182378,971.7559439,894.4247763,27
182381,NaN,NaN,27
182384,NaN,NaN,27
182388,NaN,NaN,27
182391,NaN,NaN,27
182394,NaN,NaN,27
182398,NaN,NaN,27
182401,NaN,NaN,27
182404,NaN,NaN,27
182408,NaN,NaN,27
182411,NaN,NaN,27
182414,NaN,NaN,27
182418,NaN,NaN,27
182421,NaN,NaN,27
182424,NaN,NaN,27
182428,NaN,NaN,27
182431,NaN,NaN,27
182434,NaN,NaN,27
182438,NaN,NaN,27
182441,970.1406403,887.8415007,27
182444,969.9038385,887.062932,27
182448,971.4710231,889.2027367,27
182451,NaN,NaN,27
182454,NaN,NaN,27
182458,NaN,NaN,27
182461,NaN,NaN,27
182464,NaN,NaN,27
182468,NaN,NaN,27
182471,NaN,NaN,27
182474,NaN,NaN,27
182478,NaN,NaN,27
182481,NaN,NaN,27
182484,NaN,NaN,27
182488,NaN,NaN,27
182491,NaN,NaN,27
182494,NaN,NaN,27
182498,NaN,NaN,27
182501,NaN,NaN,27
182504,NaN,NaN,27
182508,NaN,NaN,27
182511,NaN,NaN,27
182514,NaN,NaN,27
182518,NaN,NaN,27
182521,NaN,NaN,27
182524,NaN,NaN,27
182528,NaN,NaN,27
182531,NaN,NaN,27
182534,NaN,NaN,27
182538,NaN,NaN,27
182541,NaN,NaN,27
182544,NaN,NaN,27
182548,NaN,NaN,27
182551,NaN,NaN,27
182554,NaN,NaN,27
182558,NaN,NaN,27
182561,NaN,NaN,27
182564,NaN,NaN,27
182568,NaN,NaN,27
182571,NaN,NaN,27
182574,NaN,NaN,27
182578,NaN,NaN,27
182581,NaN,NaN,27
182584,1228.097937,667.0518441,27
182588,1256.232472,665.4113712,27
182591,1273.310383,716.1416265,27
182594,NaN,NaN,27
182598,NaN,NaN,27
182601,NaN,NaN,27
182604,NaN,NaN,27
182608,NaN,NaN,27
182611,NaN,NaN,27
182614,NaN,NaN,27
182618,NaN,NaN,27
182621,NaN,NaN,27
182624,NaN,NaN,27
182628,NaN,NaN,27
182631,NaN,NaN,27
182634,NaN,NaN,27
182638,NaN,NaN,27
182641,NaN,NaN,27
182644,NaN,NaN,27
182648,NaN,NaN,27
182651,NaN,NaN,27
182654,NaN,NaN,27
182658,NaN,NaN,27
182661,NaN,NaN,27
182664,NaN,NaN,27
182668,NaN,NaN,27
182671,NaN,NaN,27
182674,NaN,NaN,27
182678,NaN,NaN,27
182681,NaN,NaN,27
182684,NaN,NaN,27
182688,1235.729597,464.5128652,27
182691,NaN,NaN,27
182694,NaN,NaN,27
182698,NaN,NaN,27
182701,NaN,NaN,27
182704,NaN,NaN,27
182708,NaN,NaN,27
182711,NaN,NaN,27
182714,NaN,NaN,27
182718,NaN,NaN,27
182721,NaN,NaN,27
182724,NaN,NaN,27
182728,NaN,NaN,27
182731,NaN,NaN,27
182734,NaN,NaN,27
182738,NaN,NaN,27
182741,NaN,NaN,27
182744,NaN,NaN,27
182748,NaN,NaN,27
182751,NaN,NaN,27
182754,NaN,NaN,27
182758,NaN,NaN,27
182761,NaN,NaN,27
182764,NaN,NaN,27
182768,NaN,NaN,27
182771,NaN,NaN,27
182774,NaN,NaN,27
182778,NaN,NaN,27
182781,NaN,NaN,27
182784,NaN,NaN,27
182788,NaN,NaN,27
182791,NaN,NaN,27
182794,NaN,NaN,27
182798,NaN,NaN,27
182801,NaN,NaN,27
182804,NaN,NaN,27
182808,NaN,NaN,27
182811,NaN,NaN,27
182814,NaN,NaN,27
182818,NaN,NaN,27
182821,NaN,NaN,27
182824,NaN,NaN,27
182828,NaN,NaN,27
182831,NaN,NaN,27
182834,NaN,NaN,27
182838,NaN,NaN,27
182841,NaN,NaN,27
182844,NaN,NaN,27
182848,NaN,NaN,27
182851,NaN,NaN,27
182854,NaN,NaN,27
182858,NaN,NaN,27
182861,NaN,NaN,27
182864,NaN,NaN,27
182868,NaN,NaN,27
182871,NaN,NaN,27
182874,NaN,NaN,27
182878,NaN,NaN,27
182881,NaN,NaN,27
182884,NaN,NaN,27
182888,NaN,NaN,27
182891,NaN,NaN,27
182894,NaN,NaN,27
182898,NaN,NaN,27
182901,NaN,NaN,27
182904,NaN,NaN,27
182908,NaN,NaN,27
182911,NaN,NaN,27
182914,NaN,NaN,27
182918,NaN,NaN,27
182921,NaN,NaN,27
182924,NaN,NaN,27
182928,NaN,NaN,27
182931,NaN,NaN,27
182934,NaN,NaN,27
182938,NaN,NaN,27
182941,NaN,NaN,27
182944,NaN,NaN,27
182948,NaN,NaN,27
182951,NaN,NaN,27
182954,NaN,NaN,27
182958,NaN,NaN,27
182961,NaN,NaN,27
182964,NaN,NaN,27
182968,NaN,NaN,27
182971,NaN,NaN,27
182974,NaN,NaN,27
182978,NaN,NaN,27
182981,NaN,NaN,27
182984,NaN,NaN,27
182988,NaN,NaN,27
182991,NaN,NaN,27
182994,NaN,NaN,27
182998,NaN,NaN,27
183001,NaN,NaN,27
183004,NaN,NaN,27
183008,NaN,NaN,27
183011,NaN,NaN,27
183014,NaN,NaN,27
183018,NaN,NaN,27
183021,1402.045372,503.3012861,27
183024,1399.611991,505.9988665,27
183028,NaN,NaN,27
183031,NaN,NaN,27
183034,NaN,NaN,27
183038,NaN,NaN,27
183041,NaN,NaN,27
183044,NaN,NaN,27
183048,NaN,NaN,27
183051,NaN,NaN,27
183054,NaN,NaN,27
183058,NaN,NaN,27
183061,NaN,NaN,27
183064,NaN,NaN,27
183068,NaN,NaN,27
183071,NaN,NaN,27
183074,1534.321897,509.1544035,27
183078,1560.778085,507.4526757,27
183081,1582.290725,507.0864841,27
183084,NaN,NaN,27
183088,NaN,NaN,27
183091,NaN,NaN,27
183094,NaN,NaN,27
183098,NaN,NaN,27
183101,NaN,NaN,27
183104,NaN,NaN,27
183108,NaN,NaN,27
183111,NaN,NaN,27
183114,NaN,NaN,27
183118,NaN,NaN,27
183121,NaN,NaN,27
183124,NaN,NaN,27
183128,NaN,NaN,27
183131,NaN,NaN,27
183134,NaN,NaN,27
183138,NaN,NaN,27
183141,NaN,NaN,27
183144,NaN,NaN,27
183148,NaN,NaN,27
183151,NaN,NaN,27
183154,NaN,NaN,27
183158,NaN,NaN,27
183161,NaN,NaN,27
183164,NaN,NaN,27
183167,NaN,NaN,27
183171,NaN,NaN,27
183174,NaN,NaN,27
183177,NaN,NaN,27
183181,NaN,NaN,27
183184,NaN,NaN,27
183187,NaN,NaN,27
183191,NaN,NaN,27
183194,NaN,NaN,27
183198,NaN,NaN,27
183201,NaN,NaN,27
183204,NaN,NaN,27
183208,NaN,NaN,27
183211,NaN,NaN,27
183214,NaN,NaN,27
183218,NaN,NaN,27
183221,NaN,NaN,27
183224,NaN,NaN,27
183227,NaN,NaN,27
183231,1562.351218,515.1713682,27
183234,NaN,NaN,27
183238,NaN,NaN,27
183241,NaN,NaN,27
183244,NaN,NaN,27
183248,NaN,NaN,27
183251,NaN,NaN,27
183254,NaN,NaN,27
183258,NaN,NaN,27
183261,NaN,NaN,27
183264,NaN,NaN,27
183267,NaN,NaN,27
183271,NaN,NaN,27
183274,NaN,NaN,27
183278,NaN,NaN,27
183281,NaN,NaN,27
183284,NaN,NaN,27
183288,NaN,NaN,27
183291,NaN,NaN,27
183294,NaN,NaN,27
183297,NaN,NaN,27
183301,NaN,NaN,27
183304,NaN,NaN,27
183307,NaN,NaN,27
183311,NaN,NaN,27
183314,NaN,NaN,27
183317,NaN,NaN,27
183321,NaN,NaN,27
183324,NaN,NaN,27
183327,NaN,NaN,27
183331,NaN,NaN,27
183334,NaN,NaN,27
183337,NaN,NaN,27
183341,NaN,NaN,27
183344,NaN,NaN,27
183347,NaN,NaN,27
183351,NaN,NaN,27
183354,NaN,NaN,27
183357,NaN,NaN,27
183361,NaN,NaN,27
183364,NaN,NaN,27
183367,NaN,NaN,27
183371,NaN,NaN,27
183374,NaN,NaN,27
183378,NaN,NaN,27
183381,NaN,NaN,27
183384,NaN,NaN,27
183388,NaN,NaN,27
183391,NaN,NaN,27
183394,NaN,NaN,27
183397,NaN,NaN,27
183401,NaN,NaN,27
183404,NaN,NaN,27
183407,NaN,NaN,27
183411,NaN,NaN,27
183414,NaN,NaN,27
183417,NaN,NaN,27
183421,1557.815979,509.1566127,27
183424,NaN,NaN,27
183427,NaN,NaN,27
183431,NaN,NaN,27
183434,NaN,NaN,27
183437,NaN,NaN,27
183441,NaN,NaN,27
183444,NaN,NaN,27
183447,NaN,NaN,27
183451,NaN,NaN,27
183454,NaN,NaN,27
183457,NaN,NaN,27
183461,NaN,NaN,27
183464,NaN,NaN,27
183467,NaN,NaN,27
183471,NaN,NaN,27
183474,NaN,NaN,27
183477,NaN,NaN,27
183481,NaN,NaN,27
183484,NaN,NaN,27
183487,NaN,NaN,27
183491,NaN,NaN,27
183494,NaN,NaN,27
183497,NaN,NaN,27
183501,NaN,NaN,27
183504,NaN,NaN,27
183507,NaN,NaN,27
183511,NaN,NaN,27
183514,NaN,NaN,27
183517,NaN,NaN,27
183521,NaN,NaN,27
183524,NaN,NaN,27
183527,NaN,NaN,27
183531,NaN,NaN,27
183534,NaN,NaN,27
183537,NaN,NaN,27
183541,NaN,NaN,27
183544,NaN,NaN,27
183547,NaN,NaN,27
183551,NaN,NaN,27
183554,NaN,NaN,27
187217,NaN,NaN,28
187220,NaN,NaN,28
187224,NaN,NaN,28
187227,NaN,NaN,28
187230,NaN,NaN,28
187234,NaN,NaN,28
187237,NaN,NaN,28
187240,NaN,NaN,28
187244,NaN,NaN,28
187247,NaN,NaN,28
187250,NaN,NaN,28
187254,NaN,NaN,28
187257,NaN,NaN,28
187260,NaN,NaN,28
187264,NaN,NaN,28
187267,NaN,NaN,28
187270,NaN,NaN,28
187274,NaN,NaN,28
187277,NaN,NaN,28
187280,NaN,NaN,28
187284,NaN,NaN,28
187287,NaN,NaN,28
187290,NaN,NaN,28
187294,NaN,NaN,28
187297,NaN,NaN,28
187300,NaN,NaN,28
187304,NaN,NaN,28
187307,NaN,NaN,28
187310,NaN,NaN,28
187314,NaN,NaN,28
187317,NaN,NaN,28
187320,NaN,NaN,28
187324,NaN,NaN,28
187327,NaN,NaN,28
187330,NaN,NaN,28
187334,NaN,NaN,28
187337,NaN,NaN,28
187340,1049.777685,734.0264328,28
187344,1050.195603,731.8321718,28
187347,NaN,NaN,28
187350,NaN,NaN,28
187354,NaN,NaN,28
187357,NaN,NaN,28
187360,NaN,NaN,28
187364,1160.686551,590.1754379,28
187367,NaN,NaN,28
187370,NaN,NaN,28
187374,NaN,NaN,28
187377,NaN,NaN,28
187380,NaN,NaN,28
187384,NaN,NaN,28
187387,NaN,NaN,28
187390,NaN,NaN,28
187394,NaN,NaN,28
187397,NaN,NaN,28
187400,NaN,NaN,28
187404,NaN,NaN,28
187407,NaN,NaN,28
187410,NaN,NaN,28
187414,NaN,NaN,28
187417,NaN,NaN,28
187420,NaN,NaN,28
187424,NaN,NaN,28
187427,NaN,NaN,28
187430,NaN,NaN,28
187434,NaN,NaN,28
187437,1035.660443,662.8291831,28
187440,NaN,NaN,28
187444,NaN,NaN,28
187447,NaN,NaN,28
187450,NaN,NaN,28
187454,NaN,NaN,28
187457,NaN,NaN,28
187460,NaN,NaN,28
187464,NaN,NaN,28
187467,NaN,NaN,28
187470,NaN,NaN,28
187474,NaN,NaN,28
187477,NaN,NaN,28
187480,NaN,NaN,28
187484,NaN,NaN,28
187487,1158.702792,510.8422603,28
187490,1172.444308,510.7678813,28
187494,NaN,NaN,28
187497,NaN,NaN,28
187500,NaN,NaN,28
187504,NaN,NaN,28
187507,NaN,NaN,28
187510,NaN,NaN,28
187514,NaN,NaN,28
187517,NaN,NaN,28
187520,1177.143326,510.9815855,28
187524,1172.87178,497.8356153,28
187527,1170.488414,491.9417371,28
187530,1172.859394,500.2522443,28
187534,1170.521005,484.5973696,28
187537,1171.143919,494.9844169,28
187540,1170.290974,499.1247025,28
187544,1162.460077,507.88571,28
187547,1162.374066,499.9111621,28
187550,1168.134033,505.2735878,28
187554,NaN,NaN,28
187557,NaN,NaN,28
187560,NaN,NaN,28
187564,NaN,NaN,28
187567,NaN,NaN,28
187570,NaN,NaN,28
187574,NaN,NaN,28
187577,NaN,NaN,28
187580,NaN,NaN,28
187584,NaN,NaN,28
187587,NaN,NaN,28
187590,NaN,NaN,28
187594,NaN,NaN,28
187597,NaN,NaN,28
187600,NaN,NaN,28
187604,NaN,NaN,28
187607,NaN,NaN,28
187610,NaN,NaN,28
187614,NaN,NaN,28
187617,NaN,NaN,28
187620,NaN,NaN,28
187624,NaN,NaN,28
187627,NaN,NaN,28
187630,NaN,NaN,28
187634,NaN,NaN,28
187637,NaN,NaN,28
187640,NaN,NaN,28
187644,NaN,NaN,28
187647,NaN,NaN,28
187650,NaN,NaN,28
187654,NaN,NaN,28
187657,NaN,NaN,28
187660,NaN,NaN,28
187664,NaN,NaN,28
187667,NaN,NaN,28
187670,NaN,NaN,28
187674,NaN,NaN,28
187677,NaN,NaN,28
187680,NaN,NaN,28
187684,918.8445314,881.6950867,28
187687,924.8653574,885.8701792,28
187690,NaN,NaN,28
187694,NaN,NaN,28
187697,NaN,NaN,28
187700,NaN,NaN,28
187704,NaN,NaN,28
187707,NaN,NaN,28
187710,NaN,NaN,28
187714,NaN,NaN,28
187717,NaN,NaN,28
187720,NaN,NaN,28
187724,NaN,NaN,28
187727,NaN,NaN,28
187730,NaN,NaN,28
187734,NaN,NaN,28
187737,NaN,NaN,28
187740,NaN,NaN,28
187744,NaN,NaN,28
187747,NaN,NaN,28
187750,NaN,NaN,28
187754,NaN,NaN,28
187757,NaN,NaN,28
187760,NaN,NaN,28
187764,NaN,NaN,28
187767,NaN,NaN,28
187770,NaN,NaN,28
187774,NaN,NaN,28
187777,NaN,NaN,28
187780,NaN,NaN,28
187784,NaN,NaN,28
187787,NaN,NaN,28
187790,NaN,NaN,28
187794,NaN,NaN,28
187797,NaN,NaN,28
187800,NaN,NaN,28
187804,NaN,NaN,28
187807,NaN,NaN,28
187810,NaN,NaN,28
187814,NaN,NaN,28
187817,NaN,NaN,28
187820,NaN,NaN,28
187824,914.9777194,890.5641769,28
187827,915.7145667,887.7383911,28
187830,915.7411332,889.5040763,28
187834,921.5145818,882.2324732,28
187837,NaN,NaN,28
187840,NaN,NaN,28
187844,NaN,NaN,28
187847,NaN,NaN,28
187850,NaN,NaN,28
187854,NaN,NaN,28
187857,NaN,NaN,28
187860,NaN,NaN,28
187864,NaN,NaN,28
187867,916.1323871,885.5305406,28
187870,918.6369893,888.8992308,28
187874,NaN,NaN,28
187877,NaN,NaN,28
187880,NaN,NaN,28
187884,NaN,NaN,28
187887,NaN,NaN,28
187890,NaN,NaN,28
187894,NaN,NaN,28
187897,NaN,NaN,28
187900,NaN,NaN,28
187904,NaN,NaN,28
187907,NaN,NaN,28
187910,1123.40874,546.9842548,28
187914,1138.484876,528.5014183,28
187917,1157.559293,519.9731421,28
187920,1174.58264,508.9878606,28
187924,1168.122749,502.5868757,28
187927,1149.122081,495.6766422,28
187930,1140.693813,502.501878,28
187934,NaN,NaN,28
187937,NaN,NaN,28
187940,1163.740645,497.2888289,28
187944,1169.491113,502.69749,28
187947,1168.472387,502.2366969,28
187950,1174.684312,501.2162099,28
187954,1172.432756,499.5806428,28
187957,1164.747943,499.8154549,28
187960,1169.009635,495.9768085,28
187963,1164.486579,494.5274684,28
187967,1171.537241,493.3515106,28
187970,1167.975992,497.64523,28
187973,1165.265272,498.0464552,28
187977,1159.896877,499.8505136,28
187980,1167.928969,512.2716624,28
187984,1159.809768,506.3980615,28
187987,1163.393531,502.8323167,28
187990,1167.205006,501.9283793,28
187993,1162.669792,505.8178568,28
187997,1164.837462,497.4916896,28
188000,1161.051483,495.2211054,28
188003,1167.75766,501.0674575,28
188007,1166.441651,499.0901634,28
188010,1162.7962,500.98716,28
188014,1163.732292,492.7860062,28
188017,1163.16121,499.7665948,28
188020,1169.240679,502.6177413,28
188023,1166.676854,507.3730863,28
188027,1163.158039,502.7969892,28
188030,1164.230463,501.2008147,28
188033,1167.701465,498.0410021,28
188037,1167.718689,501.6761507,28
188040,1165.20349,508.3154258,28
188044,1162.18283,497.4554539,28
188047,1163.705552,501.6564388,28
188050,1163.45485,498.4589874,28
188054,1161.794089,499.6206028,28
188057,1163.334665,501.4378291,28
188060,1159.825459,498.9603765,28
188063,1163.812541,501.9721051,28
188067,1171.327416,496.5992229,28
188070,1168.555671,500.4438727,28
188073,1167.523694,492.0051716,28
188077,1169.570331,493.2304131,28
188080,1163.438665,503.0008046,28
188084,1162.272364,496.7876853,28
188087,1163.278152,496.4691746,28
188090,1163.378107,498.7897178,28
188093,1164.021167,505.4824973,28
188097,1162.094178,507.4364965,28
188100,1167.790422,508.6945686,28
188103,1163.760415,506.1591438,28
188107,1168.028182,498.7409909,28
188110,1165.513818,503.4395492,28
188114,1165.912978,502.2861908,28
188117,1159.781047,513.991601,28
188120,1162.248568,510.535516,28
188123,1163.272608,504.3913993,28
188127,1161.453061,509.49188,28
188130,1161.831231,505.3420965,28
188133,1161.235976,511.237187,28
188137,1166.559782,504.4026594,28
188140,1151.54538,498.649535,28
188143,NaN,NaN,28
188147,NaN,NaN,28
188150,NaN,NaN,28
188153,NaN,NaN,28
188157,NaN,NaN,28
188160,NaN,NaN,28
188163,NaN,NaN,28
188167,NaN,NaN,28
188170,NaN,NaN,28
188173,NaN,NaN,28
188177,NaN,NaN,28
188180,1163.198459,507.6328922,28
188184,1163.146936,497.8813671,28
188187,1159.205098,501.6649409,28
188190,1163.219417,502.1696787,28
188193,1161.001381,509.3026137,28
194103,657.8499758,808.8278511,29
194106,NaN,NaN,29
194109,NaN,NaN,29
194113,NaN,NaN,29
194116,NaN,NaN,29
194119,NaN,NaN,29
194123,NaN,NaN,29
194126,661.463482,810.2547459,29
194129,657.8003452,814.8557476,29
194133,NaN,NaN,29
194136,NaN,NaN,29
194139,660.336699,809.8850001,29
194143,660.1460743,806.233125,29
194146,660.4043351,807.3219867,29
194149,NaN,NaN,29
194153,NaN,NaN,29
194156,656.3085671,806.9546574,29
194159,660.0334234,809.3685952,29
194163,NaN,NaN,29
194166,NaN,NaN,29
194169,NaN,NaN,29
194173,NaN,NaN,29
194176,NaN,NaN,29
194179,NaN,NaN,29
194183,660.4043213,812.9487369,29
194186,658.7108048,809.1699511,29
194189,NaN,NaN,29
194193,NaN,NaN,29
194196,660.9678049,806.691822,29
194199,662.6663506,812.3027085,29
194203,662.9989521,813.0018591,29
194206,661.5798426,813.6223178,29
194209,662.8563364,812.3608467,29
194213,664.4138984,810.8519182,29
194216,664.2653251,807.4042863,29
194219,663.0318219,809.3893445,29
194223,662.2859047,809.7853532,29
194226,661.981579,808.0267099,29
194229,662.5961488,810.4216285,29
194233,665.2449737,811.7839865,29
194236,664.8427482,814.2855984,29
194239,664.4248046,813.5428742,29
194243,662.4699872,809.5208832,29
194246,661.5340141,813.6677251,29
194249,662.5571533,812.6394842,29
194253,664.1629536,808.8594178,29
194256,664.9740634,808.5966459,29
194259,664.3235635,808.3438978,29
194263,664.5889287,809.459223,29
194266,664.1189422,807.2870037,29
194269,661.6332757,810.007908,29
194273,663.1827213,807.9309926,29
194276,NaN,NaN,29
194279,NaN,NaN,29
194283,663.4292544,811.7751452,29
194286,673.178172,800.5260489,29
194289,698.6708537,791.4700961,29
194293,729.0869859,759.46832,29
194296,761.470424,750.2788119,29
194299,779.9949666,741.5028889,29
194303,793.8801274,738.4760322,29
194306,808.3340488,748.8355029,29
194309,NaN,NaN,29
194313,NaN,NaN,29
194316,NaN,NaN,29
194319,NaN,NaN,29
194323,958.0659751,776.7534652,29
194326,991.3657516,788.6804216,29
194329,1010.636591,812.9247084,29
194333,NaN,NaN,29
194336,NaN,NaN,29
194339,NaN,NaN,29
194343,NaN,NaN,29
194346,NaN,NaN,29
194349,NaN,NaN,29
194353,NaN,NaN,29
194356,NaN,NaN,29
194359,NaN,NaN,29
194363,NaN,NaN,29
194366,1011.395127,845.1483335,29
194369,1008.543848,844.2230442,29
194373,NaN,NaN,29
194376,NaN,NaN,29
194379,NaN,NaN,29
194383,NaN,NaN,29
194386,NaN,NaN,29
194389,NaN,NaN,29
194393,NaN,NaN,29
194396,NaN,NaN,29
194399,NaN,NaN,29
194403,NaN,NaN,29
194406,NaN,NaN,29
194409,NaN,NaN,29
194413,NaN,NaN,29
194416,NaN,NaN,29
194419,NaN,NaN,29
194423,1006.580579,838.3672315,29
194426,1005.17337,836.1825695,29
194429,NaN,NaN,29
194433,NaN,NaN,29
194436,1005.106652,843.0558663,29
194439,NaN,NaN,29
194443,NaN,NaN,29
194446,NaN,NaN,29
194449,NaN,NaN,29
194453,NaN,NaN,29
194456,NaN,NaN,29
194459,NaN,NaN,29
194463,NaN,NaN,29
194466,NaN,NaN,29
194469,NaN,NaN,29
194473,NaN,NaN,29
194476,NaN,NaN,29
194479,NaN,NaN,29
194483,NaN,NaN,29
194486,NaN,NaN,29
194489,NaN,NaN,29
194493,1006.023705,836.7087688,29
194496,1009.039808,837.5776139,29
194499,NaN,NaN,29
194503,NaN,NaN,29
194506,NaN,NaN,29
194509,NaN,NaN,29
194513,NaN,NaN,29
194516,NaN,NaN,29
194519,NaN,NaN,29
194523,NaN,NaN,29
194526,NaN,NaN,29
194529,NaN,NaN,29
194533,810.0310537,722.8064108,29
194536,791.892711,689.585008,29
194539,781.8429037,651.1722645,29
194543,776.9125015,615.4518618,29
194546,762.5517232,579.7399847,29
194549,749.1350201,563.0149783,29
194553,737.9986479,544.9696116,29
194556,727.149839,527.1397419,29
194559,725.5391933,510.1982147,29
194563,731.1863957,485.3109776,29
194566,738.7762119,487.9026205,29
194569,741.7090786,496.2055194,29
194573,733.4014883,505.4737004,29
194576,728.6292864,513.4856938,29
194579,727.8014171,507.3238628,29
194583,725.5957567,496.8006581,29
194586,727.635081,495.7480012,29
194589,729.3376116,492.6864609,29
194593,728.2931325,485.5515429,29
194596,731.5298044,491.7382923,29
194599,730.9269576,492.359514,29
194603,731.3729435,493.390453,29
194606,731.7487016,500.4275632,29
194609,732.3575412,499.0875331,29
194613,731.0767179,495.1793897,29
194616,731.4036102,500.4515579,29
194619,728.4118241,494.2295303,29
194623,731.0168003,494.6361249,29
194626,729.2858063,490.861453,29
194629,731.5864797,494.8598302,29
194633,735.5678612,492.9223981,29
194636,726.8552111,497.9356008,29
194639,729.4516204,495.2127204,29
194643,731.086069,494.3557435,29
194646,732.4297503,501.7030729,29
194649,730.0384715,499.0749115,29
194653,729.6369875,495.4338166,29
194656,730.1211062,498.2050052,29
194659,729.7191693,491.9893011,29
194663,728.550289,495.1622274,29
194666,730.0061283,497.477713,29
194669,732.9905136,491.4207596,29
194673,729.4895242,500.3760143,29
194676,732.705989,498.3415109,29
194679,728.9005983,496.1778304,29
194683,730.5487236,494.6329712,29
194686,727.1386728,498.5184707,29
194689,727.604708,498.3258345,29
194693,726.4035176,499.3357381,29
194696,722.7260302,498.6544039,29
194699,727.6161686,499.5828399,29
194703,726.9311298,499.428176,29
194706,726.9977578,498.0161998,29
194709,726.1617849,501.7157265,29
194713,NaN,NaN,29
194716,NaN,NaN,29
194719,729.9785668,497.482656,29
194723,727.2729165,495.4358975,29
194726,728.3928961,500.2498435,29
194729,728.7825204,496.1650527,29
194733,729.0963648,497.1300229,29
194736,729.2735717,501.857934,29
194739,728.7225276,496.7512421,29
194743,731.3932543,496.0826764,29
194746,732.1624543,498.3317472,29
194749,729.368217,498.6266155,29
194752,729.2291905,499.8241301,29
194756,727.5975002,498.5662465,29
194759,726.5025428,495.292401,29
194763,724.1926191,502.2617903,29
194766,725.6097072,498.8013667,29
194769,726.3735629,501.2756689,29
194773,729.0372204,498.128547,29
194776,727.6954969,502.152701,29
194779,725.4006941,497.497802,29
194783,726.7441402,498.2746103,29
194786,727.4008552,499.6096756,29
194789,731.0845004,499.7377959,29
194793,729.9541106,501.1524198,29
194796,729.4630769,496.1482191,29
194799,726.814939,496.1337396,29
194803,728.3203582,501.1762844,29
194806,727.3771632,503.0494804,29
194809,726.6183745,495.5693288,29
194813,730.2854924,504.6390923,29
194816,725.2877952,500.2300459,29
194819,728.4736144,508.5174028,29
194823,729.8975731,513.3275379,29
194826,728.6632458,508.2286764,29
194829,726.4511861,517.0426744,29
194833,NaN,NaN,29
194836,NaN,NaN,29
194839,NaN,NaN,29
194843,NaN,NaN,29
194846,NaN,NaN,29
194849,NaN,NaN,29
194853,NaN,NaN,29
194856,NaN,NaN,29
194859,NaN,NaN,29
194863,NaN,NaN,29
194866,NaN,NaN,29
194869,NaN,NaN,29
194873,NaN,NaN,29
194876,NaN,NaN,29
194879,NaN,NaN,29
194883,NaN,NaN,29
194886,NaN,NaN,29
194889,NaN,NaN,29
194893,NaN,NaN,29
194896,NaN,NaN,29
194899,NaN,NaN,29
194903,NaN,NaN,29
194906,NaN,NaN,29
194909,NaN,NaN,29
194913,NaN,NaN,29
194916,NaN,NaN,29
194919,NaN,NaN,29
194922,NaN,NaN,29
194926,NaN,NaN,29
194929,NaN,NaN,29
194933,NaN,NaN,29
194936,NaN,NaN,29
194939,NaN,NaN,29
194943,NaN,NaN,29
194946,NaN,NaN,29
194949,NaN,NaN,29
194953,NaN,NaN,29
194956,NaN,NaN,29
194959,NaN,NaN,29
194963,NaN,NaN,29
194966,NaN,NaN,29
194969,NaN,NaN,29
194973,NaN,NaN,29
194976,NaN,NaN,29
194979,NaN,NaN,29
194983,NaN,NaN,29
194986,NaN,NaN,29
194989,953.4478996,1054.452099,29
194992,NaN,NaN,29
194996,NaN,NaN,29
194999,NaN,NaN,29
195003,941.4914719,982.4309291,29
195006,931.701306,984.0271285,29
195009,947.156123,964.5883904,29
195013,945.2218464,945.7329227,29
195016,945.8442193,932.6030867,29
195019,944.8541518,931.8101969,29
195022,935.4681964,928.5839083,29
195026,932.6338494,913.873806,29
195029,932.6041593,905.2575358,29
195033,931.9929954,907.5247916,29
195036,NaN,NaN,29
195039,NaN,NaN,29
195043,923.2016138,891.4477771,29
195046,NaN,NaN,29
195049,NaN,NaN,29
195052,NaN,NaN,29
195056,NaN,NaN,29
195059,NaN,NaN,29
195062,NaN,NaN,29
195066,NaN,NaN,29
195069,NaN,NaN,29
195073,NaN,NaN,29
195076,NaN,NaN,29
195079,NaN,NaN,29
195083,NaN,NaN,29
195086,NaN,NaN,29
195089,NaN,NaN,29
195092,NaN,NaN,29
195096,NaN,NaN,29
195099,NaN,NaN,29
195102,NaN,NaN,29
195106,NaN,NaN,29
195109,NaN,NaN,29
195112,NaN,NaN,29
195116,NaN,NaN,29
195119,NaN,NaN,29
195123,NaN,NaN,29
195126,NaN,NaN,29
195129,NaN,NaN,29
195132,NaN,NaN,29
195136,NaN,NaN,29
195139,NaN,NaN,29
195142,NaN,NaN,29
195146,NaN,NaN,29
195149,NaN,NaN,29
195152,NaN,NaN,29
195156,NaN,NaN,29
195159,NaN,NaN,29
195162,NaN,NaN,29
195166,NaN,NaN,29
195169,NaN,NaN,29
195172,NaN,NaN,29
195176,NaN,NaN,29
195179,NaN,NaN,29
195182,NaN,NaN,29
195186,NaN,NaN,29
195189,NaN,NaN,29
195192,NaN,NaN,29
195196,NaN,NaN,29
195199,NaN,NaN,29
195202,NaN,NaN,29
195206,NaN,NaN,29
195209,1113.007026,600.7885553,29
195212,1133.049444,561.7722984,29
195216,1156.822093,545.2095073,29
195219,NaN,NaN,29
195222,NaN,NaN,29
195226,NaN,NaN,29
195229,NaN,NaN,29
195232,NaN,NaN,29
195236,NaN,NaN,29
195239,NaN,NaN,29
195242,NaN,NaN,29
195246,NaN,NaN,29
195249,NaN,NaN,29
195252,NaN,NaN,29
195256,NaN,NaN,29
195259,1184.94538,495.3548313,29
195262,NaN,NaN,29
195266,NaN,NaN,29
195269,NaN,NaN,29
195273,NaN,NaN,29
195276,NaN,NaN,29
195279,NaN,NaN,29
195282,1186.37224,512.8744431,29
195286,1187.883967,501.9662697,29
195289,1182.760927,510.1726297,29
195292,1175.671474,501.6212713,29
195296,NaN,NaN,29
195299,NaN,NaN,29
195302,NaN,NaN,29
195306,NaN,NaN,29
195309,NaN,NaN,29
195312,NaN,NaN,29
195316,NaN,NaN,29
195319,NaN,NaN,29
195322,NaN,NaN,29
195326,NaN,NaN,29
195329,NaN,NaN,29
195332,NaN,NaN,29
195336,NaN,NaN,29
195339,NaN,NaN,29
195342,NaN,NaN,29
195346,NaN,NaN,29
195349,1184.240843,509.4973971,29
195352,1184.910086,507.5703076,29
195356,1188.752307,502.5712038,29
195359,1187.476577,506.4628381,29
195362,1188.319458,500.6475709,29
195366,1186.961511,511.6741652,29
195369,1191.552028,504.5870905,29
195373,1186.35137,502.4915377,29
195376,1185.512545,508.716431,29
195379,1186.692068,510.4720378,29
195382,1186.193929,509.7668242,29
195386,1189.72437,509.6342474,29
195389,1186.884445,513.2206816,29
195392,1184.635798,510.8995633,29
195396,1186.483112,511.3198489,29
195399,1185.669695,509.9413277,29
195402,1186.08049,504.8340942,29
195406,1185.81452,509.6692004,29
195409,1187.786516,510.4950495,29
195412,1182.751532,509.4232238,29
195416,NaN,NaN,29
195419,NaN,NaN,29
195422,NaN,NaN,29
195426,NaN,NaN,29
195429,NaN,NaN,29
195432,NaN,NaN,29
195436,NaN,NaN,29
195439,NaN,NaN,29
195442,NaN,NaN,29
195446,NaN,NaN,29
195449,NaN,NaN,29
195452,1190.080063,513.9837105,29
195456,1187.724573,502.7988518,29
195459,1184.195177,502.3166362,29
195462,1185.421177,506.5800602,29
195466,1191.190645,503.3592568,29
195469,1187.753831,509.7256222,29
195472,1189.883631,508.7365215,29
195476,1185.510645,510.8062231,29
195479,1184.705946,508.9472593,29
195482,1189.678833,502.6973223,29
195486,1190.342677,502.1631609,29
195489,1184.867975,502.9582482,29
195492,NaN,NaN,29
195496,NaN,NaN,29
195499,NaN,NaN,29
195502,NaN,NaN,29
195506,NaN,NaN,29
195509,NaN,NaN,29
195512,NaN,NaN,29
195516,NaN,NaN,29
195519,NaN,NaN,29
195522,NaN,NaN,29
195526,NaN,NaN,29
195529,1191.229218,505.829478,29
195532,1187.163119,509.2282538,29
195536,1185.476633,512.1540708,29
195539,1184.854546,505.9058068,29
195542,1183.640152,512.1511948,29
195546,1183.594164,509.3942807,29
195549,1190.308615,517.0158581,29
195552,1189.47214,514.7707149,29
195556,1185.009164,509.5762672,29
195559,1185.053087,515.8608606,29
195562,1186.422983,507.6585736,29
195566,1202.168187,515.1886403,29
195569,1233.74659,506.3462298,29
195572,1273.370089,499.4468597,29
195576,1321.903894,505.4769969,29
195579,1366.171268,498.8849158,29
195582,NaN,NaN,29
195586,NaN,NaN,29
195589,NaN,NaN,29
195592,NaN,NaN,29
195596,NaN,NaN,29
195599,NaN,NaN,29
195602,NaN,NaN,29
195606,NaN,NaN,29
195609,NaN,NaN,29
195612,NaN,NaN,29
195616,NaN,NaN,29
195619,NaN,NaN,29
195622,NaN,NaN,29
195626,NaN,NaN,29
195629,NaN,NaN,29
195632,NaN,NaN,29
195636,NaN,NaN,29
195639,NaN,NaN,29
195642,NaN,NaN,29
195646,NaN,NaN,29
195649,NaN,NaN,29
195652,NaN,NaN,29
195656,NaN,NaN,29
195659,NaN,NaN,29
195662,NaN,NaN,29
195666,NaN,NaN,29
195669,NaN,NaN,29
195672,NaN,NaN,29
195676,NaN,NaN,29
195679,NaN,NaN,29
195682,NaN,NaN,29
195686,NaN,NaN,29
195689,NaN,NaN,29
195692,NaN,NaN,29
195696,NaN,NaN,29
195699,NaN,NaN,29
195702,NaN,NaN,29
195706,NaN,NaN,29
195709,NaN,NaN,29
195712,NaN,NaN,29
195716,NaN,NaN,29
195719,NaN,NaN,29
195722,NaN,NaN,29
195726,NaN,NaN,29
195729,NaN,NaN,29
195732,NaN,NaN,29
195736,NaN,NaN,29
195739,NaN,NaN,29
195742,NaN,NaN,29
195746,NaN,NaN,29
195749,NaN,NaN,29
195752,NaN,NaN,29
195756,NaN,NaN,29
195759,NaN,NaN,29
195762,NaN,NaN,29
195766,NaN,NaN,29
195769,NaN,NaN,29
195772,NaN,NaN,29
195776,NaN,NaN,29
195779,NaN,NaN,29
195782,NaN,NaN,29
195786,NaN,NaN,29
195789,NaN,NaN,29
195792,NaN,NaN,29
195796,NaN,NaN,29
195799,NaN,NaN,29
195802,NaN,NaN,29
195806,NaN,NaN,29
195809,NaN,NaN,29
195812,NaN,NaN,29
195816,NaN,NaN,29
195819,NaN,NaN,29
195822,NaN,NaN,29
195826,NaN,NaN,29
195829,NaN,NaN,29
195832,NaN,NaN,29
195836,NaN,NaN,29
195839,NaN,NaN,29
195842,NaN,NaN,29
195846,NaN,NaN,29
195849,NaN,NaN,29
195852,NaN,NaN,29
195856,NaN,NaN,29
195859,NaN,NaN,29
195862,NaN,NaN,29
195866,NaN,NaN,29
195869,NaN,NaN,29
195872,NaN,NaN,29
195876,NaN,NaN,29
195879,NaN,NaN,29
195882,NaN,NaN,29
195886,NaN,NaN,29
195889,NaN,NaN,29
195892,NaN,NaN,29
195896,NaN,NaN,29
195899,NaN,NaN,29
195902,NaN,NaN,29
195906,NaN,NaN,29
195909,NaN,NaN,29
195912,NaN,NaN,29
195916,NaN,NaN,29
195919,NaN,NaN,29
195922,NaN,NaN,29
195926,NaN,NaN,29
195929,NaN,NaN,29
195932,NaN,NaN,29
195936,NaN,NaN,29
195939,NaN,NaN,29
195942,NaN,NaN,29
195946,NaN,NaN,29
195949,NaN,NaN,29
195952,NaN,NaN,29
195956,NaN,NaN,29
195959,NaN,NaN,29
195962,NaN,NaN,29
195966,NaN,NaN,29
195969,NaN,NaN,29
195972,NaN,NaN,29
195976,NaN,NaN,29
195979,NaN,NaN,29
195982,NaN,NaN,29
195986,NaN,NaN,29
195989,NaN,NaN,29
195992,NaN,NaN,29
195996,NaN,NaN,29
195999,NaN,NaN,29
196002,NaN,NaN,29
196006,NaN,NaN,29
196009,NaN,NaN,29
196012,NaN,NaN,29
196016,NaN,NaN,29
196019,NaN,NaN,29
196022,NaN,NaN,29
196026,NaN,NaN,29
196029,NaN,NaN,29
196032,NaN,NaN,29
196036,NaN,NaN,29
196039,NaN,NaN,29
196042,NaN,NaN,29
196046,NaN,NaN,29
196049,NaN,NaN,29
196052,NaN,NaN,29
196056,NaN,NaN,29
196059,NaN,NaN,29
196062,NaN,NaN,29
196066,NaN,NaN,29
196069,NaN,NaN,29
196072,NaN,NaN,29
196076,NaN,NaN,29
196079,NaN,NaN,29
196082,NaN,NaN,29
196086,NaN,NaN,29
196089,NaN,NaN,29
196092,NaN,NaN,29
196096,NaN,NaN,29
196099,NaN,NaN,29
196102,NaN,NaN,29
196106,NaN,NaN,29
196109,NaN,NaN,29
196112,NaN,NaN,29
196116,NaN,NaN,29
196119,NaN,NaN,29
196122,NaN,NaN,29
196126,NaN,NaN,29
196129,NaN,NaN,29
196132,NaN,NaN,29
196136,NaN,NaN,29
196139,NaN,NaN,29
196142,NaN,NaN,29
196146,NaN,NaN,29
196149,NaN,NaN,29
196152,NaN,NaN,29
196156,NaN,NaN,29
196159,NaN,NaN,29
196162,NaN,NaN,29
196166,NaN,NaN,29
196169,NaN,NaN,29
196172,NaN,NaN,29
196176,NaN,NaN,29
196179,NaN,NaN,29
196182,NaN,NaN,29
196186,NaN,NaN,29
196189,NaN,NaN,29
196192,NaN,NaN,29
196196,NaN,NaN,29
196199,NaN,NaN,29
196202,NaN,NaN,29
196206,NaN,NaN,29
196209,NaN,NaN,29
196212,NaN,NaN,29
196216,NaN,NaN,29
196219,NaN,NaN,29
196222,NaN,NaN,29
196226,NaN,NaN,29
196229,NaN,NaN,29
196232,NaN,NaN,29
196236,NaN,NaN,29
196239,NaN,NaN,29
196242,NaN,NaN,29
196246,NaN,NaN,29
196249,NaN,NaN,29
196252,NaN,NaN,29
196256,NaN,NaN,29
196259,NaN,NaN,29
196262,NaN,NaN,29
196266,NaN,NaN,29
196269,NaN,NaN,29
196272,NaN,NaN,29
196276,NaN,NaN,29
196279,NaN,NaN,29
196282,NaN,NaN,29
196286,NaN,NaN,29
196289,NaN,NaN,29
196292,NaN,NaN,29
196296,NaN,NaN,29
196299,NaN,NaN,29
196302,NaN,NaN,29
196306,NaN,NaN,29
196309,NaN,NaN,29
196312,NaN,NaN,29
196316,NaN,NaN,29
196319,NaN,NaN,29
196322,NaN,NaN,29
196326,NaN,NaN,29
196329,NaN,NaN,29
196332,NaN,NaN,29
196336,NaN,NaN,29
196339,NaN,NaN,29
196342,NaN,NaN,29
196346,NaN,NaN,29
200035,1044.617443,677.2369146,30
200038,1044.274497,688.781228,30
200042,1047.666861,680.8124814,30
200045,1044.768995,680.2358242,30
200048,NaN,NaN,30
200052,NaN,NaN,30
200055,NaN,NaN,30
200058,NaN,NaN,30
200062,NaN,NaN,30
200065,NaN,NaN,30
200068,1044.893319,674.7606362,30
200072,1047.12786,684.51019,30
200075,1043.439127,668.3935178,30
200078,1044.825462,680.5982153,30
200082,1040.498934,662.1551651,30
200085,NaN,NaN,30
200088,NaN,NaN,30
200092,NaN,NaN,30
200095,NaN,NaN,30
200098,NaN,NaN,30
200102,NaN,NaN,30
200105,1040.989531,673.6480161,30
200108,1043.019444,687.1739221,30
200112,1049.193752,680.1674386,30
200115,1050.149292,689.056617,30
200118,NaN,NaN,30
200122,NaN,NaN,30
200125,NaN,NaN,30
200128,NaN,NaN,30
200132,NaN,NaN,30
200135,NaN,NaN,30
200138,NaN,NaN,30
200142,1042.96693,682.2812497,30
200145,1041.382254,683.2186249,30
200148,1040.451343,681.4475797,30
200152,1040.678141,684.2365727,30
200155,1043.990325,679.175873,30
200158,NaN,NaN,30
200162,NaN,NaN,30
200165,NaN,NaN,30
200168,NaN,NaN,30
200172,1042.33888,681.4954526,30
200175,1039.341037,675.1738554,30
200178,1047.199644,683.9910885,30
200182,1041.94688,678.040515,30
200185,1041.328041,682.9817479,30
200188,1041.690106,678.6833195,30
200192,1043.851048,679.9615164,30
200195,NaN,NaN,30
200198,NaN,NaN,30
200202,NaN,NaN,30
200205,NaN,NaN,30
200208,NaN,NaN,30
200212,NaN,NaN,30
200215,NaN,NaN,30
200218,927.3913708,644.7522939,30
200222,898.9611441,619.2073876,30
200225,868.0858984,613.5841901,30
200228,859.0052985,594.1399039,30
200232,844.8603946,581.0327299,30
200235,NaN,NaN,30
200238,NaN,NaN,30
200242,NaN,NaN,30
200245,NaN,NaN,30
200248,NaN,NaN,30
200252,NaN,NaN,30
200255,807.9715364,557.3133304,30
200258,806.2038445,554.1095064,30
200262,802.511861,556.8220033,30
200265,800.5665276,558.4031098,30
200268,794.7388686,542.685392,30
200272,796.6499881,546.299365,30
200275,796.8789684,545.7869159,30
200278,790.7885891,550.8641695,30
200282,796.0498683,547.5304183,30
200285,795.7237404,548.6310146,30
200288,796.8959716,551.9590404,30
200292,800.5480294,554.5733243,30
200295,803.9669704,547.1200856,30
200298,801.4077845,546.119657,30
200302,798.3655973,545.8766909,30
200305,801.3850356,545.4461801,30
200308,802.0242564,546.679359,30
200312,803.3351168,545.9905149,30
200315,803.2698009,543.8527799,30
200318,805.8002965,543.5195861,30
200322,801.2803791,550.1182052,30
200325,802.3533513,550.6179001,30
200328,800.5355847,550.1038576,30
200332,803.5611838,547.3295131,30
200335,801.3742893,542.9267209,30
200338,805.9867828,552.977238,30
200342,803.4035686,556.926404,30
200345,803.9676406,549.6516115,30
200348,801.6715689,551.1039331,30
200352,800.2803116,543.4706414,30
200355,804.0003747,548.3825827,30
200358,798.9848414,548.38914,30
200362,809.783718,546.8099259,30
200365,802.7672327,545.9715194,30
200368,802.7781676,548.8231596,30
200372,801.2196245,553.0976839,30
200375,801.3320528,549.7361123,30
200378,802.2131014,546.4441045,30
200382,803.6802287,542.3969305,30
200385,802.6804297,547.8897169,30
200388,805.2933675,549.5817233,30
200392,804.1867729,556.3611679,30
200395,802.6058303,554.6254982,30
200398,804.8433771,553.4154823,30
200402,800.4193426,549.3910099,30
200405,805.8149906,550.9814731,30
200408,804.7166664,549.5133427,30
200412,801.2491288,557.6141577,30
200415,802.0541238,554.0259345,30
200418,803.0717649,555.465416,30
200422,802.2837872,552.8969663,30
200425,805.5497152,555.2643143,30
200428,803.5115761,555.4570609,30
200432,800.0135899,555.2195491,30
200435,804.6504554,548.5170546,30
200438,804.0171337,549.056615,30
200442,801.1062586,558.1361387,30
200445,802.2971487,553.0383982,30
200448,802.0330795,554.7312284,30
200452,803.3583766,548.6226044,30
200455,803.4998073,556.6481618,30
200458,798.4924198,555.2648454,30
200462,804.4461093,541.6531156,30
200465,801.1878436,544.876671,30
200468,804.1691787,549.47754,30
200472,800.8446761,554.3976834,30
200475,800.5144345,550.108391,30
200478,798.6294462,556.1569199,30
200482,802.3267609,556.5980916,30
200485,800.0005885,546.2791245,30
200488,801.9374063,548.3067713,30
200492,797.1971861,555.8336207,30
200495,799.530342,542.6789722,30
200498,803.7902794,537.1025335,30
200502,802.0381713,542.3578579,30
200505,805.0538889,545.9135172,30
200508,808.0379625,540.2028471,30
200512,801.8075427,543.1424631,30
200515,801.3520604,547.8540311,30
200518,803.7902127,547.5777118,30
200522,804.2406658,537.5588661,30
200525,804.7980329,547.123026,30
200528,803.1726079,539.4051524,30
200532,802.7776877,544.0456238,30
200535,801.8978796,551.7762039,30
200538,798.1933276,550.313011,30
200542,803.2227482,550.1431478,30
200545,798.3369905,554.8336411,30
200548,799.7634204,558.6166415,30
200552,NaN,NaN,30
200555,NaN,NaN,30
200558,795.4115091,553.2309596,30
200562,800.6951652,547.204823,30
200565,794.5353652,552.3579285,30
200568,795.8651602,550.0080288,30
200572,798.6272031,552.3102026,30
200575,798.8671927,559.3878827,30
200578,799.3433592,547.0872378,30
200582,799.575031,547.7390328,30
200585,799.1842968,548.2995685,30
200588,797.6146475,550.9314935,30
200592,795.2522027,549.3443643,30
200595,798.7101807,556.9359663,30
200598,797.2926105,547.6444971,30
200602,796.0074234,548.6267642,30
200605,792.5268012,549.1645839,30
200608,796.4227044,549.1647809,30
200612,796.2189023,551.1389789,30
200615,795.6525634,541.1483428,30
200618,792.6120192,550.3650702,30
200622,796.2612461,552.5317605,30
200625,808.5526109,546.1719976,30
200628,840.7773722,549.0824813,30
200632,894.5865638,553.838284,30
200635,927.0936844,527.1980463,30
200638,NaN,NaN,30
200642,NaN,NaN,30
200645,NaN,NaN,30
200648,NaN,NaN,30
200652,NaN,NaN,30
200655,NaN,NaN,30
200658,NaN,NaN,30
200662,1173.69853,513.8990714,30
200665,1159.915299,513.8682667,30
200668,1150.020396,515.7125828,30
200672,1132.230422,518.74527,30
200675,1128.879482,511.515767,30
200678,1146.39168,508.6881445,30
200682,1151.51391,511.3608865,30
200685,1157.34993,514.8535365,30
200688,1163.228579,508.4315521,30
200692,1161.375172,511.6740408,30
200695,1156.832661,507.9213043,30
200698,1153.887438,516.3042596,30
200702,1157.131249,511.3989505,30
200705,1156.5835,512.5068684,30
200708,1149.90438,521.1708246,30
200712,1147.852852,516.2132825,30
200715,1151.939994,513.6679703,30
200718,1157.078403,523.8763507,30
200722,NaN,NaN,30
200725,NaN,NaN,30
200728,NaN,NaN,30
200732,NaN,NaN,30
200735,NaN,NaN,30
200738,NaN,NaN,30
200742,NaN,NaN,30
200745,NaN,NaN,30
200748,NaN,NaN,30
200752,NaN,NaN,30
200755,NaN,NaN,30
200758,1147.626065,507.5885083,30
200762,1148.794741,513.9847875,30
200765,1144.828991,512.3981552,30
200768,1148.692905,513.4367196,30
200772,1153.199937,514.1802726,30
200775,1148.309818,515.0309416,30
200778,1155.275407,521.8604358,30
200782,NaN,NaN,30
200785,NaN,NaN,30
200788,NaN,NaN,30
200792,NaN,NaN,30
200795,NaN,NaN,30
200798,NaN,NaN,30
200802,NaN,NaN,30
200805,1148.1034,509.5371601,30
200808,1157.997152,524.3845625,30
200812,1155.204053,525.5632959,30
200815,1156.888377,521.3139443,30
200818,NaN,NaN,30
200822,NaN,NaN,30
200825,NaN,NaN,30
200828,NaN,NaN,30
200832,NaN,NaN,30
200835,NaN,NaN,30
200838,NaN,NaN,30
200842,1146.960412,509.5031696,30
200845,1144.464989,500.5762418,30
200848,1150.877347,503.9943415,30
200852,1154.549915,523.442431,30
200855,NaN,NaN,30
200858,NaN,NaN,30
200862,NaN,NaN,30
200865,NaN,NaN,30
200868,NaN,NaN,30
200872,NaN,NaN,30
200875,NaN,NaN,30
200878,1155.747649,524.99267,30
200882,1152.682787,523.706355,30
200885,1150.351525,517.227712,30
200888,1152.812378,518.0792812,30
200892,NaN,NaN,30
200895,NaN,NaN,30
200898,NaN,NaN,30
200902,NaN,NaN,30
200905,NaN,NaN,30
200908,NaN,NaN,30
200912,NaN,NaN,30
200915,1155.541871,526.5314441,30
200918,1151.301028,522.8047071,30
200922,1155.145373,520.7703854,30
200925,1155.907487,519.4530124,30
200928,NaN,NaN,30
200932,NaN,NaN,30
200935,NaN,NaN,30
200938,NaN,NaN,30
200942,NaN,NaN,30
200945,NaN,NaN,30
200948,NaN,NaN,30
200952,1152.710478,522.5952461,30
200955,1150.86062,522.6172579,30
200958,1154.044743,525.0742385,30
200962,1153.305492,517.6002185,30
200965,NaN,NaN,30
200968,NaN,NaN,30
200972,NaN,NaN,30
200975,NaN,NaN,30
200978,NaN,NaN,30
200982,NaN,NaN,30
200985,NaN,NaN,30
200988,1152.940623,525.7334912,30
200992,1153.708038,525.9942158,30
200995,1145.161512,507.7899684,30
200998,1143.679974,502.808605,30
201002,NaN,NaN,30
201005,NaN,NaN,30
201008,NaN,NaN,30
201012,NaN,NaN,30
201015,NaN,NaN,30
201018,NaN,NaN,30
201022,NaN,NaN,30
201025,1143.969924,512.6640165,30
201028,1142.2586,507.2242617,30
201032,1154.725398,522.0923179,30
201035,1152.6483,524.5739512,30
201038,NaN,NaN,30
201042,NaN,NaN,30
201045,NaN,NaN,30
201048,NaN,NaN,30
201052,NaN,NaN,30
201055,NaN,NaN,30
201058,NaN,NaN,30
201062,1154.732292,519.0066016,30
201065,1154.157905,526.2902798,30
201068,1152.980727,522.7091899,30
201072,1145.318271,503.6122377,30
201075,1153.335043,524.0652353,30
201078,NaN,NaN,30
201082,NaN,NaN,30
201085,NaN,NaN,30
201088,NaN,NaN,30
201092,NaN,NaN,30
201095,NaN,NaN,30
201098,NaN,NaN,30
204788,NaN,NaN,31
204791,NaN,NaN,31
204794,NaN,NaN,31
204798,NaN,NaN,31
204801,NaN,NaN,31
204804,NaN,NaN,31
204808,NaN,NaN,31
204811,859.702859,1003.104948,31
204815,861.5094431,1004.065101,31
204818,863.3538828,1001.067524,31
204821,862.926752,998.1116354,31
204824,NaN,NaN,31
204828,NaN,NaN,31
204831,NaN,NaN,31
204834,NaN,NaN,31
204838,NaN,NaN,31
204841,NaN,NaN,31
204844,NaN,NaN,31
204848,862.6437109,1000.659813,31
204851,858.5343677,1001.184626,31
204854,858.1281679,999.3354169,31
204858,861.401222,1001.984614,31
204861,NaN,NaN,31
204864,NaN,NaN,31
204868,NaN,NaN,31
204871,NaN,NaN,31
204874,NaN,NaN,31
204878,NaN,NaN,31
204881,NaN,NaN,31
204884,864.2239482,999.3862529,31
204888,861.0114982,999.0743367,31
204891,863.5641668,997.2046362,31
204894,863.3461665,1000.40227,31
204898,NaN,NaN,31
204901,NaN,NaN,31
204904,NaN,NaN,31
204908,NaN,NaN,31
204911,NaN,NaN,31
204914,NaN,NaN,31
204918,NaN,NaN,31
204921,864.3575567,1001.171187,31
204924,865.1497595,1002.182383,31
204928,865.0780964,1000.663379,31
204931,866.1095724,996.4944242,31
204934,NaN,NaN,31
204938,NaN,NaN,31
204941,NaN,NaN,31
204944,NaN,NaN,31
204948,NaN,NaN,31
204951,NaN,NaN,31
204954,NaN,NaN,31
204958,865.2751158,999.7568198,31
204961,862.2064475,1002.411749,31
204964,859.9034492,1000.248731,31
204968,867.926171,1001.935559,31
204971,NaN,NaN,31
204974,NaN,NaN,31
204978,NaN,NaN,31
204981,NaN,NaN,31
204984,NaN,NaN,31
204988,NaN,NaN,31
204991,NaN,NaN,31
204994,957.1197408,907.2483669,31
204998,962.2001556,899.0628899,31
205001,958.3844707,899.3906056,31
205004,958.4098721,903.1895504,31
205008,NaN,NaN,31
205011,NaN,NaN,31
205014,NaN,NaN,31
205018,NaN,NaN,31
205021,NaN,NaN,31
205024,964.0162322,904.7256002,31
205028,NaN,NaN,31
205031,NaN,NaN,31
205034,NaN,NaN,31
205038,NaN,NaN,31
205041,NaN,NaN,31
205044,NaN,NaN,31
205048,NaN,NaN,31
205051,NaN,NaN,31
205054,964.5438756,902.938918,31
205058,NaN,NaN,31
205061,NaN,NaN,31
205064,NaN,NaN,31
205068,NaN,NaN,31
205071,NaN,NaN,31
205074,NaN,NaN,31
205078,964.7842057,905.622528,31
205081,960.9426671,905.942939,31
205084,NaN,NaN,31
205088,NaN,NaN,31
205091,966.9828595,902.5446232,31
205094,958.2928737,905.7884096,31
205098,965.5816426,908.4286461,31
205101,966.8813199,908.8541224,31
205104,969.0062616,904.4962298,31
205108,964.9666269,904.6429056,31
205111,NaN,NaN,31
205114,NaN,NaN,31
205118,NaN,NaN,31
205121,NaN,NaN,31
205124,NaN,NaN,31
205128,NaN,NaN,31
205131,NaN,NaN,31
205134,NaN,NaN,31
205138,NaN,NaN,31
205141,NaN,NaN,31
205144,NaN,NaN,31
205148,NaN,NaN,31
205151,966.1400843,912.0568302,31
205154,NaN,NaN,31
205158,NaN,NaN,31
205161,NaN,NaN,31
205164,NaN,NaN,31
205168,NaN,NaN,31
205171,NaN,NaN,31
205174,NaN,NaN,31
205178,NaN,NaN,31
205181,NaN,NaN,31
205184,NaN,NaN,31
205188,NaN,NaN,31
205191,NaN,NaN,31
205194,NaN,NaN,31
205198,NaN,NaN,31
205201,833.0835784,749.5848342,31
205204,825.1502514,730.3711621,31
205208,817.0304029,697.9169227,31
205211,818.7861151,666.2450214,31
205214,818.551332,634.0223023,31
205218,812.9826223,595.1204174,31
205221,809.1122415,577.2175977,31
205224,808.4124543,561.7590139,31
205228,817.601762,555.3286734,31
205231,823.0227414,532.6034214,31
205234,824.8540546,521.0274834,31
205238,824.4334214,520.483122,31
205241,813.9334313,522.3247488,31
205244,810.3065636,535.5112164,31
205248,807.9179199,540.7721984,31
205251,807.297395,532.8644845,31
205254,808.0744484,529.309081,31
205258,811.0626778,520.399844,31
205261,809.5620854,523.2248169,31
205264,814.7372056,515.9838832,31
205268,815.368956,510.3788121,31
205271,815.5065233,525.548441,31
205274,818.0301581,526.2613904,31
205278,813.4040613,523.5032632,31
205281,810.6583224,528.1114312,31
205284,813.3456313,518.7438785,31
205288,813.5381343,525.7743058,31
205291,813.7600199,526.5083203,31
205294,815.1026978,521.4105873,31
205298,811.9350814,522.5219443,31
205301,815.0541155,525.1943066,31
205304,813.4241589,526.7350581,31
205308,816.1079393,519.6956383,31
205311,818.3876927,522.3896749,31
205314,809.7496777,515.9246766,31
205318,808.4554265,517.0699312,31
205321,808.2804713,513.3945384,31
205324,813.250068,519.245059,31
205328,813.1669039,525.3985979,31
205331,811.6622076,521.6370732,31
205334,812.1172127,512.0737609,31
205338,809.9285358,523.3212223,31
205341,815.8275973,520.7444736,31
205344,807.7134959,515.7303507,31
205348,811.3302827,525.0729197,31
205351,812.9613306,525.06819,31
205354,813.2637912,521.8033846,31
205358,810.7644798,529.0320604,31
205361,812.0690341,519.7512151,31
205364,NaN,NaN,31
205368,NaN,NaN,31
205371,813.0774724,524.6984678,31
205374,808.416663,528.7309763,31
205378,810.581985,522.5074445,31
205381,812.8715891,522.0929147,31
205384,811.422449,524.0474856,31
205388,810.3081056,524.9801834,31
205391,811.7612686,512.9395049,31
205394,813.1876262,515.952586,31
205398,814.7138862,516.6670857,31
205401,811.2589977,525.1211002,31
205404,814.7197711,527.1573663,31
205408,811.6444579,517.8871773,31
205411,811.585255,525.7658317,31
205414,811.7274093,518.1887221,31
205418,807.1409476,524.3673654,31
205421,809.5817156,527.7894358,31
205424,807.3992575,521.5162553,31
205428,809.7528969,516.3323721,31
205431,806.6594913,520.2475158,31
205434,809.8177626,530.9746262,31
205438,814.0380886,520.3070751,31
205441,809.5464194,526.1288122,31
205444,811.4118483,512.4798128,31
205448,812.2087163,526.9205853,31
205451,813.5438489,527.1628922,31
205454,809.2022392,518.2183086,31
205458,808.6544853,523.7673905,31
205461,813.0953975,525.0503459,31
205464,809.3808771,524.2495277,31
205468,811.1004546,513.9351928,31
205471,810.4464501,515.1910528,31
205474,807.8838051,521.9051363,31
205478,811.4377849,524.9890569,31
205481,814.763685,520.4539274,31
205484,810.9908427,519.292294,31
205488,809.0247954,525.3034818,31
205491,813.8341021,518.0572584,31
205494,812.2480565,522.9280472,31
205498,815.2142481,531.2752449,31
205501,792.0931684,516.5050614,31
205504,776.2000954,521.133325,31
205508,755.0347876,513.7245298,31
205511,741.8263199,504.4092224,31
205514,740.906712,503.6426549,31
205518,746.6685482,501.6972205,31
205521,756.7324878,500.9439242,31
205524,768.3106958,493.4289999,31
205528,766.1314062,507.3013868,31
205531,763.9551879,508.2042887,31
205534,760.024483,508.6300253,31
205538,757.1384744,505.3261051,31
205541,757.0760914,508.8112247,31
205544,754.7038694,510.9616124,31
205548,753.4932893,504.1625642,31
205551,756.9580473,504.3417548,31
205554,758.5584194,505.5551874,31
205558,757.5154679,504.1067007,31
205561,757.3470373,507.7176027,31
205564,756.6249804,507.7066156,31
205568,758.9453951,503.718506,31
205571,755.2653096,504.686861,31
205574,756.2487603,509.2671055,31
205578,755.7280248,501.1615406,31
205581,758.2787747,501.7141689,31
205584,753.9628543,508.939024,31
205588,761.8805764,505.397013,31
205591,758.2567534,507.9610467,31
205594,756.5755719,503.6315511,31
205598,754.3189708,508.0602576,31
205601,757.5038915,506.8309038,31
205604,755.1876928,505.1380734,31
205608,757.0412166,506.9458243,31
205611,754.6535222,501.0535136,31
205614,758.5236268,500.538351,31
205618,757.8433744,497.9412497,31
205621,756.8578913,504.3904869,31
205624,759.4363696,510.2576151,31
205628,758.6424515,501.6417041,31
205631,760.0086168,511.4776545,31
205634,758.7261605,503.6581442,31
205638,759.6959795,511.5991073,31
205641,757.3277055,505.3925971,31
205644,757.35444,507.9308351,31
205648,755.2006298,508.1823336,31
205651,760.1601218,503.0569372,31
205654,754.0363369,504.9113265,31
205658,754.7699601,507.0078282,31
205661,758.4364373,507.5639101,31
205664,753.7783019,501.3633677,31
205668,758.7346001,503.7315362,31
205671,757.9659431,501.1816315,31
205674,756.289621,509.293218,31
205678,758.1415382,509.7215034,31
205681,758.4836689,501.3902103,31
205684,756.6959691,503.8088945,31
205688,753.811262,504.7819117,31
205691,757.8469331,502.8005255,31
205694,754.2737564,506.9193774,31
205698,756.1185445,507.1577665,31
205701,760.1894131,505.1255572,31
205704,753.4856067,505.007279,31
205708,754.8998618,501.7733269,31
205711,755.6429492,497.8152188,31
205714,754.4729672,511.8680467,31
205718,757.2225055,506.666515,31
205721,756.7836143,507.446438,31
205724,757.3398302,506.5650632,31
205728,757.3579246,505.5224851,31
205731,754.431682,507.5061003,31
205734,756.7811611,506.2801559,31
205738,755.9055533,504.3807248,31
205741,756.8691598,508.4966401,31
205744,752.7167761,506.996821,31
205748,756.6887875,503.9038778,31
205751,754.6201325,505.5610607,31
205754,755.7924106,506.5530506,31
205758,758.4012072,505.7913579,31
205761,753.6130579,505.819485,31
205764,757.3142603,511.2947069,31
205768,755.3231716,500.3293989,31
205771,758.1483981,509.8350874,31
205774,755.5999878,503.7857273,31
205778,755.5919975,509.3807777,31
205781,756.1327891,502.6779293,31
205784,760.7112442,511.8622545,31
205788,757.9392608,506.8285023,31
205791,755.1540186,506.2867153,31
205794,759.1280176,508.3038246,31
209454,NaN,NaN,32
209457,NaN,NaN,32
209460,NaN,NaN,32
209464,NaN,NaN,32
209467,978.4442177,934.3680763,32
209470,979.3908755,934.8093175,32
209474,975.5528604,936.2282541,32
209477,976.376171,939.5908277,32
209481,NaN,NaN,32
209484,NaN,NaN,32
209487,NaN,NaN,32
209491,NaN,NaN,32
209494,NaN,NaN,32
209497,NaN,NaN,32
209500,NaN,NaN,32
209504,979.2542009,935.6174569,32
209507,980.6503761,939.5312862,32
209510,982.1653433,933.810153,32
209514,983.0926992,928.8132385,32
209517,980.3624613,934.3485251,32
209520,NaN,NaN,32
209524,NaN,NaN,32
209527,NaN,NaN,32
209530,NaN,NaN,32
209534,NaN,NaN,32
209537,NaN,NaN,32
209540,981.5223758,940.579464,32
209544,979.1091819,938.135446,32
209547,974.7202484,940.114712,32
209551,976.3689526,941.1262073,32
209554,NaN,NaN,32
209557,NaN,NaN,32
209560,NaN,NaN,32
209564,980.7675995,937.4144918,32
209567,980.9463286,938.486121,32
209570,978.590424,936.4711141,32
209574,985.0799225,940.4353573,32
209577,980.0386714,933.9138722,32
209580,984.950965,937.4828482,32
209584,978.3664764,935.3236588,32
209587,973.3863904,936.7656046,32
209590,979.5597182,931.7423358,32
209594,978.7182956,937.5348223,32
209597,991.9046581,938.9131937,32
209600,977.6848419,939.0125568,32
209604,976.9127355,936.0883098,32
209607,976.3516139,932.426382,32
209610,977.0072287,938.5617524,32
209614,981.9435385,932.1615277,32
209617,974.8218134,935.0373559,32
209621,997.3625966,935.3771376,32
209624,979.9979544,934.1726684,32
209627,981.8256083,933.4713241,32
209630,979.1526989,939.4575341,32
209634,977.3139421,936.8089247,32
209637,985.8176105,934.6956525,32
209640,985.6398288,936.4851043,32
209644,982.0747632,935.4808674,32
209647,980.9873842,938.7076858,32
209650,975.2873792,935.7873094,32
209654,971.6721566,932.6125011,32
209657,939.1578151,928.4874069,32
209660,928.7870384,922.0346617,32
209664,929.85016,908.9136317,32
209667,932.2111322,907.4927631,32
209670,936.5037213,908.2587754,32
209674,935.3291964,911.4905477,32
209677,941.4706186,915.0011938,32
209680,943.6647987,912.9537844,32
209684,937.3866824,917.040728,32
209687,933.8461269,917.7351373,32
209690,936.4388477,916.777417,32
209694,NaN,NaN,32
209697,NaN,NaN,32
209700,NaN,NaN,32
209704,933.5923713,913.6021268,32
209707,NaN,NaN,32
209710,NaN,NaN,32
209714,931.4491314,915.260608,32
209717,933.618053,913.9310117,32
209720,926.8195142,911.608071,32
209724,933.8147329,907.8308408,32
209727,934.4706642,912.804796,32
209730,939.8581275,914.3140348,32
209734,933.7155605,916.1329845,32
209737,939.2812697,912.4865257,32
209740,935.5793511,907.5923578,32
209744,935.461917,884.8215436,32
209747,935.2627639,911.8025122,32
209750,936.8019455,914.1914662,32
209754,931.3594086,913.8219996,32
209757,935.1298637,912.879954,32
209760,931.8996615,909.3987033,32
209764,NaN,NaN,32
209767,NaN,NaN,32
209770,935.976402,910.7924882,32
209774,938.806337,908.8267373,32
209777,NaN,NaN,32
209780,NaN,NaN,32
209784,913.4897863,903.7940826,32
209787,NaN,NaN,32
209790,NaN,NaN,32
209794,795.681447,842.1052889,32
209797,764.5580018,806.022048,32
209800,737.1709642,778.7598899,32
209804,708.1673299,750.5238037,32
209807,678.8524716,721.8514001,32
209810,648.7557495,695.600953,32
209814,617.356465,659.1445358,32
209817,582.7385818,647.7185413,32
209820,562.3563847,616.8484497,32
209824,543.10921,597.9276227,32
209827,526.6271849,576.6333531,32
209830,521.1537592,565.2806519,32
209834,515.5392409,556.8212028,32
209837,516.009209,553.2852329,32
209840,518.1335482,550.1420767,32
209844,516.8765445,560.0129624,32
209847,518.4088755,558.9390936,32
209850,512.3918194,560.6474335,32
209854,508.1763624,556.5644283,32
209857,505.4851188,553.6217948,32
209860,509.912989,549.0688527,32
209864,510.9302528,546.3141261,32
209867,512.9867365,545.241327,32
209870,513.5224232,547.8843917,32
209874,515.0433619,548.8661116,32
209877,516.2340931,551.0238635,32
209880,513.246722,561.1244675,32
209884,515.1125633,550.7913319,32
209887,516.1797188,554.0208668,32
209890,514.6591385,554.9052301,32
209894,516.9259629,556.4881335,32
209897,508.2129218,549.4846251,32
209900,511.8801082,548.1342695,32
209904,512.0627913,550.4511668,32
209907,513.4026041,546.6387006,32
209910,514.1900006,552.5685559,32
209914,514.9064474,548.1734571,32
209917,513.7021375,551.9720844,32
209920,515.547771,549.7721299,32
209924,513.5626677,552.8842783,32
209927,513.7577509,553.6543483,32
209930,514.7109976,552.3647048,32
209934,513.7786469,550.9063255,32
209937,512.7548272,549.4596183,32
209940,514.7653765,546.1172632,32
209944,513.5239624,543.1583115,32
209947,515.6014008,542.9751779,32
209950,512.0756611,550.4633721,32
209954,515.5613269,544.0174065,32
209957,514.3450921,548.1990138,32
209960,511.0472215,554.21334,32
209964,496.5169223,547.8073938,32
209967,463.7380321,534.2484357,32
209970,428.8632162,514.0309442,32
209974,402.2220197,497.9673397,32
209977,385.1573284,480.991792,32
209980,379.4223467,476.3763652,32
209984,376.3786197,470.9297337,32
209987,382.9456247,475.458462,32
209990,386.7142553,475.6726729,32
209994,390.7637479,474.3398706,32
209997,394.6824371,480.7060529,32
210000,396.6396057,466.3191726,32
210004,386.8415478,465.3661245,32
210007,383.7272606,466.1610508,32
210010,380.3754489,450.2319123,32
210014,380.7254198,455.5990905,32
210017,379.4582422,447.2871463,32
210020,381.404958,449.9739581,32
210024,381.6277326,454.7512651,32
210027,384.1286238,450.030546,32
210030,384.5281568,450.5256693,32
210034,385.836791,455.1094757,32
210037,384.8614827,456.1481799,32
210040,385.3352436,454.95064,32
210044,388.1348398,458.1283317,32
210047,388.8319935,453.6715923,32
210050,384.5933547,464.3742306,32
210054,386.1016934,454.6971303,32
210057,390.5360995,456.0356817,32
210060,387.822651,453.6497117,32
210064,387.7949177,454.5550339,32
210067,383.5208071,455.7438831,32
210070,386.9435759,456.1688627,32
210074,385.6535691,457.7556577,32
210077,383.1938407,458.9775982,32
210080,385.0243257,453.8540996,32
210084,388.8045959,456.3568994,32
210087,389.7737701,455.2123287,32
210090,386.6928966,452.0345293,32
210094,387.3298655,458.357704,32
210097,384.6785067,454.0317413,32
210100,386.2309938,457.2558394,32
210104,389.6275293,453.4904224,32
210107,386.6978776,453.1169985,32
210110,388.4970358,451.0720429,32
210114,385.6953059,460.2706592,32
210117,383.1994539,451.1499146,32
210120,383.7305964,459.0420448,32
210124,388.3096496,456.1002811,32
210127,385.9074458,457.7637666,32
210130,385.2722208,456.8530712,32
210134,383.268849,455.7258142,32
210137,392.0859294,450.5521206,32
210140,387.5567129,448.3483475,32
210144,383.993105,454.0959492,32
210147,389.2324185,453.4925545,32
210150,385.9052209,451.1546301,32
210154,391.5482712,452.5632222,32
210157,380.6224851,458.3881515,32
210160,382.5123826,455.3859038,32
210164,386.1411271,454.9851828,32
210167,379.9441991,453.4172019,32
210170,384.6453928,451.1303986,32
210174,385.5680244,453.7691681,32
210177,386.2434785,459.4262608,32
210180,386.1082752,453.5989272,32
210184,389.0507246,455.067502,32
210187,384.097903,453.109936,32
210190,383.6949976,451.8399026,32
210194,382.557997,453.7342955,32
210197,387.6555888,439.6608767,32
210200,381.0649257,450.8929881,32
210204,386.7705175,454.273794,32
210207,386.2895723,452.3638662,32
210210,384.9996733,453.7560534,32
210214,388.0006488,449.2943056,32
210217,381.9629386,451.8693469,32
210220,388.3755942,456.6562356,32
210224,380.0470927,455.4291766,32
210227,379.9415395,456.2195218,32
210230,386.269196,451.9447075,32
210234,384.5042239,457.8982525,32
210237,386.6756014,455.8253612,32
210240,381.0566554,457.6770358,32
210244,384.7661097,455.8151631,32
210247,384.4062611,454.922565,32
210250,380.3989249,454.3884369,32
210254,383.0026875,446.7300823,32
210257,381.8762776,455.614074,32
210260,387.5398587,455.9803536,32
210264,380.9045762,457.1485718,32
210267,386.5250131,453.4236779,32
210270,383.7415665,451.6648367,32
210274,385.4654612,453.4846477,32
210277,387.1663543,457.2437089,32
210280,385.3856707,450.101262,32
210284,385.9975177,453.6407483,32
210287,382.0065625,451.5979656,32
210290,382.1297177,452.0812587,32
210294,382.5828966,454.8624407,32
210297,381.4910533,454.8052862,32
210300,387.7304986,452.0624228,32
210304,383.8261996,455.5757532,32
210307,387.9601467,456.6173841,32
210310,378.0843759,456.368942,32
210314,NaN,NaN,32
210317,NaN,NaN,32
210320,384.7357266,447.8078909,32
210324,385.826513,452.2151173,32
210327,381.9747863,453.826835,32
210330,385.0350952,452.2973681,32
210334,384.2936029,452.3170051,32
210337,387.9482896,451.4190242,32
210340,387.3586875,447.5482769,32
210344,388.9615101,454.8885941,32
210347,385.8264845,450.3366722,32
210350,381.8521542,457.3000153,32
210354,386.2848358,453.2251575,32
210357,383.7306101,454.8674556,32
210360,384.1509922,457.397951,32
210364,386.9211076,454.7868035,32
210367,382.3276038,454.3215385,32
210370,381.8451696,457.6803776,32
210374,382.5140269,448.2281728,32
210377,384.3669985,449.7201585,32
210380,382.3451622,451.9513256,32
210384,386.8936131,450.2031254,32
210387,385.6941211,442.2137677,32
210390,382.5300482,456.960769,32
210394,379.0382726,457.432984,32
210397,387.9578939,451.3845745,32
210400,381.5790373,454.7051587,32
210404,386.1229784,456.6075928,32
210407,382.9208207,453.3483744,32
210410,383.1509124,453.616781,32
210414,381.5038088,452.2400306,32
210417,385.6657669,452.710717,32
210420,387.9762762,454.8595684,32
210424,382.7850329,446.7875666,32
210427,381.8671739,452.4870021,32
215323,969.7110474,790.4312002,33
215326,971.6210353,790.7811796,33
215330,NaN,NaN,33
215333,NaN,NaN,33
215336,970.4565105,791.0847171,33
215340,969.6799433,791.7684562,33
215343,967.2752457,792.6566871,33
215346,NaN,NaN,33
215350,NaN,NaN,33
215353,966.3770007,793.3240986,33
215356,968.0978639,795.522403,33
215360,NaN,NaN,33
215363,NaN,NaN,33
215366,969.5151631,786.8304634,33
215370,967.6756382,792.7376966,33
215373,NaN,NaN,33
215376,NaN,NaN,33
215380,NaN,NaN,33
215383,NaN,NaN,33
215386,NaN,NaN,33
215390,NaN,NaN,33
215393,NaN,NaN,33
215396,NaN,NaN,33
215400,NaN,NaN,33
215403,NaN,NaN,33
215406,968.7709649,792.2640724,33
215410,965.4408153,791.2618924,33
215413,968.6945783,789.9420829,33
215416,NaN,NaN,33
215420,NaN,NaN,33
215423,NaN,NaN,33
215426,NaN,NaN,33
215430,NaN,NaN,33
215433,NaN,NaN,33
215436,966.8286252,797.2201685,33
215440,NaN,NaN,33
215443,NaN,NaN,33
215446,NaN,NaN,33
215450,NaN,NaN,33
215453,969.4972566,800.3827586,33
215456,NaN,NaN,33
215460,NaN,NaN,33
215463,969.6555555,791.0490713,33
215466,970.7410017,786.897979,33
215470,967.936334,793.1516821,33
215473,NaN,NaN,33
215476,NaN,NaN,33
215480,964.5147154,792.7732439,33
215483,967.747172,792.6006519,33
215486,967.1514375,792.7644667,33
215490,966.3346587,792.2176934,33
215493,967.8049448,795.5454868,33
215496,NaN,NaN,33
215500,NaN,NaN,33
215503,970.4556248,793.1183806,33
215506,966.4377234,794.1685552,33
215510,964.9729477,796.7793777,33
215513,NaN,NaN,33
215516,NaN,NaN,33
215520,970.4718844,790.6506116,33
215523,971.5700606,794.6029557,33
215526,967.5877742,788.8071533,33
215530,970.5446549,793.9926244,33
215533,NaN,NaN,33
215536,NaN,NaN,33
215540,966.6693862,793.0200802,33
215543,NaN,NaN,33
215546,NaN,NaN,33
215550,969.5017227,792.2797258,33
215553,969.9399133,792.3577657,33
215556,967.2084744,784.4527389,33
215560,963.176887,773.0118296,33
215563,957.6401813,756.4460285,33
215566,949.7958718,745.7882857,33
215570,NaN,NaN,33
215573,NaN,NaN,33
215576,911.4154465,743.2808944,33
215580,899.3681641,737.1132922,33
215583,895.7824545,734.0169337,33
215586,890.9198634,721.8923212,33
215590,895.4594897,706.4966519,33
215593,896.3356951,702.450493,33
215596,894.1171657,690.8311172,33
215600,899.4706463,693.5570963,33
215603,894.4749538,692.8684184,33
215606,894.8804251,692.3900936,33
215610,889.7876725,700.4841622,33
215613,889.5589792,703.4253254,33
215616,889.7463048,702.6842948,33
215620,892.2592881,699.0408612,33
215623,889.7995649,696.9516173,33
215626,NaN,NaN,33
215630,NaN,NaN,33
215633,892.5940076,700.8781397,33
215636,894.0813622,701.1187129,33
215640,892.331521,702.4117625,33
215643,890.9274889,698.2633027,33
215646,895.6216919,702.4047576,33
215650,897.9744938,703.0337508,33
215653,NaN,NaN,33
215656,NaN,NaN,33
215660,NaN,NaN,33
215663,NaN,NaN,33
215666,892.1359484,707.3645489,33
215670,NaN,NaN,33
215673,NaN,NaN,33
215676,NaN,NaN,33
215680,NaN,NaN,33
215683,NaN,NaN,33
215686,NaN,NaN,33
215690,891.982161,702.0878569,33
215693,893.6481753,700.7973409,33
215696,892.1886643,701.7216875,33
215700,889.6933907,697.3430869,33
215703,890.1352406,704.6650821,33
215706,892.0340542,702.9700013,33
215710,893.7432441,705.3492681,33
215713,NaN,NaN,33
215716,NaN,NaN,33
215720,888.2762144,702.4708934,33
215723,886.5638705,688.947486,33
215726,NaN,NaN,33
215730,NaN,NaN,33
215733,849.2543931,610.3871549,33
215736,848.1774641,589.5207255,33
215740,848.7654033,579.5908656,33
215743,857.6113774,567.6099749,33
215746,867.9447869,565.1457581,33
215750,875.0806504,558.5631504,33
215753,883.2653421,551.0898249,33
215756,890.6926534,549.5634558,33
215760,899.4425984,546.8852406,33
215763,896.6885257,548.7945189,33
215766,897.2475323,543.7197903,33
215770,887.6291834,547.0764372,33
215773,881.9422142,547.5740581,33
215776,885.8145376,545.7077227,33
215780,888.52096,544.054574,33
215783,889.4757374,542.9353204,33
215786,888.2054057,542.2358645,33
215790,892.0534677,543.712954,33
215793,894.9631772,544.2166274,33
215796,893.21696,534.7676393,33
215800,889.4828037,543.5095782,33
215803,894.9503271,537.3130543,33
215806,891.2160088,544.7769861,33
215810,892.1898461,537.5793282,33
215813,891.1434247,541.0313077,33
215816,893.1168681,537.8457309,33
215820,891.2149437,539.2056441,33
215823,896.2660369,532.3030598,33
215826,893.1970492,535.4240581,33
215830,894.0997561,533.1404819,33
215833,891.9839939,538.4241882,33
215836,892.9842117,535.2388687,33
215840,891.7124997,534.7366192,33
215843,889.3048022,528.8726902,33
215846,892.8464344,531.4540016,33
215850,888.8473819,538.2062057,33
215853,890.9891944,542.9971184,33
215856,893.7333474,537.4487764,33
215860,891.4470757,542.2796787,33
215863,887.7417938,540.4078631,33
215866,891.5369396,549.8436118,33
215870,891.5046703,539.2850424,33
215873,894.611271,534.6090154,33
215876,891.6406978,544.7341812,33
215880,894.0714972,543.259923,33
215883,904.2252473,543.6165194,33
215886,937.2079662,529.6767092,33
215890,985.3923639,513.1803078,33
215893,1029.96257,494.7772346,33
215896,1071.934657,495.7863725,33
215900,1105.139097,496.1863031,33
215903,1131.914548,505.055771,33
215906,1152.987394,496.2642185,33
215910,NaN,NaN,33
215913,NaN,NaN,33
215916,1134.221728,489.0377323,33
215920,1134.353915,487.0750265,33
215923,1133.328937,494.3009817,33
215926,1135.459075,494.944991,33
215930,NaN,NaN,33
215933,NaN,NaN,33
215936,NaN,NaN,33
215940,NaN,NaN,33
215943,NaN,NaN,33
215946,1154.361539,491.216539,33
215950,1154.229594,482.4784306,33
215953,1150.124089,497.8484053,33
215956,1148.803035,490.502996,33
215960,1149.363748,487.2576263,33
215963,1151.388297,488.2132155,33
215966,NaN,NaN,33
215970,NaN,NaN,33
215973,NaN,NaN,33
215976,1151.185935,499.479977,33
215980,1151.836909,498.6933721,33
215983,1153.771738,499.0749802,33
215986,1155.499479,488.9702328,33
215990,1151.920183,484.1771672,33
215993,1150.40588,490.0679354,33
215996,NaN,NaN,33
216000,NaN,NaN,33
216003,NaN,NaN,33
216006,NaN,NaN,33
216010,NaN,NaN,33
216013,1153.355433,495.3975178,33
216016,1154.714507,489.1777826,33
216020,NaN,NaN,33
216023,NaN,NaN,33
216026,NaN,NaN,33
216030,1151.683689,496.2695432,33
216033,1153.210482,489.6844522,33
216036,NaN,NaN,33
216040,NaN,NaN,33
216043,NaN,NaN,33
216046,NaN,NaN,33
216050,NaN,NaN,33
216053,NaN,NaN,33
216056,1149.120763,488.6875428,33
216060,1150.008868,490.7995826,33
216063,NaN,NaN,33
216066,NaN,NaN,33
216070,1151.339134,478.2253531,33
216073,1150.978252,488.7528596,33
216076,NaN,NaN,33
216080,NaN,NaN,33
216083,NaN,NaN,33
216086,NaN,NaN,33
216090,1149.952996,488.9453486,33
216093,NaN,NaN,33
216096,NaN,NaN,33
216100,1153.338867,489.2985265,33
216103,1153.502324,488.533164,33
216106,1150.04074,492.3293831,33
216110,1156.203674,482.373648,33
216113,NaN,NaN,33
216116,NaN,NaN,33
216120,NaN,NaN,33
216123,NaN,NaN,33
216126,NaN,NaN,33
216130,NaN,NaN,33
216133,NaN,NaN,33
216136,NaN,NaN,33
216140,NaN,NaN,33
216143,1155.341434,489.8948204,33
216146,1150.339915,496.7249061,33
216150,NaN,NaN,33
216153,NaN,NaN,33
216156,1152.941922,492.2528332,33
216160,1150.509748,492.7585093,33
216163,NaN,NaN,33
216166,NaN,NaN,33
216170,1156.206569,484.534975,33
216173,1151.839385,483.9607633,33
216176,1152.808318,484.2636939,33
216180,NaN,NaN,33
216183,NaN,NaN,33
216186,NaN,NaN,33
216190,NaN,NaN,33
216193,NaN,NaN,33
216196,NaN,NaN,33
216200,NaN,NaN,33
216203,NaN,NaN,33
216206,NaN,NaN,33
216210,NaN,NaN,33
216213,NaN,NaN,33
216216,NaN,NaN,33
216220,NaN,NaN,33
216223,NaN,NaN,33
216226,NaN,NaN,33
216230,NaN,NaN,33
216233,NaN,NaN,33
216236,NaN,NaN,33
216240,NaN,NaN,33
216243,NaN,NaN,33
216246,NaN,NaN,33
216250,NaN,NaN,33
216253,1151.468742,486.4532092,33
216256,1154.678667,486.0393092,33
216260,1148.976428,489.4348831,33
216263,NaN,NaN,33
216266,NaN,NaN,33
216270,NaN,NaN,33
216273,NaN,NaN,33
216276,NaN,NaN,33
216280,NaN,NaN,33
216283,NaN,NaN,33
216286,NaN,NaN,33
216290,NaN,NaN,33
216293,NaN,NaN,33
216296,NaN,NaN,33
216300,NaN,NaN,33
216303,NaN,NaN,33
216306,NaN,NaN,33
216310,NaN,NaN,33
216313,NaN,NaN,33
216316,NaN,NaN,33
216319,NaN,NaN,33
216323,1148.638737,487.5391145,33
216326,1153.018894,486.4371447,33
216330,1148.042901,487.4022413,33
216333,NaN,NaN,33
216336,NaN,NaN,33
216340,NaN,NaN,33
216343,NaN,NaN,33
216346,NaN,NaN,33
216350,NaN,NaN,33
216353,NaN,NaN,33
216356,NaN,NaN,33
216360,NaN,NaN,33
216363,NaN,NaN,33
216366,NaN,NaN,33
216370,NaN,NaN,33
216373,NaN,NaN,33
216376,NaN,NaN,33
216380,NaN,NaN,33
216383,NaN,NaN,33
216386,NaN,NaN,33
216389,NaN,NaN,33
216393,NaN,NaN,33
216396,NaN,NaN,33
216400,1153.220769,496.1098695,33
216403,NaN,NaN,33
216406,NaN,NaN,33
216410,NaN,NaN,33
220072,1415.46202,801.7017351,34
220076,1413.025296,803.0989089,34
220079,NaN,NaN,34
220082,NaN,NaN,34
220086,1406.884448,803.8958695,34
220089,1413.243685,804.197292,34
220092,NaN,NaN,34
220096,NaN,NaN,34
220099,1410.016906,805.6578059,34
220102,1408.82598,807.4439808,34
220106,1410.054106,803.587505,34
220109,1411.432971,800.4647499,34
220112,1412.989254,800.3811111,34
220116,1410.036972,804.2665873,34
220119,1413.944144,806.4295646,34
220122,NaN,NaN,34
220126,NaN,NaN,34
220129,1408.627829,805.2458875,34
220132,1407.498146,800.9159649,34
220136,NaN,NaN,34
220139,NaN,NaN,34
220142,1426.593955,821.2562488,34
220146,1465.232541,843.5022618,34
220149,NaN,NaN,34
220152,NaN,NaN,34
220156,NaN,NaN,34
220159,NaN,NaN,34
220162,1607.143108,986.7290173,34
220166,1599.427653,1000.948112,34
220169,1597.142091,995.2697019,34
220172,1590.14385,980.8207958,34
220176,NaN,NaN,34
220179,NaN,NaN,34
220182,NaN,NaN,34
220186,NaN,NaN,34
220189,1608.869627,986.2758817,34
220192,1606.041706,993.2988099,34
220196,1608.458885,1000.611198,34
220199,1612.445763,1000.437047,34
220202,1613.408618,999.2209875,34
220206,1616.885252,994.7521767,34
220209,1616.051402,989.366664,34
220212,NaN,NaN,34
220216,NaN,NaN,34
220219,NaN,NaN,34
220222,NaN,NaN,34
220226,NaN,NaN,34
220229,NaN,NaN,34
220232,NaN,NaN,34
220236,NaN,NaN,34
220239,NaN,NaN,34
220242,NaN,NaN,34
220246,NaN,NaN,34
220249,NaN,NaN,34
220252,NaN,NaN,34
220256,NaN,NaN,34
220259,NaN,NaN,34
220262,NaN,NaN,34
220266,NaN,NaN,34
220269,NaN,NaN,34
220272,NaN,NaN,34
220276,NaN,NaN,34
220279,NaN,NaN,34
220282,NaN,NaN,34
220286,NaN,NaN,34
220289,NaN,NaN,34
220292,NaN,NaN,34
220296,NaN,NaN,34
220299,NaN,NaN,34
220302,NaN,NaN,34
220306,NaN,NaN,34
220309,NaN,NaN,34
220312,NaN,NaN,34
220316,NaN,NaN,34
220319,NaN,NaN,34
220322,NaN,NaN,34
220326,NaN,NaN,34
220329,NaN,NaN,34
220332,NaN,NaN,34
220336,NaN,NaN,34
220339,NaN,NaN,34
220342,NaN,NaN,34
220346,NaN,NaN,34
220349,NaN,NaN,34
220352,NaN,NaN,34
220356,NaN,NaN,34
220359,NaN,NaN,34
220362,NaN,NaN,34
220366,NaN,NaN,34
220369,NaN,NaN,34
220372,NaN,NaN,34
220376,NaN,NaN,34
220379,NaN,NaN,34
220382,NaN,NaN,34
220386,1215.291558,612.5861329,34
220389,1210.707946,620.7907906,34
220392,NaN,NaN,34
220396,NaN,NaN,34
220399,1205.14773,603.3713057,34
220402,1208.977472,600.4206852,34
220406,NaN,NaN,34
220409,NaN,NaN,34
220412,1215.414702,612.6540935,34
220416,1214.506695,619.7089462,34
220419,1211.11448,619.3727275,34
220422,1213.294334,622.7802186,34
220426,1211.549604,623.5966103,34
220429,1212.851324,622.119572,34
220432,1210.574847,625.5859982,34
220436,1210.266821,623.8556438,34
220439,1206.508509,623.0796183,34
220442,1213.584817,623.1765832,34
220446,1214.284289,620.6110336,34
220449,NaN,NaN,34
220452,NaN,NaN,34
220456,1209.403658,616.810299,34
220459,1213.908089,614.1949036,34
220462,NaN,NaN,34
220466,NaN,NaN,34
220469,1212.489048,616.2845962,34
220472,1209.151219,611.8094534,34
220476,1214.422424,616.308862,34
220479,1209.353599,617.453248,34
220482,1212.372695,619.1215751,34
220486,1208.103249,616.4932123,34
220489,NaN,NaN,34
220492,NaN,NaN,34
220496,1203.366081,617.2022971,34
220499,1210.63231,620.7756689,34
220502,NaN,NaN,34
220506,NaN,NaN,34
220509,1210.808533,611.589605,34
220512,1215.190276,617.7096144,34
220516,NaN,NaN,34
220519,NaN,NaN,34
220522,1160.393267,699.3146051,34
220526,1119.72101,751.4632974,34
220529,1075.861359,803.0509672,34
220532,NaN,NaN,34
220536,NaN,NaN,34
220539,NaN,NaN,34
220542,NaN,NaN,34
220546,NaN,NaN,34
220549,NaN,NaN,34
220552,NaN,NaN,34
220556,NaN,NaN,34
220559,NaN,NaN,34
220562,NaN,NaN,34
220566,NaN,NaN,34
220569,NaN,NaN,34
220572,NaN,NaN,34
220576,NaN,NaN,34
220579,NaN,NaN,34
220582,NaN,NaN,34
220586,985.0405305,855.1319203,34
220589,NaN,NaN,34
220592,NaN,NaN,34
220596,NaN,NaN,34
220599,NaN,NaN,34
220602,NaN,NaN,34
220606,NaN,NaN,34
220609,NaN,NaN,34
220612,NaN,NaN,34
220616,NaN,NaN,34
220619,NaN,NaN,34
220622,986.8681007,858.2571938,34
220626,NaN,NaN,34
220629,NaN,NaN,34
220632,NaN,NaN,34
220636,NaN,NaN,34
220639,NaN,NaN,34
220642,NaN,NaN,34
220646,NaN,NaN,34
220649,NaN,NaN,34
220652,NaN,NaN,34
220656,NaN,NaN,34
220659,NaN,NaN,34
220662,NaN,NaN,34
220666,NaN,NaN,34
220669,NaN,NaN,34
220672,NaN,NaN,34
220676,NaN,NaN,34
220679,NaN,NaN,34
220682,NaN,NaN,34
220686,NaN,NaN,34
220689,NaN,NaN,34
220692,NaN,NaN,34
220696,NaN,NaN,34
220699,NaN,NaN,34
220702,NaN,NaN,34
220706,NaN,NaN,34
220709,NaN,NaN,34
220712,NaN,NaN,34
220716,NaN,NaN,34
220719,NaN,NaN,34
220722,NaN,NaN,34
220726,NaN,NaN,34
220729,NaN,NaN,34
220732,NaN,NaN,34
220736,NaN,NaN,34
220739,1191.850453,681.371548,34
220742,1217.083931,662.9941021,34
220746,NaN,NaN,34
220749,NaN,NaN,34
220752,1299.699368,606.7868976,34
220756,1324.636353,596.2459317,34
220759,1354.549481,585.8156661,34
220762,1379.515289,574.2530004,34
220766,1406.120769,561.0648705,34
220769,NaN,NaN,34
220772,NaN,NaN,34
220776,1430.553985,546.4088943,34
220779,1419.068317,557.0432637,34
220782,1409.302883,565.2454918,34
220786,1407.518083,563.112256,34
220789,1414.216248,553.9839718,34
220792,1421.818311,548.3428385,34
220796,1426.222221,541.6006894,34
220799,1430.57978,541.1880074,34
220802,1430.079101,541.5255916,34
220806,1427.43903,542.6701622,34
220809,1423.729585,551.2104115,34
220812,NaN,NaN,34
220816,NaN,NaN,34
220819,1416.128147,554.6719379,34
220822,1419.939564,555.6211435,34
220826,1416.865617,554.1270614,34
220829,NaN,NaN,34
220832,NaN,NaN,34
220836,1422.754132,555.7625062,34
220839,NaN,NaN,34
220842,NaN,NaN,34
220846,1420.744011,546.8692884,34
220849,1417.336562,552.419968,34
220852,1418.390189,552.6368988,34
220856,1422.856431,547.1155814,34
220859,1421.20234,552.3234175,34
220862,1420.066669,549.9764787,34
220866,1419.898437,556.0248481,34
220869,1419.958511,549.310945,34
220872,1419.640094,542.3227891,34
220876,1422.793417,545.9000698,34
220879,1423.401962,550.5381405,34
220882,1420.570901,551.9589458,34
220886,1422.887805,547.3915464,34
220889,1420.248207,547.8124446,34
220892,1420.986638,550.3394472,34
220896,1417.463849,550.8260728,34
220899,1423.544618,550.5723151,34
220902,1422.304218,551.702749,34
220906,1421.032669,551.521111,34
220909,1419.511527,549.0032215,34
220912,1421.00321,554.1578613,34
220916,1420.370478,556.1634759,34
220919,1416.174329,556.1671424,34
220922,1420.471456,552.7046562,34
220925,1419.349806,558.7943117,34
220929,1421.70296,551.6275866,34
220932,1418.941475,554.6773037,34
220936,1416.774525,552.0889864,34
220939,1417.011279,551.9690975,34
220942,1416.071327,547.4262169,34
220946,1419.61283,550.9874431,34
220949,1418.729524,556.3436157,34
220952,1419.250131,554.6423631,34
220956,1419.104499,552.8563323,34
220959,1417.643342,553.3427588,34
220962,1418.862145,553.4675277,34
220966,1418.595643,556.9872378,34
220969,1422.174396,551.2966638,34
220972,1419.483211,552.7379406,34
220976,1413.866635,549.5388366,34
220979,1420.733119,550.6226849,34
220982,1420.114937,556.4123292,34
220986,1413.236648,547.3372002,34
220989,1388.344293,550.2060139,34
220992,1340.551167,549.4457065,34
220996,NaN,NaN,34
220999,NaN,NaN,34
221002,1202.489292,513.8639822,34
221006,1168.973897,515.6114325,34
221009,1141.567447,503.7276803,34
221012,NaN,NaN,34
221016,NaN,NaN,34
221019,1031.797597,501.198213,34
221022,1002.336876,504.2042143,34
221026,977.8774869,506.5086423,34
221029,974.1030909,507.9853631,34
221032,986.089949,508.0186066,34
221036,1003.205829,496.7125079,34
221039,NaN,NaN,34
221042,NaN,NaN,34
221046,997.6026974,496.3673177,34
221049,984.5719906,501.0851597,34
221052,NaN,NaN,34
221056,NaN,NaN,34
221059,977.0722031,497.7427604,34
221062,980.9948376,502.0736037,34
221066,NaN,NaN,34
221069,NaN,NaN,34
221072,984.3881076,498.3421368,34
221076,983.409154,507.2965548,34
221079,985.1213536,509.2020273,34
221082,NaN,NaN,34
221086,NaN,NaN,34
221089,984.8063069,507.3065154,34
221092,984.9338685,508.7990332,34
221096,NaN,NaN,34
221099,NaN,NaN,34
221102,982.0351666,508.0603964,34
221106,982.0560962,498.8203499,34
221109,NaN,NaN,34
221112,NaN,NaN,34
221115,982.8428744,507.2057583,34
221119,981.6730501,501.0217541,34
221122,982.5350852,501.851001,34
221126,983.4155599,509.8849487,34
221129,982.1477526,501.3217441,34
221132,983.1637384,501.165543,34
221135,981.4714845,505.8171356,34
221139,979.4081069,510.8863961,34
221142,985.0095181,510.5607398,34
221146,982.7069692,508.550395,34
221149,983.9400984,511.5427816,34
221152,983.9192954,507.5663403,34
221155,967.5469442,509.01132,34
221159,931.530727,498.3260799,34
221162,878.0400432,491.1520245,34
221165,827.9668652,489.7346794,34
221169,801.0624473,488.8086802,34
221172,790.0030505,483.4244367,34
221176,787.2249893,491.6681146,34
221179,NaN,NaN,34
221182,NaN,NaN,34
221185,817.5275836,485.8481057,34
221189,820.637995,485.2746724,34
221192,820.4193516,490.1237939,34
221195,808.1910298,496.6985485,34
221199,800.9496788,493.3121792,34
221202,793.8478463,492.037701,34
221206,790.9494404,493.4582196,34
221209,789.188674,487.0707812,34
221212,789.628287,492.2718802,34
221216,796.9430923,484.5544274,34
221219,795.0872395,485.4285353,34
221222,796.6493142,491.2816416,34
221225,794.8371888,489.1221838,34
221229,799.1017018,493.8753494,34
221232,799.0766021,491.2574753,34
221235,798.7788036,490.5034217,34
221239,801.7783768,492.4392827,34
221242,797.2020864,488.2276353,34
221246,799.33955,495.4494531,34
221249,793.0453389,492.7595297,34
221252,796.9366385,486.0706737,34
221255,798.3320673,490.380606,34
221259,798.0971765,495.7501236,34
221262,798.2619988,493.8993681,34
221265,795.8024672,492.3800858,34
221269,795.1748386,494.9243102,34
221272,795.8094707,496.0716573,34
221276,794.5901499,497.9471252,34
221279,796.8099841,487.7308489,34
221282,798.5168771,495.7433245,34
221285,794.1354209,496.3386248,34
221289,793.8952351,495.476978,34
221292,NaN,NaN,34
221295,NaN,NaN,34
221299,799.1701549,486.3656978,34
221302,793.6875198,487.2416971,34
221306,794.0622514,503.2911251,34
221309,NaN,NaN,34
221312,NaN,NaN,34
221315,794.0161604,491.0589778,34
221319,792.9887392,498.2448171,34
221322,795.6034921,483.0280329,34
221325,790.5847405,488.9517786,34
221329,792.3130366,493.0629224,34
221332,788.9349008,495.7706967,34
221335,790.2279307,491.838689,34
221339,792.9328171,492.686471,34
221342,791.2137573,498.7554917,34
221346,791.6615555,500.3775713,34
221349,NaN,NaN,34
221352,NaN,NaN,34
221355,788.0879552,499.2672136,34
221359,788.7691231,490.7786604,34
221362,792.3659661,495.9094866,34
221365,792.4683138,494.4926816,34
221369,790.1411458,497.244751,34
221372,790.2563263,495.617365,34
221376,791.147667,495.3954843,34
221379,795.5019578,497.8148406,34
221382,792.5987151,496.7246623,34
221385,793.1483999,501.5962135,34
221389,790.8535447,499.3337022,34
221392,NaN,NaN,34
221395,NaN,NaN,34
221399,NaN,NaN,34
221402,NaN,NaN,34
221405,NaN,NaN,34
221409,NaN,NaN,34
221412,794.9878829,495.9285239,34
221415,789.4482017,498.5887632,34
221419,NaN,NaN,34
221422,NaN,NaN,34
221425,790.2189139,492.3524728,34
221429,788.1183081,500.5224574,34
221432,790.6775539,492.7352711,34
221435,787.9550056,497.9173236,34
221439,788.8590575,502.8836885,34
221442,792.3270452,493.3750601,34
221446,786.416163,504.3481022,34
221449,NaN,NaN,34
221452,NaN,NaN,34
221455,NaN,NaN,34
221459,NaN,NaN,34
221462,NaN,NaN,34
221465,NaN,NaN,34
221469,792.2800242,495.3626824,34
221472,789.9493212,502.6227507,34
221475,792.6394184,504.9606515,34
221479,790.9085367,496.6947432,34
221482,792.1484195,498.7069231,34
221485,789.2324255,504.5463978,34
221489,NaN,NaN,34
221492,NaN,NaN,34
221495,NaN,NaN,34
221499,NaN,NaN,34
221502,789.6960823,498.2150442,34
221505,NaN,NaN,34
221509,NaN,NaN,34
221512,786.9733494,500.9820846,34
221515,790.1157543,498.5559638,34
221519,790.6201992,503.2112659,34
221522,792.0422375,504.917825,34
221525,789.2139288,498.8609325,34
221529,789.1491684,505.5539057,34
221532,NaN,NaN,34
221535,NaN,NaN,34
221539,NaN,NaN,34
221542,NaN,NaN,34
221545,NaN,NaN,34
221549,NaN,NaN,34
221552,788.4935554,498.2155169,34
221555,789.9819171,496.5835535,34
221559,790.231762,503.4224812,34
221562,792.5802136,503.7702096,34
221565,789.5953463,503.0781708,34
221569,788.6579917,504.5014385,34
221572,792.3733379,504.2831398,34
221575,NaN,NaN,34
221579,NaN,NaN,34
221582,NaN,NaN,34
221585,NaN,NaN,34
221589,NaN,NaN,34
221592,NaN,NaN,34
221595,791.0717247,510.6458172,34
221599,789.6863688,503.0794255,34
221602,NaN,NaN,34
221605,NaN,NaN,34
221609,792.2673851,509.2311394,34
221612,793.5167135,504.1817501,34
221615,NaN,NaN,34
221619,NaN,NaN,34
221622,791.0803724,509.3314068,34
221625,NaN,NaN,34
221629,NaN,NaN,34
221632,NaN,NaN,34
221635,NaN,NaN,34
221639,NaN,NaN,34
221642,NaN,NaN,34
221645,NaN,NaN,34
221649,NaN,NaN,34
221652,787.71297,503.2522262,34
221655,NaN,NaN,34
221659,NaN,NaN,34
221662,NaN,NaN,34
221665,NaN,NaN,34
221669,788.9911301,500.4556388,34
221672,NaN,NaN,34
221675,NaN,NaN,34
221679,788.8719095,509.9668038,34
221682,787.9415067,509.5269244,34
221685,NaN,NaN,34
221689,NaN,NaN,34
221692,786.7663922,510.0332385,34
221695,789.1245069,505.6911293,34
221699,787.0909676,505.3323948,34
221702,NaN,NaN,34
221705,NaN,NaN,34
221709,789.1556506,504.517864,34
221712,NaN,NaN,34
221715,NaN,NaN,34
221719,NaN,NaN,34
221722,NaN,NaN,34
221725,790.9274762,510.3390094,34
221729,816.1533361,510.3193223,34
221732,859.7824717,525.1790778,34
221735,912.9580738,550.2119293,34
221739,NaN,NaN,34
221742,NaN,NaN,34
221745,NaN,NaN,34
225408,NaN,NaN,35
225412,NaN,NaN,35
225415,836.1243645,474.5544917,35
225418,839.092898,481.1487772,35
225422,NaN,NaN,35
225425,NaN,NaN,35
225428,831.8719914,485.3971112,35
225432,837.4490779,485.4890468,35
225435,847.3461204,480.0518052,35
225438,839.8005165,482.1063615,35
225442,843.958398,479.8045786,35
225445,840.4973517,477.7746263,35
225448,843.4583334,484.2407393,35
225452,846.4971659,493.1224637,35
225455,846.4340618,487.1085043,35
225458,833.4735228,486.2174862,35
225462,842.8186495,490.0190423,35
225465,847.405296,485.2455275,35
225468,844.0892183,488.9236146,35
225472,847.056836,481.4265853,35
225475,841.489306,499.5102118,35
225478,845.3476355,493.1041132,35
225482,843.2291333,488.0355849,35
225485,844.8681276,497.5272956,35
225488,845.3832873,492.8774986,35
225492,849.9561406,472.7216363,35
225495,844.3038123,492.1257816,35
225498,844.5878152,491.0678688,35
225502,846.088496,490.065706,35
225505,842.4646779,491.7330532,35
225508,840.1222412,490.2769585,35
225512,846.0372669,497.5457557,35
225515,844.2386662,486.1447398,35
225518,848.7305931,479.8166828,35
225522,849.4462166,487.9044427,35
225525,845.8585494,486.8046869,35
225528,849.5297288,493.1107872,35
225532,845.6635883,496.6799268,35
225535,NaN,NaN,35
225538,NaN,NaN,35
225542,848.5276408,497.9161188,35
225545,846.0376215,497.0122235,35
225548,851.0987312,490.4186778,35
225552,848.2998094,499.7526847,35
225555,848.6629067,495.6060124,35
225558,850.1390504,499.0790301,35
225562,864.2514105,491.6030199,35
225565,NaN,NaN,35
225568,NaN,NaN,35
225572,NaN,NaN,35
225575,NaN,NaN,35
225578,NaN,NaN,35
225582,NaN,NaN,35
225585,NaN,NaN,35
225588,NaN,NaN,35
225592,NaN,NaN,35
225595,NaN,NaN,35
225598,NaN,NaN,35
225602,NaN,NaN,35
225605,NaN,NaN,35
225608,NaN,NaN,35
225612,NaN,NaN,35
225615,866.4274601,485.6192945,35
225618,863.1681023,498.8961281,35
225622,866.7495412,504.6049657,35
225625,862.3088192,500.0333258,35
225628,NaN,NaN,35
225632,NaN,NaN,35
225635,NaN,NaN,35
225638,NaN,NaN,35
225642,NaN,NaN,35
225645,NaN,NaN,35
225648,NaN,NaN,35
225652,854.4321583,501.0275476,35
225655,856.2522234,499.5859667,35
225658,849.5156513,494.4890858,35
225662,852.4293765,499.8805622,35
225665,864.3850403,508.9297267,35
225668,NaN,NaN,35
225672,NaN,NaN,35
225675,NaN,NaN,35
225678,NaN,NaN,35
225682,NaN,NaN,35
225685,862.9612217,508.6893631,35
225688,864.2811032,507.4445235,35
225692,865.1934244,497.9408684,35
225695,855.1921438,490.6133418,35
225698,856.2953404,492.0490386,35
225702,NaN,NaN,35
225705,NaN,NaN,35
225708,NaN,NaN,35
225712,NaN,NaN,35
225715,NaN,NaN,35
225718,NaN,NaN,35
225721,939.9248947,792.5889189,35
225725,945.064615,829.9045867,35
225728,935.3180682,864.3026676,35
225731,934.5467466,901.3911639,35
225735,928.0477141,923.3518268,35
225738,931.0618484,946.673132,35
225742,929.9608205,930.9474715,35
225745,NaN,NaN,35
225748,NaN,NaN,35
225752,934.5829843,902.4936744,35
225755,934.6602865,923.9600445,35
225758,923.9351688,937.294772,35
225761,935.056,945.6129625,35
225765,927.7998339,947.4136213,35
225768,934.0295554,948.9341943,35
225772,935.1622771,947.4470395,35
225775,927.4235929,941.2316506,35
225778,NaN,NaN,35
225782,NaN,NaN,35
225785,933.6298776,925.9068327,35
225788,NaN,NaN,35
225792,NaN,NaN,35
225795,NaN,NaN,35
225798,NaN,NaN,35
225802,NaN,NaN,35
225805,NaN,NaN,35
225808,NaN,NaN,35
225812,NaN,NaN,35
225815,NaN,NaN,35
225818,NaN,NaN,35
225822,NaN,NaN,35
225825,NaN,NaN,35
225828,935.1089256,932.4159266,35
225832,926.0117947,934.4002273,35
225835,932.3410647,932.6458787,35
225838,936.8235072,942.3556395,35
225842,927.5177147,934.9898385,35
225845,931.4585565,941.5463933,35
225848,930.3767898,937.9539515,35
225852,931.1593217,927.7394131,35
225855,942.4581453,934.4013856,35
225858,931.6048692,934.6362789,35
225861,935.0966122,941.7619138,35
225865,928.9600742,947.3065503,35
225868,931.7522629,939.2315184,35
225871,934.6356679,932.8945639,35
225875,941.0103794,942.1260986,35
225878,932.6362321,947.0662466,35
225882,934.4806174,943.8394777,35
225885,940.6421545,940.5665279,35
225888,943.0309097,939.1947958,35
225891,933.769165,945.8605248,35
225895,930.3823934,942.6231993,35
225898,935.1397042,948.1242589,35
225901,935.5608128,944.2515585,35
225905,932.4135232,937.919793,35
225908,933.5847814,942.8095856,35
225912,926.6242631,943.5645362,35
225915,938.6499465,946.0867645,35
225918,934.3971633,935.7254632,35
225921,933.6834464,952.1176763,35
225925,926.2686871,936.7129168,35
225928,899.1026071,930.8468954,35
225931,877.4587916,914.9873815,35
225935,839.3645432,882.0103463,35
225938,827.8728414,870.9561951,35
225942,821.2096583,864.5048204,35
225945,NaN,NaN,35
225948,NaN,NaN,35
225952,NaN,NaN,35
225955,NaN,NaN,35
225958,NaN,NaN,35
225961,NaN,NaN,35
225965,NaN,NaN,35
225968,NaN,NaN,35
225971,NaN,NaN,35
225975,NaN,NaN,35
225978,NaN,NaN,35
225982,NaN,NaN,35
225985,NaN,NaN,35
225988,NaN,NaN,35
225991,NaN,NaN,35
225995,NaN,NaN,35
225998,NaN,NaN,35
226001,NaN,NaN,35
226005,NaN,NaN,35
226008,NaN,NaN,35
226011,NaN,NaN,35
226015,NaN,NaN,35
226018,NaN,NaN,35
226021,NaN,NaN,35
226025,NaN,NaN,35
226028,NaN,NaN,35
226031,NaN,NaN,35
226035,NaN,NaN,35
226038,NaN,NaN,35
226041,NaN,NaN,35
226045,NaN,NaN,35
226048,NaN,NaN,35
226052,NaN,NaN,35
226055,NaN,NaN,35
226058,NaN,NaN,35
226061,NaN,NaN,35
226065,NaN,NaN,35
226068,NaN,NaN,35
226071,NaN,NaN,35
226075,NaN,NaN,35
226078,NaN,NaN,35
226082,608.9186445,491.8720952,35
226085,614.4614703,495.2139359,35
226088,586.363867,492.930328,35
226091,615.0625495,505.4095808,35
226095,616.0320161,525.9776842,35
226098,615.9335301,540.8553932,35
226101,614.1349464,535.3896192,35
226105,607.6797736,546.8171315,35
226108,601.5448567,535.9480317,35
226111,605.5178009,546.4486454,35
226115,605.0228413,551.5979225,35
226118,603.4746318,540.1136973,35
226121,607.7484704,550.3069918,35
226125,609.3398232,544.9913711,35
226128,609.6380351,544.8546283,35
226131,607.1873603,548.0779571,35
226135,609.9598666,543.9197332,35
226138,606.0240599,542.1972522,35
226141,604.3123706,548.5476544,35
226145,607.8895251,546.4332958,35
226148,606.334288,540.3925339,35
226152,603.5817864,547.7451886,35
226155,605.385164,540.992564,35
226158,604.9273306,543.7025629,35
226161,602.3071013,544.5067431,35
226165,602.7874018,544.9848886,35
226168,604.5100246,543.3976797,35
226171,607.3997126,544.7261894,35
226175,608.0235967,538.3162288,35
226178,606.3123811,543.0953478,35
226181,608.4630856,542.9991934,35
226185,591.429599,537.95398,35
226188,555.8324742,542.8199094,35
226191,NaN,NaN,35
226195,NaN,NaN,35
226198,NaN,NaN,35
226201,NaN,NaN,35
226205,391.1477649,505.8803953,35
226208,378.1452613,507.6522967,35
226211,NaN,NaN,35
226215,NaN,NaN,35
226218,NaN,NaN,35
226221,NaN,NaN,35
226225,NaN,NaN,35
226228,NaN,NaN,35
226231,NaN,NaN,35
226235,NaN,NaN,35
226238,368.4550599,476.3634929,35
226241,NaN,NaN,35
226245,NaN,NaN,35
226248,374.452569,470.7054551,35
226251,375.6627162,474.8415895,35
226255,379.9553331,477.1556931,35
226258,381.0696711,480.7587948,35
226261,380.0062325,480.6392106,35
226265,378.4271059,477.9114418,35
226268,377.2638143,476.493144,35
226271,375.0678682,483.9986123,35
226275,376.5261052,480.1645592,35
226278,378.2237212,477.6602854,35
226281,NaN,NaN,35
226285,NaN,NaN,35
226288,NaN,NaN,35
226291,NaN,NaN,35
226295,NaN,NaN,35
226298,NaN,NaN,35
226301,379.2619068,477.3084854,35
226305,379.0679887,475.0190686,35
226308,NaN,NaN,35
226311,NaN,NaN,35
226315,377.845289,484.7204933,35
226318,377.7094582,479.0356893,35
226321,378.6849692,471.2163816,35
226325,NaN,NaN,35
226328,NaN,NaN,35
226331,NaN,NaN,35
226335,NaN,NaN,35
226338,NaN,NaN,35
226341,NaN,NaN,35
226345,NaN,NaN,35
226348,NaN,NaN,35
226351,NaN,NaN,35
226355,NaN,NaN,35
226358,NaN,NaN,35
226361,NaN,NaN,35
226365,NaN,NaN,35
226368,NaN,NaN,35
226371,377.323867,477.7609287,35
226375,377.7472217,478.6538315,35
226378,NaN,NaN,35
226381,NaN,NaN,35
226385,NaN,NaN,35
226388,NaN,NaN,35
226391,NaN,NaN,35
226395,NaN,NaN,35
226398,NaN,NaN,35
226401,NaN,NaN,35
226405,374.1948616,476.4832903,35
226408,NaN,NaN,35
226411,NaN,NaN,35
226415,NaN,NaN,35
226418,NaN,NaN,35
226421,NaN,NaN,35
226425,NaN,NaN,35
226428,NaN,NaN,35
226431,NaN,NaN,35
226435,NaN,NaN,35
226438,NaN,NaN,35
226441,NaN,NaN,35
226445,NaN,NaN,35
226448,373.8113668,478.6656006,35
226451,NaN,NaN,35
226455,NaN,NaN,35
226458,376.664519,480.4333728,35
226461,374.9585069,483.8698895,35
226465,NaN,NaN,35
226468,NaN,NaN,35
226471,NaN,NaN,35
226475,NaN,NaN,35
226478,NaN,NaN,35
226481,NaN,NaN,35
226485,377.7186186,477.4762462,35
226488,377.9600167,477.1664215,35
226491,373.4612483,476.7029925,35
226495,NaN,NaN,35
226498,NaN,NaN,35
226501,378.3497643,477.8644431,35
226505,NaN,NaN,35
226508,NaN,NaN,35
226511,NaN,NaN,35
226515,NaN,NaN,35
226518,376.293833,478.5251032,35
226521,NaN,NaN,35
226525,NaN,NaN,35
226528,376.3481254,478.3209722,35
226531,374.7771663,481.9576404,35
226535,NaN,NaN,35
226538,NaN,NaN,35
226541,NaN,NaN,35
226545,NaN,NaN,35
226548,NaN,NaN,35
226551,NaN,NaN,35
226555,NaN,NaN,35
226558,NaN,NaN,35
226561,374.6462181,480.2052867,35
226565,377.4555163,479.5223157,35
226568,380.8376303,483.7281315,35
226571,377.2061559,477.5170912,35
226575,374.9324338,477.3376549,35
226578,NaN,NaN,35
226581,NaN,NaN,35
226585,NaN,NaN,35
226588,NaN,NaN,35
226591,NaN,NaN,35
226595,NaN,NaN,35
226598,NaN,NaN,35
226601,NaN,NaN,35
226605,NaN,NaN,35
226608,NaN,NaN,35
226611,380.8785546,474.6238721,35
226615,373.5078296,476.8250413,35
226618,379.7505945,479.1088056,35
226621,NaN,NaN,35
226625,NaN,NaN,35
226628,376.4928828,479.0770507,35
226631,376.4637048,480.0264497,35
226635,NaN,NaN,35
226638,NaN,NaN,35
226641,NaN,NaN,35
226645,NaN,NaN,35
226648,NaN,NaN,35
226651,NaN,NaN,35
226655,379.0910087,477.3659491,35
226658,379.9485714,478.2117092,35
226661,NaN,NaN,35
226665,NaN,NaN,35
226668,372.2057747,478.7443199,35
226671,356.3831297,469.8981439,35
226675,NaN,NaN,35
226678,NaN,NaN,35
226681,NaN,NaN,35
226685,NaN,NaN,35
226688,344.7646973,459.1074906,35
226691,NaN,NaN,35
226695,NaN,NaN,35
226698,351.5462872,457.1674861,35
226701,347.5057887,465.0240935,35
226705,NaN,NaN,35
226708,NaN,NaN,35
226711,NaN,NaN,35
226715,NaN,NaN,35
226718,NaN,NaN,35
226721,NaN,NaN,35
226725,NaN,NaN,35
226728,NaN,NaN,35
226731,NaN,NaN,35
226735,NaN,NaN,35
226738,NaN,NaN,35
226741,NaN,NaN,35
226745,NaN,NaN,35
226748,NaN,NaN,35
226751,NaN,NaN,35
226755,NaN,NaN,35
226758,346.9878097,458.3066452,35
226761,NaN,NaN,35
226765,NaN,NaN,35
226768,NaN,NaN,35
226771,NaN,NaN,35
226775,NaN,NaN,35
226778,NaN,NaN,35
226781,NaN,NaN,35
226785,NaN,NaN,35
226788,NaN,NaN,35
226791,NaN,NaN,35
226795,NaN,NaN,35
226798,NaN,NaN,35
226801,NaN,NaN,35
226805,NaN,NaN,35
226808,NaN,NaN,35
226811,NaN,NaN,35
226815,342.980475,455.4732788,35
226818,NaN,NaN,35
226821,NaN,NaN,35
226825,NaN,NaN,35
226828,NaN,NaN,35
226831,NaN,NaN,35
226835,NaN,NaN,35
226838,NaN,NaN,35
226841,NaN,NaN,35
226845,NaN,NaN,35
226848,NaN,NaN,35
226851,NaN,NaN,35
226855,NaN,NaN,35
226858,NaN,NaN,35
226861,NaN,NaN,35
226865,NaN,NaN,35
226868,NaN,NaN,35
226871,NaN,NaN,35
226875,NaN,NaN,35
226878,NaN,NaN,35
226881,NaN,NaN,35
226885,NaN,NaN,35
226888,NaN,NaN,35
226891,NaN,NaN,35
226895,NaN,NaN,35
226898,348.0976073,463.0785566,35
226901,NaN,NaN,35
226905,NaN,NaN,35
226908,NaN,NaN,35
226911,NaN,NaN,35
226915,NaN,NaN,35
226918,NaN,NaN,35
226921,NaN,NaN,35
226925,NaN,NaN,35
226928,NaN,NaN,35
226931,NaN,NaN,35
226935,NaN,NaN,35
226938,NaN,NaN,35
226941,NaN,NaN,35
226945,NaN,NaN,35
226948,NaN,NaN,35
226951,NaN,NaN,35
226955,NaN,NaN,35
226958,NaN,NaN,35
226961,NaN,NaN,35
226965,NaN,NaN,35
226968,NaN,NaN,35
226971,NaN,NaN,35
226975,NaN,NaN,35
226978,NaN,NaN,35
226981,NaN,NaN,35
226985,NaN,NaN,35
226988,NaN,NaN,35
226991,NaN,NaN,35
226995,NaN,NaN,35
226998,NaN,NaN,35
227001,NaN,NaN,35
227005,NaN,NaN,35
227008,343.0575616,465.5975039,35
227011,347.1281931,460.5845842,35
227015,NaN,NaN,35
227018,NaN,NaN,35
227021,NaN,NaN,35
227025,NaN,NaN,35
227028,NaN,NaN,35
227031,NaN,NaN,35
227035,340.8192781,457.7062676,35
227038,346.1008444,456.3162017,35
227041,340.6369818,461.7587281,35
227045,NaN,NaN,35
227048,NaN,NaN,35
227051,NaN,NaN,35
227055,NaN,NaN,35
227058,NaN,NaN,35
227061,NaN,NaN,35
227065,NaN,NaN,35
227068,NaN,NaN,35
227071,NaN,NaN,35
227075,NaN,NaN,35
227078,NaN,NaN,35
227081,NaN,NaN,35
227085,NaN,NaN,35
227088,NaN,NaN,35
227091,NaN,NaN,35
227095,NaN,NaN,35
227098,NaN,NaN,35
227101,NaN,NaN,35
227105,NaN,NaN,35
227108,NaN,NaN,35
227111,342.5991152,459.8594549,35
227115,NaN,NaN,35
227118,NaN,NaN,35
227121,NaN,NaN,35
230791,1052.297967,733.7300433,36
230794,1052.308253,731.9719318,36
230797,1062.114173,735.6859442,36
230801,NaN,NaN,36
230804,NaN,NaN,36
230807,NaN,NaN,36
230811,NaN,NaN,36
230814,NaN,NaN,36
230817,NaN,NaN,36
230821,NaN,NaN,36
230824,1043.680551,740.5775589,36
230827,1026.128017,761.7780192,36
230831,998.3317546,778.8381564,36
230834,974.8226723,803.7406242,36
230837,NaN,NaN,36
230841,NaN,NaN,36
230844,NaN,NaN,36
230847,NaN,NaN,36
230851,NaN,NaN,36
230854,947.3867866,861.3378522,36
230857,947.5194604,860.4872174,36
230861,NaN,NaN,36
230864,NaN,NaN,36
230867,NaN,NaN,36
230871,NaN,NaN,36
230874,NaN,NaN,36
230877,NaN,NaN,36
230881,933.3992794,856.9948689,36
230884,934.7627637,858.4729579,36
230888,936.2810721,855.2369812,36
230891,941.230531,861.5425626,36
230894,939.6392491,855.9464772,36
230897,938.59968,855.4147496,36
230901,938.9560558,849.3775272,36
230904,NaN,NaN,36
230907,NaN,NaN,36
230911,NaN,NaN,36
230914,NaN,NaN,36
230917,NaN,NaN,36
230921,NaN,NaN,36
230924,941.3967195,854.3173121,36
230927,942.2111914,856.1223921,36
230931,NaN,NaN,36
230934,NaN,NaN,36
230937,NaN,NaN,36
230941,NaN,NaN,36
230944,NaN,NaN,36
230947,NaN,NaN,36
230951,NaN,NaN,36
230954,NaN,NaN,36
230957,NaN,NaN,36
230961,NaN,NaN,36
230964,936.4843607,857.2439212,36
230967,933.8257988,855.0885281,36
230971,942.8309641,857.1173926,36
230974,NaN,NaN,36
230977,NaN,NaN,36
230981,NaN,NaN,36
230984,NaN,NaN,36
230987,NaN,NaN,36
230991,NaN,NaN,36
230994,NaN,NaN,36
230997,NaN,NaN,36
231001,NaN,NaN,36
231004,NaN,NaN,36
231007,NaN,NaN,36
231011,NaN,NaN,36
231014,NaN,NaN,36
231017,NaN,NaN,36
231021,NaN,NaN,36
231024,NaN,NaN,36
231027,939.8093391,854.3878394,36
231031,932.7570389,856.0671186,36
231034,940.7143025,856.4771738,36
231037,942.4272252,857.7677316,36
231041,NaN,NaN,36
231044,NaN,NaN,36
231047,NaN,NaN,36
231051,NaN,NaN,36
231054,NaN,NaN,36
231057,NaN,NaN,36
231061,NaN,NaN,36
231064,941.0076584,821.178745,36
231067,931.4522619,825.3898167,36
231071,937.6473767,808.4472825,36
231074,936.8043578,847.4929227,36
231077,934.7491374,816.9385391,36
231081,943.6888161,860.0554527,36
231084,941.459343,851.5266624,36
231087,943.3327878,853.5244567,36
231091,970.255437,847.2165568,36
231094,NaN,NaN,36
231097,NaN,NaN,36
231101,1084.02168,802.813047,36
231104,1090.248359,780.297589,36
231107,1096.534935,690.878813,36
231111,1117.849823,673.3404856,36
231114,1167.93592,762.2960124,36
231117,1198.090222,785.3715892,36
231121,NaN,NaN,36
231124,NaN,NaN,36
231127,NaN,NaN,36
231131,NaN,NaN,36
231134,NaN,NaN,36
231137,NaN,NaN,36
231141,NaN,NaN,36
231144,NaN,NaN,36
231147,NaN,NaN,36
231151,NaN,NaN,36
231154,NaN,NaN,36
231157,NaN,NaN,36
231161,NaN,NaN,36
231164,NaN,NaN,36
231167,NaN,NaN,36
231171,NaN,NaN,36
231174,NaN,NaN,36
231177,NaN,NaN,36
231181,NaN,NaN,36
231184,NaN,NaN,36
231187,NaN,NaN,36
231191,NaN,NaN,36
231194,NaN,NaN,36
231197,NaN,NaN,36
231201,NaN,NaN,36
231204,NaN,NaN,36
231207,NaN,NaN,36
231211,NaN,NaN,36
231214,NaN,NaN,36
231217,NaN,NaN,36
231221,NaN,NaN,36
231224,NaN,NaN,36
231227,NaN,NaN,36
231231,NaN,NaN,36
231234,NaN,NaN,36
231237,NaN,NaN,36
231241,NaN,NaN,36
231244,NaN,NaN,36
231247,NaN,NaN,36
231251,1304.809235,460.4185383,36
231254,1301.68436,482.8348356,36
231257,1326.575242,495.7132383,36
231261,1316.402974,501.9313953,36
231264,1318.08744,498.4460152,36
231267,1316.374101,503.5166437,36
231271,1316.519297,513.2205604,36
231274,1298.690064,478.9668379,36
231277,1292.674514,494.7186294,36
231281,1292.105319,497.0274961,36
231284,NaN,NaN,36
231287,NaN,NaN,36
231291,NaN,NaN,36
231294,NaN,NaN,36
231297,1287.223933,496.5358787,36
231301,1297.500641,479.5986349,36
231304,1298.246611,471.0280779,36
231307,1291.975736,485.9595787,36
231311,1292.400099,488.4158973,36
231314,1294.146243,487.9311824,36
231317,1293.611227,483.9588367,36
231321,1293.636279,485.4761861,36
231324,1293.772759,480.8387306,36
231327,1296.017839,480.1108872,36
231331,1293.47172,484.1234439,36
231334,1298.288932,481.9751069,36
231337,1295.455737,478.1942898,36
231341,1293.185346,482.5429539,36
231344,1295.521138,481.9045112,36
231347,1293.538097,483.4559687,36
231351,1295.48108,481.1110663,36
231354,1290.573352,482.9318534,36
231357,1294.992707,479.996181,36
231361,1294.485657,476.3986352,36
231364,1294.500107,478.8944031,36
231367,1296.734151,478.6890721,36
231371,1292.485063,477.5824651,36
231374,1294.436128,482.7471655,36
231377,1295.107864,480.5327421,36
231381,1293.432751,480.9677065,36
231384,NaN,NaN,36
231387,NaN,NaN,36
231391,1304.320878,484.1494217,36
231394,1332.069695,481.0871075,36
231397,1376.681988,486.2794227,36
231401,1416.864095,495.6895525,36
231404,1462.955773,494.7963873,36
231407,1495.773197,493.8175091,36
231411,NaN,NaN,36
231414,NaN,NaN,36
231417,1556.442829,505.6931378,36
231421,1557.17084,500.9539392,36
231424,NaN,NaN,36
231427,NaN,NaN,36
231431,1526.262682,499.4591583,36
231434,1534.052665,493.7776269,36
231437,1536.032064,497.4811483,36
231441,NaN,NaN,36
231444,NaN,NaN,36
231447,1552.589479,505.0478385,36
231451,1552.927127,504.3249383,36
231454,NaN,NaN,36
231457,NaN,NaN,36
231461,1546.825118,501.8179693,36
231464,1543.711097,501.2253974,36
231467,NaN,NaN,36
231471,NaN,NaN,36
231474,NaN,NaN,36
231477,NaN,NaN,36
231481,NaN,NaN,36
231484,NaN,NaN,36
231487,NaN,NaN,36
231491,NaN,NaN,36
231494,NaN,NaN,36
231497,NaN,NaN,36
231501,NaN,NaN,36
231504,NaN,NaN,36
231507,1542.892353,494.3382862,36
231511,NaN,NaN,36
231514,NaN,NaN,36
231517,NaN,NaN,36
231521,NaN,NaN,36
231524,NaN,NaN,36
231527,NaN,NaN,36
231531,NaN,NaN,36
231534,NaN,NaN,36
231537,NaN,NaN,36
231541,NaN,NaN,36
231544,NaN,NaN,36
231547,NaN,NaN,36
231551,NaN,NaN,36
231554,NaN,NaN,36
231557,NaN,NaN,36
231561,NaN,NaN,36
231564,NaN,NaN,36
231567,NaN,NaN,36
231571,NaN,NaN,36
231574,NaN,NaN,36
231577,NaN,NaN,36
231581,NaN,NaN,36
231584,1547.036562,489.4169467,36
231587,1547.762793,490.6308817,36
231591,1546.59816,488.3299017,36
231594,1547.678355,494.8026129,36
231597,1547.115981,500.8656035,36
231601,1545.265202,498.152847,36
231604,NaN,NaN,36
231607,NaN,NaN,36
231611,NaN,NaN,36
231614,NaN,NaN,36
231617,NaN,NaN,36
231621,NaN,NaN,36
231624,NaN,NaN,36
231627,NaN,NaN,36
231631,1545.082749,502.4792783,36
231634,1545.831304,501.5506818,36
231637,NaN,NaN,36
231641,NaN,NaN,36
231644,1547.959531,505.4052152,36
231647,1546.048649,502.8318035,36
231651,NaN,NaN,36
231654,NaN,NaN,36
231657,NaN,NaN,36
231661,NaN,NaN,36
231664,NaN,NaN,36
231667,NaN,NaN,36
231671,NaN,NaN,36
231674,NaN,NaN,36
231677,NaN,NaN,36
231681,NaN,NaN,36
231684,NaN,NaN,36
231687,NaN,NaN,36
231691,NaN,NaN,36
231694,NaN,NaN,36
231697,NaN,NaN,36
231701,NaN,NaN,36
231704,NaN,NaN,36
231707,NaN,NaN,36
231711,NaN,NaN,36
231714,NaN,NaN,36
231717,NaN,NaN,36
231721,NaN,NaN,36
231724,NaN,NaN,36
231727,NaN,NaN,36
231731,NaN,NaN,36
231734,NaN,NaN,36
231737,NaN,NaN,36
231741,NaN,NaN,36
231744,NaN,NaN,36
231747,NaN,NaN,36
231751,NaN,NaN,36
231754,NaN,NaN,36
231757,NaN,NaN,36
231761,NaN,NaN,36
231764,NaN,NaN,36
231767,NaN,NaN,36
231771,NaN,NaN,36
231774,NaN,NaN,36
231777,NaN,NaN,36
231781,NaN,NaN,36
231784,NaN,NaN,36
231787,NaN,NaN,36
231791,NaN,NaN,36
231794,NaN,NaN,36
231797,NaN,NaN,36
231801,NaN,NaN,36
231804,NaN,NaN,36
231807,NaN,NaN,36
231811,NaN,NaN,36
231814,NaN,NaN,36
231817,NaN,NaN,36
231821,NaN,NaN,36
231824,NaN,NaN,36
231827,NaN,NaN,36
231831,NaN,NaN,36
231834,NaN,NaN,36
231837,NaN,NaN,36
231841,NaN,NaN,36
231844,NaN,NaN,36
231847,NaN,NaN,36
231851,NaN,NaN,36
231854,NaN,NaN,36
231857,NaN,NaN,36
231861,NaN,NaN,36
231864,NaN,NaN,36
231867,NaN,NaN,36
231871,NaN,NaN,36
231874,NaN,NaN,36
231877,NaN,NaN,36
231881,NaN,NaN,36
231884,NaN,NaN,36
231887,NaN,NaN,36
231891,NaN,NaN,36
231894,NaN,NaN,36
231897,NaN,NaN,36
231901,NaN,NaN,36
231904,NaN,NaN,36
231907,NaN,NaN,36
231911,NaN,NaN,36
231914,NaN,NaN,36
231917,NaN,NaN,36
231921,NaN,NaN,36
231924,NaN,NaN,36
231927,NaN,NaN,36
231931,NaN,NaN,36
231934,NaN,NaN,36
231937,NaN,NaN,36
237527,NaN,NaN,37
237530,NaN,NaN,37
237533,NaN,NaN,37
237537,NaN,NaN,37
237540,NaN,NaN,37
237543,NaN,NaN,37
237547,NaN,NaN,37
237550,NaN,NaN,37
237553,775.3581348,689.824425,37
237557,776.0561878,685.9987432,37
237560,774.8485157,686.0915371,37
237563,782.8001989,680.5260735,37
237567,793.0372738,683.6938255,37
237570,NaN,NaN,37
237573,NaN,NaN,37
237577,777.3644542,683.8101803,37
237580,779.3213408,684.3080164,37
237583,772.9636789,688.2787153,37
237587,774.4008809,682.8477256,37
237590,775.9135295,685.9138198,37
237593,775.7493704,688.2576628,37
237597,772.6242078,687.8786544,37
237600,NaN,NaN,37
237603,NaN,NaN,37
237607,NaN,NaN,37
237610,NaN,NaN,37
237613,NaN,NaN,37
237617,NaN,NaN,37
237620,774.0166568,683.0860174,37
237623,776.3727658,687.7916334,37
237626,772.906265,694.6400895,37
237630,773.6781554,687.5529694,37
237633,775.805385,688.2782442,37
237637,772.9160881,687.4516653,37
237640,775.147662,686.2908104,37
237643,775.8832333,689.5542816,37
237647,776.0131833,688.6200212,37
237650,771.9218617,687.4472327,37
237653,775.1468103,685.4251132,37
237656,777.5535733,685.6105971,37
237660,773.5456277,688.2396369,37
237663,774.9472164,690.8637894,37
237667,777.542696,685.4902292,37
237670,775.1715221,685.2245429,37
237673,775.3971175,692.3559443,37
237677,778.878453,684.3184033,37
237680,774.2144104,684.3915052,37
237683,NaN,NaN,37
237687,NaN,NaN,37
237690,776.248536,687.5591218,37
237693,777.8970762,692.6632167,37
237696,NaN,NaN,37
237700,NaN,NaN,37
237703,773.723803,684.463152,37
237707,777.9492958,685.3861712,37
237710,NaN,NaN,37
237713,NaN,NaN,37
237716,773.8739115,689.5383653,37
237720,778.1192107,691.1140016,37
237723,775.5960749,685.7198772,37
237726,776.0423088,683.6229285,37
237730,773.730948,689.0583017,37
237733,776.6587232,680.3186176,37
237737,773.4416437,685.2402972,37
237740,773.506175,683.1086556,37
237743,769.6995424,691.4630243,37
237747,770.9824814,680.79697,37
237750,774.8769025,688.2690811,37
237753,775.4501449,688.8756949,37
237756,770.9579833,690.5464614,37
237760,773.0952789,684.6396098,37
237763,774.612003,689.9030511,37
237766,771.5808864,686.0191342,37
237770,771.2580103,691.8251994,37
237773,772.387372,686.599321,37
237777,773.1894532,680.7577236,37
237780,773.5510438,686.4909814,37
237783,777.2873357,688.4056686,37
237786,772.7354602,690.9832792,37
237790,770.6273802,687.1654605,37
237793,771.4138598,688.1803416,37
237796,773.5002234,688.8854504,37
237800,772.7254435,688.74373,37
237803,772.3524427,689.0653066,37
237807,770.8622447,689.4413848,37
237810,771.9333916,696.63981,37
237813,792.7586951,716.6372296,37
237816,823.6003907,755.1655057,37
237820,862.0432825,802.4489961,37
237823,NaN,NaN,37
237826,NaN,NaN,37
237830,NaN,NaN,37
237833,NaN,NaN,37
237836,NaN,NaN,37
237840,NaN,NaN,37
237843,896.5472365,845.4224479,37
237847,905.6722136,852.1016942,37
237850,907.0851652,854.050357,37
237853,NaN,NaN,37
237857,NaN,NaN,37
237860,NaN,NaN,37
237863,NaN,NaN,37
237866,NaN,NaN,37
237870,NaN,NaN,37
237873,917.3001206,876.9693192,37
237877,921.8378599,878.073763,37
237880,NaN,NaN,37
237883,NaN,NaN,37
237886,922.8299102,869.876373,37
237890,920.0581582,870.7487645,37
237893,917.9662205,874.9525919,37
237897,NaN,NaN,37
237900,NaN,NaN,37
237903,925.0490518,875.0781388,37
237906,921.59012,877.7250293,37
237910,917.079469,872.9931713,37
237913,NaN,NaN,37
237916,NaN,NaN,37
237920,NaN,NaN,37
237923,NaN,NaN,37
237926,918.6828505,876.3249843,37
237930,919.030326,872.4231619,37
237933,NaN,NaN,37
237936,NaN,NaN,37
237940,912.5550399,875.6933081,37
237943,920.7394057,878.4711614,37
237946,920.4123138,877.2783924,37
237950,NaN,NaN,37
237953,NaN,NaN,37
237956,NaN,NaN,37
237960,NaN,NaN,37
237963,NaN,NaN,37
237966,NaN,NaN,37
237970,NaN,NaN,37
237973,NaN,NaN,37
237976,917.7060616,872.4651395,37
237980,918.536594,874.0745915,37
237983,NaN,NaN,37
237986,NaN,NaN,37
237990,916.6753226,879.5452236,37
237993,NaN,NaN,37
237996,NaN,NaN,37
238000,NaN,NaN,37
238003,NaN,NaN,37
238006,NaN,NaN,37
238010,NaN,NaN,37
238013,NaN,NaN,37
238016,NaN,NaN,37
238020,920.2139354,878.7501397,37
238023,NaN,NaN,37
238026,NaN,NaN,37
238030,NaN,NaN,37
238033,NaN,NaN,37
238036,NaN,NaN,37
238040,NaN,NaN,37
238043,NaN,NaN,37
238046,NaN,NaN,37
238050,NaN,NaN,37
238053,NaN,NaN,37
238056,NaN,NaN,37
238060,NaN,NaN,37
238063,NaN,NaN,37
238066,NaN,NaN,37
238070,NaN,NaN,37
238073,NaN,NaN,37
238076,NaN,NaN,37
238080,NaN,NaN,37
238083,NaN,NaN,37
238086,NaN,NaN,37
238090,791.4931718,580.5293381,37
238093,785.133417,594.6486249,37
238096,780.9861534,594.9403666,37
238100,780.4551401,594.1551608,37
238103,783.3767174,586.0532615,37
238106,NaN,NaN,37
238110,NaN,NaN,37
238113,NaN,NaN,37
238116,NaN,NaN,37
238120,NaN,NaN,37
238123,NaN,NaN,37
238126,785.5290209,579.8558269,37
238130,784.4449624,581.1851952,37
238133,NaN,NaN,37
238136,NaN,NaN,37
238140,787.9502871,588.1675453,37
238143,785.8099589,584.7800519,37
238146,787.956999,583.9010443,37
238150,NaN,NaN,37
238153,NaN,NaN,37
238156,785.7521434,578.315897,37
238160,783.3769079,580.9274093,37
238163,NaN,NaN,37
238166,NaN,NaN,37
238170,784.7595663,579.2034682,37
238173,785.9982451,579.1537277,37
238176,NaN,NaN,37
238180,NaN,NaN,37
238183,NaN,NaN,37
238186,NaN,NaN,37
238190,NaN,NaN,37
238193,NaN,NaN,37
238196,785.7664707,581.5497481,37
238200,785.4298765,582.0602502,37
238203,NaN,NaN,37
238206,NaN,NaN,37
238210,NaN,NaN,37
238213,NaN,NaN,37
238216,NaN,NaN,37
238220,NaN,NaN,37
238223,NaN,NaN,37
238226,NaN,NaN,37
238230,785.5122986,586.3805271,37
238233,NaN,NaN,37
238236,NaN,NaN,37
238240,NaN,NaN,37
238243,NaN,NaN,37
238246,NaN,NaN,37
238250,NaN,NaN,37
238253,785.1795003,581.0470359,37
238256,785.1592554,578.769523,37
238260,NaN,NaN,37
238263,NaN,NaN,37
238266,NaN,NaN,37
238270,NaN,NaN,37
238273,NaN,NaN,37
238276,NaN,NaN,37
238280,732.5606743,577.2617597,37
238283,687.4685309,566.8825719,37
238286,644.1846753,556.09226,37
238290,603.4917604,544.2868333,37
238293,572.4953373,529.9689268,37
238296,541.4759166,525.6139078,37
238300,511.7667377,523.2385246,37
238303,NaN,NaN,37
238306,NaN,NaN,37
238310,NaN,NaN,37
238313,NaN,NaN,37
238316,NaN,NaN,37
238320,NaN,NaN,37
238323,358.0116681,472.337716,37
238326,381.9604355,487.1760567,37
238330,NaN,NaN,37
238333,NaN,NaN,37
238336,NaN,NaN,37
238340,NaN,NaN,37
238343,351.1722214,476.5769799,37
238346,351.1235969,470.3372302,37
238350,349.9560898,470.9171527,37
238353,NaN,NaN,37
238356,NaN,NaN,37
238360,NaN,NaN,37
238363,NaN,NaN,37
238366,356.1625925,456.7336709,37
238370,360.7070467,451.3147408,37
238373,NaN,NaN,37
238376,NaN,NaN,37
238380,NaN,NaN,37
238383,NaN,NaN,37
238386,NaN,NaN,37
238390,NaN,NaN,37
238393,NaN,NaN,37
238396,NaN,NaN,37
238400,NaN,NaN,37
238403,NaN,NaN,37
238406,NaN,NaN,37
238410,NaN,NaN,37
238413,NaN,NaN,37
238416,NaN,NaN,37
238420,NaN,NaN,37
238423,NaN,NaN,37
238426,NaN,NaN,37
238430,NaN,NaN,37
238433,NaN,NaN,37
238436,NaN,NaN,37
238440,360.0205865,450.1633292,37
238443,360.0898202,455.300899,37
238446,NaN,NaN,37
238450,NaN,NaN,37
238453,359.2370088,451.670295,37
238456,NaN,NaN,37
238460,NaN,NaN,37
238463,NaN,NaN,37
238466,NaN,NaN,37
238470,NaN,NaN,37
238473,NaN,NaN,37
238476,NaN,NaN,37
238480,NaN,NaN,37
238483,NaN,NaN,37
238486,NaN,NaN,37
238490,NaN,NaN,37
238493,NaN,NaN,37
238496,NaN,NaN,37
238500,NaN,NaN,37
238503,NaN,NaN,37
238506,NaN,NaN,37
238510,NaN,NaN,37
238513,NaN,NaN,37
238516,NaN,NaN,37
238520,NaN,NaN,37
238523,NaN,NaN,37
238526,NaN,NaN,37
238530,NaN,NaN,37
238533,NaN,NaN,37
238536,NaN,NaN,37
238540,NaN,NaN,37
238543,NaN,NaN,37
238546,NaN,NaN,37
238550,NaN,NaN,37
238553,NaN,NaN,37
238556,NaN,NaN,37
238560,NaN,NaN,37
238563,NaN,NaN,37
238566,NaN,NaN,37
238570,NaN,NaN,37
238573,NaN,NaN,37
238576,NaN,NaN,37
238580,NaN,NaN,37
238583,NaN,NaN,37
238586,NaN,NaN,37
238590,NaN,NaN,37
238593,NaN,NaN,37
238596,NaN,NaN,37
238600,NaN,NaN,37
238603,NaN,NaN,37
238606,NaN,NaN,37
238610,NaN,NaN,37
238613,NaN,NaN,37
238616,NaN,NaN,37
238620,NaN,NaN,37
238623,NaN,NaN,37
238626,NaN,NaN,37
238630,NaN,NaN,37
238633,NaN,NaN,37
238636,NaN,NaN,37
238640,NaN,NaN,37
238643,NaN,NaN,37
238646,NaN,NaN,37
238650,NaN,NaN,37
238653,NaN,NaN,37
238656,NaN,NaN,37
238660,NaN,NaN,37
238663,NaN,NaN,37
238666,NaN,NaN,37
238670,NaN,NaN,37
238673,NaN,NaN,37
238676,NaN,NaN,37
238680,NaN,NaN,37
238683,NaN,NaN,37
238686,NaN,NaN,37
238690,NaN,NaN,37
238693,NaN,NaN,37
238696,NaN,NaN,37
238700,NaN,NaN,37
238703,NaN,NaN,37
238706,NaN,NaN,37
238710,NaN,NaN,37
238713,NaN,NaN,37
238716,NaN,NaN,37
238720,NaN,NaN,37
238723,NaN,NaN,37
238726,NaN,NaN,37
238730,NaN,NaN,37
238733,NaN,NaN,37
238736,NaN,NaN,37
238740,NaN,NaN,37
238743,NaN,NaN,37
238746,NaN,NaN,37
238750,NaN,NaN,37
238753,NaN,NaN,37
238756,NaN,NaN,37
238760,NaN,NaN,37
238763,NaN,NaN,37
238766,NaN,NaN,37
238770,NaN,NaN,37
238773,NaN,NaN,37
238776,NaN,NaN,37
238780,NaN,NaN,37
238783,NaN,NaN,37
238786,NaN,NaN,37
238790,NaN,NaN,37
238793,NaN,NaN,37
238796,NaN,NaN,37
238800,NaN,NaN,37
238803,NaN,NaN,37
238806,NaN,NaN,37
238810,NaN,NaN,37
242479,947.2626701,693.6587495,38
242483,952.9918773,695.8964463,38
242486,950.4808947,693.2053278,38
242489,948.0673179,690.7292652,38
242492,948.8873606,695.4227752,38
242496,949.6040113,692.9680694,38
242499,947.2608809,690.5809216,38
242502,950.7961241,691.601719,38
242506,950.250081,694.560919,38
242509,954.7462976,695.7878874,38
242513,949.4624787,695.2518428,38
242516,953.0673489,693.7441289,38
242519,949.345927,693.6549107,38
242522,947.9822368,693.7170038,38
242526,946.9393202,697.9182833,38
242529,947.6619099,693.0555149,38
242532,946.6633957,695.8411201,38
242536,946.3963289,695.769941,38
242539,945.9809966,695.5674036,38
242543,947.4059493,690.0954562,38
242546,948.5080764,692.0569798,38
242549,947.3025739,694.5687776,38
242552,949.2987762,689.1190291,38
242556,947.5510839,692.2503964,38
242559,NaN,NaN,38
242562,NaN,NaN,38
242566,949.6277299,693.4253536,38
242569,946.4578706,691.7182552,38
242572,NaN,NaN,38
242576,NaN,NaN,38
242579,946.4806393,698.9003416,38
242583,948.4942312,691.7735019,38
242586,948.4830584,697.5573839,38
242589,NaN,NaN,38
242592,NaN,NaN,38
242596,949.3499545,693.8748761,38
242599,948.5064943,694.0794602,38
242602,947.6827799,697.0297756,38
242606,948.4098373,698.7995668,38
242609,948.7741722,697.9330977,38
242613,950.3671336,697.5368287,38
242616,948.5432021,699.2029639,38
242619,947.2834247,697.979496,38
242622,948.9018768,691.4009685,38
242626,945.5495881,692.1317165,38
242629,NaN,NaN,38
242632,NaN,NaN,38
242636,948.5891941,698.6246768,38
242639,948.2215559,697.0473379,38
242643,948.1319494,697.7919698,38
242646,946.7465354,699.2516107,38
242649,948.3212907,698.0936222,38
242652,949.0471279,702.2934076,38
242656,945.2758508,701.5422232,38
242659,948.6824237,697.8623662,38
242662,949.4320773,696.3029506,38
242666,946.734046,694.3605883,38
242669,946.3826656,694.7167405,38
242672,948.1302962,696.8656331,38
242676,949.0297908,694.247601,38
242679,947.5337281,697.1453457,38
242682,945.353261,702.1990329,38
242686,948.4534809,726.3821765,38
242689,935.2077342,763.806423,38
242692,930.6762544,801.6842755,38
242696,923.5009453,814.4657007,38
242699,NaN,NaN,38
242702,NaN,NaN,38
242706,926.1843398,839.5469227,38
242709,928.2741071,834.9187254,38
242713,929.8645145,842.2765628,38
242716,932.712331,836.651879,38
242719,933.4303577,831.5138156,38
242722,932.1809543,834.31543,38
242726,930.3242737,834.5944047,38
242729,929.1655551,842.6740749,38
242732,928.994769,845.5983879,38
242736,927.1815701,843.7811759,38
242739,924.2943924,852.2373483,38
242742,NaN,NaN,38
242746,NaN,NaN,38
242749,NaN,NaN,38
242752,NaN,NaN,38
242756,NaN,NaN,38
242759,NaN,NaN,38
242762,927.6637349,844.9099848,38
242766,925.6885018,846.1730431,38
242769,NaN,NaN,38
242772,NaN,NaN,38
242776,924.0195079,846.1230764,38
242779,NaN,NaN,38
242782,NaN,NaN,38
242786,NaN,NaN,38
242789,NaN,NaN,38
242792,NaN,NaN,38
242796,NaN,NaN,38
242799,NaN,NaN,38
242802,NaN,NaN,38
242806,NaN,NaN,38
242809,NaN,NaN,38
242812,NaN,NaN,38
242816,NaN,NaN,38
242819,NaN,NaN,38
242822,NaN,NaN,38
242826,NaN,NaN,38
242829,NaN,NaN,38
242832,NaN,NaN,38
242836,NaN,NaN,38
242839,NaN,NaN,38
242842,NaN,NaN,38
242846,929.7715961,845.6003899,38
242849,927.1702036,848.8159675,38
242852,927.8978362,848.3390615,38
242856,930.4071618,850.748745,38
242859,NaN,NaN,38
242862,NaN,NaN,38
242866,NaN,NaN,38
242869,NaN,NaN,38
242872,NaN,NaN,38
242876,NaN,NaN,38
242879,NaN,NaN,38
242882,866.8432041,795.4301362,38
242886,856.1959524,783.7736098,38
242889,851.2249942,768.6754344,38
242892,846.9856841,760.5112596,38
242896,NaN,NaN,38
242899,NaN,NaN,38
242902,NaN,NaN,38
242906,NaN,NaN,38
242909,NaN,NaN,38
242912,NaN,NaN,38
242916,NaN,NaN,38
242919,NaN,NaN,38
242922,NaN,NaN,38
242926,NaN,NaN,38
242929,NaN,NaN,38
242932,NaN,NaN,38
242936,NaN,NaN,38
242939,NaN,NaN,38
242942,NaN,NaN,38
242946,NaN,NaN,38
242949,NaN,NaN,38
242952,NaN,NaN,38
242956,NaN,NaN,38
242959,NaN,NaN,38
242962,NaN,NaN,38
242966,NaN,NaN,38
242969,NaN,NaN,38
242972,NaN,NaN,38
242976,NaN,NaN,38
242979,NaN,NaN,38
242982,NaN,NaN,38
242986,NaN,NaN,38
242989,NaN,NaN,38
242992,NaN,NaN,38
242996,NaN,NaN,38
242999,NaN,NaN,38
243002,NaN,NaN,38
243006,NaN,NaN,38
243009,NaN,NaN,38
243012,NaN,NaN,38
243016,NaN,NaN,38
243019,NaN,NaN,38
243022,NaN,NaN,38
243026,NaN,NaN,38
243029,NaN,NaN,38
243032,NaN,NaN,38
243036,NaN,NaN,38
243039,1150.639177,491.3414096,38
243042,1140.168541,477.0623359,38
243046,1150.634779,526.3077775,38
243049,1143.991297,520.98282,38
243052,1142.978351,525.4837915,38
243056,1142.292777,533.9213916,38
243059,1138.60453,524.1072044,38
243062,1144.542333,490.0099374,38
243066,1145.220811,499.9147254,38
243069,1143.495958,493.5798937,38
243072,1150.33042,486.710024,38
243076,1144.909463,489.8037138,38
243079,NaN,NaN,38
243082,NaN,NaN,38
243086,NaN,NaN,38
243089,1148.147557,494.1302654,38
243092,1148.087063,487.6458562,38
243096,1149.128273,495.7681616,38
243099,1148.252862,493.2164321,38
243102,1149.166079,489.7284282,38
243106,1148.091395,483.3541774,38
243109,1150.063391,490.3968583,38
243112,1151.681586,487.4397159,38
243116,1149.277627,486.2964574,38
243119,1151.092297,483.6957033,38
243122,1146.113591,485.6590817,38
243126,1145.58075,487.7243825,38
243129,1151.05814,488.3774822,38
243132,1150.063538,486.0648417,38
243136,1146.287375,487.2214557,38
243139,1150.090018,486.0342235,38
243142,1144.895702,491.6487487,38
243146,1146.731151,486.7476043,38
243149,1147.519787,485.5803359,38
243152,1145.838539,486.7590631,38
243156,1146.784067,490.7547854,38
243159,1149.648226,482.2230535,38
243162,1150.134019,486.943144,38
243166,1148.69226,492.3142704,38
243169,1150.640761,486.225892,38
243172,1151.460081,493.8546051,38
243176,1150.810875,487.4939954,38
243179,1151.752598,490.9572026,38
243182,1147.312384,487.264834,38
243186,1147.273231,490.7793263,38
243189,1148.712887,489.5463284,38
243192,1147.28845,488.3514793,38
243196,1148.47118,488.7644422,38
243199,1149.379031,491.2027591,38
243202,1148.873202,488.1998012,38
243206,1150.507877,490.2049106,38
243209,1148.714061,485.7726859,38
243212,1146.982264,488.6241767,38
243216,1149.128119,493.9975262,38
243219,1147.817267,491.0663684,38
243222,1147.938375,496.7777804,38
243226,1145.008967,493.9209697,38
243229,1151.234082,490.3444013,38
243232,1148.453584,491.5965228,38
243236,1149.730409,490.7258747,38
243239,1149.657174,482.0014302,38
243242,1145.039102,486.8385294,38
243246,1147.839247,488.998829,38
243249,1148.417746,492.1978835,38
243252,1151.005223,486.1453503,38
243256,1154.129468,487.7996804,38
243259,1147.101378,484.3339209,38
243262,1151.754728,488.1443859,38
243266,1149.781176,488.8955442,38
243269,1149.975111,486.631501,38
243272,1150.702161,490.4268956,38
243276,1149.683903,486.8578316,38
243279,1150.916576,491.3590823,38
243282,1152.397929,487.2586592,38
243286,1150.646927,490.4611237,38
243289,1150.693482,488.1423219,38
243292,1151.068314,488.264499,38
243296,1151.696116,489.2009829,38
243299,1148.304115,490.7873365,38
243302,1149.042627,488.1110995,38
243306,1147.053666,486.8745309,38
243309,1147.856207,485.5115642,38
243312,1146.350692,492.934703,38
243316,1149.489744,491.4979631,38
243319,1154.623226,486.1544889,38
243322,1148.203217,486.881015,38
243326,1150.71084,479.7169949,38
243329,1153.30633,486.4032443,38
243332,1150.415744,486.2038083,38
243336,1148.547068,489.0531883,38
243339,1147.091989,489.732484,38
243342,1152.321132,488.6285296,38
243346,1147.303153,488.4350782,38
243349,1148.622868,484.5281922,38
243352,1150.230523,484.2754314,38
243356,1148.603962,484.1848201,38
243359,1150.744576,488.7122897,38
243362,1148.474031,482.2358794,38
243366,1152.559615,488.884807,38
243369,1148.012647,488.4890198,38
243372,1152.349011,487.1578138,38
243376,1149.49362,483.6604595,38
243379,1149.798412,482.9187835,38
243382,1149.288783,486.6969874,38
243386,1152.682094,489.9500106,38
243389,1152.345542,488.1231387,38
243392,1149.908469,489.2410972,38
243396,1150.30851,485.1251212,38
243399,1151.028919,491.3814941,38
243402,1151.68069,489.361722,38
243406,1149.862338,483.53791,38
243409,1153.260316,487.0450198,38
243412,1152.068108,480.8785069,38
243416,1150.545755,487.5257505,38
243419,1151.182129,485.7529799,38
243422,1152.466474,490.2414666,38
243426,1149.233491,487.3286278,38
243429,1150.38673,489.1553656,38
243432,NaN,NaN,38
243436,NaN,NaN,38
243439,1148.538355,483.3216876,38
243442,1148.160116,483.7923067,38
243446,1151.197787,486.9675821,38
243449,1148.626427,485.9894328,38
243452,1153.273751,488.8305212,38
243456,1153.639372,489.0543603,38
243459,1155.42375,489.445733,38
243462,1151.692178,487.9620493,38
243466,1151.70103,488.2697295,38
243469,1150.339693,486.9667705,38
243472,1153.057445,484.5539162,38
243476,NaN,NaN,38
243479,NaN,NaN,38
243482,NaN,NaN,38
243486,NaN,NaN,38
243489,NaN,NaN,38
243492,NaN,NaN,38
243496,1152.546341,486.2620334,38
243499,1151.938611,486.171108,38
243502,NaN,NaN,38
243506,NaN,NaN,38
247195,NaN,NaN,39
247198,NaN,NaN,39
247202,NaN,NaN,39
247205,NaN,NaN,39
247209,933.0706977,904.9772613,39
247212,NaN,NaN,39
247215,NaN,NaN,39
247218,935.9449961,900.4503714,39
247222,935.4892584,901.3679142,39
247225,936.0421936,902.2310091,39
247228,NaN,NaN,39
247232,NaN,NaN,39
247235,935.8101137,907.1778205,39
247238,NaN,NaN,39
247242,NaN,NaN,39
247245,922.370302,905.2771815,39
247248,923.9422746,903.6173846,39
247252,NaN,NaN,39
247255,NaN,NaN,39
247258,NaN,NaN,39
247262,NaN,NaN,39
247265,924.7378577,906.6741431,39
247269,922.253442,906.1959617,39
247272,924.2976627,906.2928099,39
247275,921.4597865,897.7058022,39
247278,NaN,NaN,39
247282,NaN,NaN,39
247285,NaN,NaN,39
247288,NaN,NaN,39
247292,918.778045,906.1125827,39
247295,921.4388726,903.4556776,39
247299,918.617999,909.0968421,39
247302,NaN,NaN,39
247305,NaN,NaN,39
247309,NaN,NaN,39
247312,NaN,NaN,39
247315,NaN,NaN,39
247318,NaN,NaN,39
247322,919.8744778,900.7223844,39
247325,918.9388459,898.915664,39
247328,NaN,NaN,39
247332,NaN,NaN,39
247335,NaN,NaN,39
247339,NaN,NaN,39
247342,NaN,NaN,39
247345,NaN,NaN,39
247348,NaN,NaN,39
247352,NaN,NaN,39
247355,NaN,NaN,39
247358,NaN,NaN,39
247362,923.664303,899.7257732,39
247365,918.7414311,909.302523,39
247369,919.8888833,899.5465483,39
247372,922.9285895,899.2859125,39
247375,NaN,NaN,39
247378,NaN,NaN,39
247382,919.5059942,905.2924001,39
247385,NaN,NaN,39
247388,NaN,NaN,39
247392,920.1628607,904.2708587,39
247395,916.2336492,902.7234281,39
247398,922.1734828,903.8736213,39
247402,922.3927687,904.6576388,39
247405,923.9165715,903.6508208,39
247408,925.960694,906.5213341,39
247412,923.9489289,902.9560418,39
247415,919.4785611,906.3389535,39
247418,924.751359,905.390357,39
247422,922.6306778,902.2424081,39
247425,925.0941501,904.8159369,39
247428,NaN,NaN,39
247432,NaN,NaN,39
247435,926.6592187,904.4726483,39
247439,928.3488585,907.3402101,39
247442,NaN,NaN,39
247445,NaN,NaN,39
247448,921.3261505,915.6521475,39
247452,929.691631,940.8697491,39
247455,NaN,NaN,39
247458,NaN,NaN,39
247462,NaN,NaN,39
247465,NaN,NaN,39
247468,NaN,NaN,39
247472,NaN,NaN,39
247475,NaN,NaN,39
247478,NaN,NaN,39
247482,NaN,NaN,39
247485,NaN,NaN,39
247488,NaN,NaN,39
247492,NaN,NaN,39
247495,NaN,NaN,39
247498,NaN,NaN,39
247502,NaN,NaN,39
247505,NaN,NaN,39
247509,NaN,NaN,39
247512,NaN,NaN,39
247515,NaN,NaN,39
247518,NaN,NaN,39
247522,NaN,NaN,39
247525,NaN,NaN,39
247528,NaN,NaN,39
247532,NaN,NaN,39
247535,NaN,NaN,39
247538,NaN,NaN,39
247542,NaN,NaN,39
247545,NaN,NaN,39
247548,NaN,NaN,39
247552,NaN,NaN,39
247555,NaN,NaN,39
247558,NaN,NaN,39
247562,NaN,NaN,39
247565,NaN,NaN,39
247568,NaN,NaN,39
247572,NaN,NaN,39
247575,NaN,NaN,39
247578,NaN,NaN,39
247582,NaN,NaN,39
247585,NaN,NaN,39
247588,NaN,NaN,39
247592,NaN,NaN,39
247595,NaN,NaN,39
247598,NaN,NaN,39
247602,NaN,NaN,39
247605,NaN,NaN,39
247608,NaN,NaN,39
247612,NaN,NaN,39
247615,NaN,NaN,39
247618,NaN,NaN,39
247622,NaN,NaN,39
247625,NaN,NaN,39
247628,861.9342465,514.163926,39
247632,870.3717876,523.4585448,39
247635,871.2765872,531.6867301,39
247638,871.1950661,530.1570518,39
247642,866.5989725,534.5698166,39
247645,861.7700774,522.2685526,39
247648,873.2787811,513.1219217,39
247652,872.5057948,514.8363789,39
247655,869.098059,507.2023803,39
247658,873.9022926,512.9064455,39
247662,896.34786,501.836648,39
247665,937.6064707,508.8135529,39
247668,990.2899158,508.3152079,39
247672,1045.695506,498.5653251,39
247675,1100.038599,498.947823,39
247678,1143.234613,501.3689203,39
247682,1185.263862,498.6644422,39
247685,1230.593026,497.7552972,39
247688,1276.509023,504.6772626,39
247692,1314.037311,509.3347204,39
247695,1358.34811,508.6771877,39
247698,1394.194149,503.8318611,39
247702,1431.184766,492.7693034,39
247705,1465.659437,496.5668784,39
247708,1481.244618,499.1154608,39
247712,1475.214798,502.0115607,39
247715,1454.292639,504.464008,39
247718,1444.085053,502.3645844,39
247722,1444.799516,499.1862667,39
247725,1454.562757,498.5609514,39
247728,1465.31932,500.0439146,39
247732,1468.788413,502.0578964,39
247735,1470.879409,502.4919124,39
247738,1468.957949,500.4067339,39
247742,1464.940141,502.3218484,39
247745,1467.239587,504.1200785,39
247748,1466.08427,506.6377001,39
247752,1462.53048,495.8899477,39
247755,1464.220467,505.2081649,39
247758,1459.087455,504.2929339,39
247762,1461.731204,506.3139851,39
247765,1461.033741,506.5424061,39
247768,1457.715718,511.8878482,39
247772,1465.728217,503.894076,39
247775,1460.917386,504.5668787,39
247778,1459.633401,506.6675193,39
247782,1460.361931,506.4201167,39
247785,1463.902381,507.5915824,39
247788,1461.45753,505.6799734,39
247792,1464.808345,504.5654821,39
247795,1462.378104,504.1935298,39
247798,1462.649573,505.4046138,39
247802,1463.996769,508.5722096,39
247805,1460.325918,509.0796831,39
247808,1463.244535,506.5838128,39
247812,1466.510899,507.8282823,39
247815,1463.209568,506.4189749,39
247818,1462.741938,506.3566768,39
247822,1460.343346,510.5615264,39
247825,1463.318609,507.648519,39
247828,1457.489416,509.8837944,39
247832,1458.480591,511.027811,39
247835,1460.918122,511.2176712,39
247838,1460.20045,504.9590073,39
247842,1460.923958,508.2999423,39
247845,1460.894948,507.411001,39
247848,1459.650687,506.5706891,39
247852,1460.843245,506.831839,39
247855,1458.564378,510.8952327,39
247858,1461.39514,508.0635179,39
247862,1461.601215,509.9669976,39
247865,1463.509713,510.9401318,39
247868,1463.116622,508.143124,39
247872,1460.689787,511.7599809,39
247875,1462.969564,508.6430776,39
247878,1458.953708,507.3248242,39
247882,1461.020218,512.2551369,39
247885,1458.065427,510.8563446,39
247888,1460.533169,513.5664916,39
247892,1461.523526,508.807961,39
247895,1455.917614,511.4201197,39
247898,1461.087291,511.0379633,39
247902,1457.32613,511.0062648,39
247905,1461.87938,511.4131445,39
247908,1458.804749,507.5356516,39
247912,1457.375622,511.462748,39
247915,1461.850123,511.7154109,39
247918,1464.16903,513.7711907,39
247922,1458.980874,510.1784628,39
247925,1459.901755,514.8247514,39
247928,1460.088446,513.2043967,39
247932,1460.310726,515.2246712,39
247935,1458.613116,516.8221369,39
247938,1459.080805,513.086935,39
247942,1460.48549,513.0318446,39
247945,1460.490749,511.9227878,39
247948,1459.521023,512.2308763,39
247952,1462.93981,509.607171,39
247955,1462.467721,509.4322527,39
247958,1458.467521,511.0520477,39
247962,1461.330568,510.7314248,39
247965,1463.828307,512.6690577,39
247968,1456.102067,507.4847457,39
247972,1458.686376,513.1003367,39
247975,1459.575202,507.3136502,39
247978,1459.99313,513.3786516,39
247982,1459.902954,506.9324965,39
247985,1459.642529,512.7631682,39
247988,1456.255538,510.6861875,39
247992,1458.890154,505.0728583,39
247995,1460.091294,508.2341517,39
247998,1477.794328,516.4777622,39
248002,1510.699991,516.4067499,39
248005,1541.019921,518.6136783,39
248008,1570.445277,522.7971375,39
248012,1581.872522,525.377505,39
248015,1583.019163,530.9252107,39
248018,1578.824702,530.7237586,39
248022,1570.401589,529.6536171,39
248025,1559.910496,534.5571762,39
248028,1554.23855,528.8233702,39
248032,1550.297039,526.639476,39
248035,1561.226372,526.4671696,39
248038,1570.803732,527.8467473,39
248042,1572.882784,528.8615134,39
248045,1577.041728,529.0605034,39
248048,1566.900387,526.894352,39
248052,1570.849252,527.1910905,39
248055,1564.863015,531.8762086,39
248058,1567.439731,523.2190396,39
248062,1563.150785,526.8720287,39
248065,1566.502559,525.6705704,39
248068,1562.601927,526.4252371,39
248072,1564.917297,524.4825318,39
248075,1561.352679,524.5026685,39
248078,1563.764825,526.6512247,39
248082,1565.679533,528.2126656,39
248085,1563.189393,526.4833913,39
248088,1565.449541,528.4432809,39
248092,1563.623502,528.4589162,39
248095,1565.153566,520.7793873,39
248098,1567.623057,530.0948267,39
248102,1563.063804,524.2436535,39
248105,1565.385738,523.6741739,39
248108,1566.074192,524.0189858,39
248112,1560.801374,528.1834236,39
248115,1568.80378,526.5463832,39
248118,1563.766954,529.3243444,39
248122,1562.731015,527.8025515,39
248125,1564.254812,527.5694652,39
248128,1563.288828,526.5716131,39
248132,1562.325022,530.3067425,39
248135,1563.916483,529.2357698,39
248138,1569.762851,528.7355814,39
248142,1562.797068,529.1342209,39
248145,NaN,NaN,39
248148,NaN,NaN,39
248152,1563.786741,529.4244985,39
248155,1564.656429,529.7701553,39
248158,1563.041335,530.7447685,39
248162,1568.183223,527.6975188,39
248165,1565.084207,525.2899062,39
248168,1564.683418,524.3559252,39
248172,1566.492824,524.3067104,39
248175,1566.752091,520.1565956,39
248178,1562.855452,522.850662,39
248182,1566.798081,530.142101,39
248185,1567.333053,525.9948378,39
248188,1567.863262,527.1019608,39
248192,1567.079993,526.4444839,39
248195,1564.639355,527.4065407,39
248198,1570.10844,526.6133293,39
248202,1560.95446,523.7269289,39
248205,1565.357929,524.5253907,39
248208,1563.935297,529.1261752,39
248212,1563.259405,529.32807,39
248215,1566.258481,525.6921055,39
248218,1562.806087,525.2147568,39
251894,959.0398356,561.4902244,40
251898,955.1453677,567.6432564,40
251901,956.1564588,560.7844352,40
251905,952.7676265,569.8960263,40
251908,NaN,NaN,40
251911,NaN,NaN,40
251915,NaN,NaN,40
251918,NaN,NaN,40
251921,NaN,NaN,40
251924,NaN,NaN,40
251928,NaN,NaN,40
251931,NaN,NaN,40
251935,952.011029,573.9701195,40
251938,955.2695109,566.3475055,40
251941,954.0447602,560.4312882,40
251944,954.058612,569.1685599,40
251948,959.4984754,565.4890658,40
251951,NaN,NaN,40
251954,NaN,NaN,40
251958,NaN,NaN,40
251961,NaN,NaN,40
251964,951.7773455,581.3398596,40
251968,957.44755,566.3779343,40
251971,952.1868861,557.4547349,40
251975,954.9237702,564.7035096,40
251978,957.3608386,549.5714486,40
251981,NaN,NaN,40
251984,NaN,NaN,40
251988,NaN,NaN,40
251991,NaN,NaN,40
251994,NaN,NaN,40
251998,NaN,NaN,40
252001,953.2489046,570.3779407,40
252005,956.5874463,572.2646375,40
252008,954.7147677,570.7334558,40
252011,957.028282,570.7965283,40
252015,956.5456669,564.6473001,40
252018,955.3584111,560.9119659,40
252021,956.4413199,564.1522849,40
252024,952.335194,569.4990851,40
252028,958.6865496,572.8769882,40
252031,954.9850257,564.723451,40
252034,953.0426059,561.9875418,40
252038,950.9023978,558.0989866,40
252041,955.1722379,565.9230684,40
252045,951.5179357,560.1441998,40
252048,958.8729876,554.1610087,40
252051,953.703317,565.9132955,40
252054,956.5759821,572.4569665,40
252058,953.3949421,570.5982084,40
252061,952.1754233,568.3401233,40
252064,948.3071766,573.0149755,40
252068,956.3278523,571.23104,40
252071,952.7357707,570.6180693,40
252075,954.0970965,565.6886362,40
252078,953.1104716,567.8123157,40
252081,951.8795756,571.5784018,40
252084,951.630317,558.6674018,40
252088,950.0908666,568.6399573,40
252091,950.7632137,566.2944076,40
252094,951.1834883,568.2435214,40
252098,952.0061402,567.8145261,40
252101,956.126829,567.1190317,40
252104,949.6538206,570.6932422,40
252108,955.9739805,588.0133985,40
252111,945.4209341,608.8957211,40
252114,923.1483407,661.5225449,40
252118,903.8381816,712.1776933,40
252121,890.1181246,760.4126964,40
252124,NaN,NaN,40
252128,NaN,NaN,40
252131,NaN,NaN,40
252134,NaN,NaN,40
252138,NaN,NaN,40
252141,923.849581,833.7282247,40
252145,919.1375532,825.9452097,40
252148,909.8671254,816.1052008,40
252151,906.8798533,817.4417398,40
252154,903.1353312,825.6908822,40
252158,910.3406056,837.8200923,40
252161,907.1111443,845.6045898,40
252164,908.6417592,848.5866918,40
252168,909.3272002,847.9901396,40
252171,910.442101,846.8959822,40
252174,907.062038,847.2356387,40
252178,912.2756011,842.138753,40
252181,915.808215,839.1095491,40
252184,912.3341007,841.6665475,40
252188,912.4530005,837.549911,40
252191,908.2927675,842.9318909,40
252194,911.1631129,845.5620945,40
252198,908.1416604,846.404083,40
252201,909.7105596,840.9255196,40
252204,913.6142284,839.326487,40
252208,908.024469,836.7113414,40
252211,908.6479367,841.1613088,40
252214,909.573345,845.5237426,40
252218,907.4629066,840.397012,40
252221,907.2247557,841.2727618,40
252224,910.4854152,842.4149963,40
252228,906.9725984,842.7926205,40
252231,NaN,NaN,40
252234,NaN,NaN,40
252238,908.2753849,844.297586,40
252241,908.6233795,843.3496842,40
252244,915.9448504,845.0600223,40
252248,912.8583312,844.315875,40
252251,910.2299181,842.4769832,40
252254,911.6798656,841.3062662,40
252258,910.3960307,846.9059009,40
252261,910.4753392,842.7264695,40
252264,907.3501609,843.3287389,40
252268,910.0942896,843.8345922,40
252271,907.7014068,840.3605218,40
252274,907.1888347,845.052514,40
252278,911.5747475,848.2980533,40
252281,909.7174879,848.9198657,40
252284,911.756318,847.0537749,40
252288,912.4930377,849.2254236,40
252291,902.5704873,834.8500241,40
252294,885.261391,818.5674419,40
252298,853.7594355,783.7529292,40
252301,NaN,NaN,40
252304,NaN,NaN,40
252308,785.505202,669.081037,40
252311,782.9348046,632.3698851,40
252314,783.5488754,602.6205019,40
252318,780.5322205,589.3099327,40
252321,778.1448496,564.0250893,40
252324,775.6939462,549.5026363,40
252328,783.0475575,535.2574585,40
252331,784.3771994,511.7907023,40
252334,790.9681763,501.5143965,40
252338,790.3205487,504.9299105,40
252341,780.2896854,513.8684342,40
252344,777.3672944,518.1811289,40
252348,777.6955298,525.3060923,40
252351,777.0787913,518.7576047,40
252354,778.082356,510.92408,40
252358,777.7691007,509.9965264,40
252361,783.050198,507.2173854,40
252364,783.4414834,504.9655989,40
252368,782.1573195,501.3059482,40
252371,781.7788152,509.2036958,40
252374,782.3451096,506.6638186,40
252378,779.9852681,509.6245352,40
252381,779.6274012,510.9717822,40
252384,778.0368149,512.7242052,40
252388,779.7355181,508.8809624,40
252391,781.7646368,505.6357739,40
252394,783.5533609,510.3602032,40
252398,778.4122568,510.3397707,40
252401,780.4525935,507.5934453,40
252404,783.7311997,510.6075932,40
252408,781.6046996,511.9430723,40
252411,782.2763233,503.0353387,40
252414,780.8540565,507.0418107,40
252418,783.2692565,506.5102256,40
252421,779.6926571,499.704815,40
252424,782.3441937,499.2862039,40
252428,781.9969168,502.7588722,40
252431,781.2274171,507.9452197,40
252434,777.2964507,511.8120425,40
252438,783.1954834,504.6931975,40
252441,781.0582312,501.9696573,40
252444,783.8314357,506.5569411,40
252448,779.2887252,505.6556452,40
252451,783.0942516,508.6872244,40
252454,782.7491917,500.4858855,40
252458,782.1104331,502.1080719,40
252461,777.9589216,504.7169452,40
252464,782.7594847,506.943796,40
252468,777.9542646,509.7292196,40
252471,781.4183751,506.9044201,40
252474,779.6294788,508.0052435,40
252478,780.185093,508.6599023,40
252481,782.1523963,511.1981926,40
252484,785.4314199,507.2499294,40
252488,780.5990639,506.6742671,40
252491,782.4314208,509.3571453,40
252494,781.5327679,503.8063499,40
252498,777.4652747,509.7734046,40
252501,783.4489112,514.2928858,40
252504,781.7131048,507.8916611,40
252508,777.4907459,513.0198464,40
252511,783.0790742,507.4833148,40
252514,778.8403346,508.6238667,40
252518,779.3282315,506.093538,40
252521,781.4759723,509.0110908,40
252524,778.8382715,514.1405804,40
252528,780.7159213,509.5799951,40
252531,783.1454598,508.4489173,40
252534,781.0682067,509.4379103,40
252538,778.9793696,508.7780977,40
252541,782.0756652,505.4216069,40
252544,783.1041331,508.2842259,40
252548,783.5807699,507.4905407,40
252551,782.8638657,508.4790788,40
252554,781.2054781,510.0553829,40
252558,779.009347,511.4565764,40
252561,778.1792323,509.2809375,40
252564,781.7046606,505.6270678,40
252568,783.9826558,507.9542494,40
252571,779.7877189,510.4844491,40
252574,777.0443681,509.6839587,40
252578,780.1914634,505.5218618,40
252581,780.2496833,506.8222448,40
252584,783.1622398,504.3843515,40
252588,781.8306753,505.2888971,40
252591,782.7380897,504.2139181,40
252594,783.6727832,499.5657758,40
252598,778.3258259,510.8270858,40
252601,775.6648613,510.9254166,40
252604,780.0757466,499.697797,40
252608,782.1906826,503.3287316,40
252611,786.1638633,502.4096269,40
252614,781.0356373,508.2712282,40
252618,782.177536,505.9270244,40
252621,NaN,NaN,40
252624,NaN,NaN,40
252628,NaN,NaN,40
252631,NaN,NaN,40
252634,778.5918852,509.9028274,40
252638,780.8353311,508.5731151,40
252641,779.4695497,508.200595,40
252644,778.6776828,508.6697228,40
252648,779.565598,510.3474771,40
252651,780.6731421,503.1221912,40
252654,778.7059549,505.1044194,40
252658,780.247257,508.2158532,40
252661,779.5541477,506.7767105,40
252664,779.3215608,509.5255657,40
252668,779.8309879,505.10439,40
252671,779.7253661,504.1370911,40
252674,780.6729655,507.9242297,40
252678,777.9923891,505.0263055,40
252681,776.4988444,499.3201332,40
252684,781.799898,507.2958387,40
252688,778.969495,503.3685374,40
252691,781.9033226,505.6531727,40
257830,830.3043898,599.5731435,41
257834,829.4203483,599.3768673,41
257837,834.8001435,595.0147742,41
257840,827.4205552,594.9949058,41
257844,828.6954829,602.29513,41
257847,829.492096,597.7544003,41
257850,828.1602673,609.0997543,41
257854,834.6479065,586.334339,41
257857,830.0740862,590.5020472,41
257860,828.4641147,594.3241599,41
257864,831.2288336,601.5460064,41
257867,828.1391855,600.2379653,41
257870,828.6223565,602.1775277,41
257874,831.423134,595.1208682,41
257877,824.7487718,596.4320567,41
257880,826.7326371,598.0435982,41
257884,835.1820482,603.9652015,41
257887,829.7720417,598.9920553,41
257890,835.2373535,600.6359167,41
257894,832.9047249,598.9851141,41
257897,832.554132,594.1138158,41
257900,831.7387277,599.6264411,41
257904,828.0621994,600.406039,41
257907,831.1199812,601.6041398,41
257910,835.0265346,600.8528596,41
257914,827.7174742,590.275251,41
257917,832.5686186,597.9198627,41
257920,832.3624619,600.1730675,41
257924,826.0619412,600.119452,41
257927,830.6015983,607.9538829,41
257930,830.96492,600.9693322,41
257934,835.2529333,600.3577265,41
257937,835.7453411,597.6557753,41
257940,832.0043527,604.3449577,41
257944,830.0245981,602.1461513,41
257947,834.0100506,601.2718105,41
257950,833.6017551,592.3561689,41
257954,834.0246627,597.6499424,41
257957,835.3586435,602.1771494,41
257960,838.3536647,590.069608,41
257964,834.1983697,601.7010231,41
257967,831.7255973,596.8826863,41
257970,831.9965024,602.8441755,41
257974,832.2304666,600.5867314,41
257977,838.5708125,608.4832036,41
257980,834.9258292,596.9525301,41
257984,830.7479313,603.3760111,41
257987,834.4130436,598.128002,41
257990,837.961306,602.646412,41
257994,833.3347143,596.6133367,41
257997,828.2578712,600.0624021,41
258000,835.7366117,603.6240328,41
258004,832.3922843,603.1371541,41
258007,836.6243535,598.4324048,41
258010,831.2300181,598.9592129,41
258014,836.3840574,607.9374789,41
258017,838.5031967,602.6287572,41
258020,835.9749395,604.0682044,41
258024,834.0962685,601.5631725,41
258027,838.4031802,590.1755925,41
258030,833.290153,604.5378904,41
258034,833.6856921,597.8957622,41
258037,837.1992665,596.6677068,41
258040,837.916158,600.678623,41
258044,830.101347,601.5897958,41
258047,835.3189758,591.0083354,41
258050,835.2873106,589.909472,41
258054,833.0072874,598.0440235,41
258057,832.9022586,602.2453343,41
258060,830.1728,602.1810136,41
258064,835.0542465,618.1833941,41
258067,848.6969999,637.5994589,41
258070,863.7683657,664.0116397,41
258074,888.1716206,688.9925372,41
258077,913.3996045,685.1364414,41
258080,925.366881,694.676017,41
258084,930.7581391,702.9944075,41
258087,934.2370681,714.1324646,41
258090,931.0110772,729.1050375,41
258094,942.983333,744.997154,41
258097,NaN,NaN,41
258100,NaN,NaN,41
258104,NaN,NaN,41
258107,NaN,NaN,41
258110,NaN,NaN,41
258114,NaN,NaN,41
258117,NaN,NaN,41
258120,NaN,NaN,41
258124,NaN,NaN,41
258127,NaN,NaN,41
258130,NaN,NaN,41
258134,NaN,NaN,41
258137,NaN,NaN,41
258140,NaN,NaN,41
258144,NaN,NaN,41
258147,NaN,NaN,41
258150,NaN,NaN,41
258154,NaN,NaN,41
258157,NaN,NaN,41
258160,NaN,NaN,41
258164,NaN,NaN,41
258167,NaN,NaN,41
258170,NaN,NaN,41
258174,NaN,NaN,41
258177,NaN,NaN,41
258180,NaN,NaN,41
258184,NaN,NaN,41
258187,NaN,NaN,41
258190,NaN,NaN,41
258194,NaN,NaN,41
258197,NaN,NaN,41
258200,NaN,NaN,41
258204,NaN,NaN,41
258207,NaN,NaN,41
258210,NaN,NaN,41
258214,NaN,NaN,41
258217,NaN,NaN,41
258220,997.1376283,1058.414813,41
258224,NaN,NaN,41
258227,NaN,NaN,41
258230,NaN,NaN,41
258234,NaN,NaN,41
258237,NaN,NaN,41
258240,NaN,NaN,41
258244,964.32296,876.5024676,41
258247,961.6785047,875.4113055,41
258250,965.5523102,875.0614956,41
258254,947.5535894,899.0866826,41
258257,957.3336898,891.4934964,41
258260,949.4944758,881.7387884,41
258264,939.749345,871.3366929,41
258267,947.2351843,874.410547,41
258270,942.2976672,868.5200657,41
258274,925.4408395,841.1909896,41
258277,NaN,NaN,41
258280,NaN,NaN,41
258284,NaN,NaN,41
258287,NaN,NaN,41
258290,NaN,NaN,41
258294,NaN,NaN,41
258297,NaN,NaN,41
258300,801.9344581,588.3924645,41
258304,794.758086,567.2090391,41
258307,783.3130683,534.0842955,41
258310,778.1605609,513.1277488,41
258314,777.8116936,504.3855068,41
258317,775.5228776,500.4772824,41
258320,777.4753318,515.3992697,41
258324,777.3601772,514.8316732,41
258327,775.1530658,524.9762851,41
258330,775.868823,523.6355582,41
258334,774.610012,519.3454956,41
258337,770.6322163,509.7741733,41
258340,769.2616417,503.0192448,41
258344,770.1871947,501.3581689,41
258347,771.8640496,503.4390114,41
258350,774.1594296,494.2551262,41
258354,773.8073852,501.3500482,41
258357,772.6220112,508.8277986,41
258360,772.2333704,503.6196607,41
258364,776.0230948,507.5877769,41
258367,772.330257,507.4839367,41
258370,773.8210754,499.9208663,41
258374,774.9073249,509.1861553,41
258377,772.87751,503.7238164,41
258380,771.1669328,503.0618446,41
258384,775.4621594,505.6490853,41
258387,772.2569879,502.3333239,41
258390,775.5134977,498.4965922,41
258394,772.4450158,502.244079,41
258397,772.6386114,503.1025842,41
258400,771.4473369,505.9893843,41
258404,NaN,NaN,41
258407,NaN,NaN,41
258410,775.48161,503.0515044,41
258414,773.0805085,506.3204412,41
258417,773.9018168,502.2964446,41
258420,774.5834536,507.6937199,41
258424,773.3795851,504.952313,41
258427,774.7808882,504.0262422,41
258430,771.4661304,500.888756,41
258434,773.4917134,506.2216123,41
258437,771.5977345,504.1403534,41
258440,774.38697,501.9073434,41
258444,774.0307674,508.7782111,41
258447,773.795512,502.950514,41
258450,771.675467,506.484827,41
258454,768.4001876,507.6759646,41
258457,770.1500494,506.2395059,41
258460,770.5254674,505.5621098,41
258464,774.3364257,506.2086342,41
258467,773.0486151,507.4053081,41
258470,776.0405905,508.3429179,41
258474,772.1487683,502.8752927,41
258477,777.315093,509.249434,41
258480,771.4355721,509.3388284,41
258484,754.3831543,514.4170561,41
258487,719.7554467,516.0674798,41
258490,670.0963676,510.0343623,41
258494,624.4191911,505.9149651,41
258497,587.7975201,503.3457695,41
258500,550.4674598,505.7513035,41
258504,518.9623066,500.9646791,41
258507,487.4771838,498.5861248,41
258510,455.3920294,500.8012501,41
258514,420.8634747,500.0198893,41
258517,391.2427697,506.5703871,41
258520,358.814071,506.6541563,41
258524,336.4791469,505.522877,41
258527,327.3546036,495.4239277,41
258530,342.0805708,494.7712973,41
258534,356.4788205,468.7907247,41
258537,368.5165788,471.5954659,41
258540,NaN,NaN,41
258544,NaN,NaN,41
258547,NaN,NaN,41
258550,NaN,NaN,41
258554,336.1610174,474.1291852,41
258557,338.3637806,473.2309113,41
258560,NaN,NaN,41
258564,NaN,NaN,41
258567,345.1710524,477.7342541,41
258570,347.7901708,476.581185,41
258574,350.6974805,475.0817738,41
258577,NaN,NaN,41
258580,NaN,NaN,41
258584,353.8093722,476.1936602,41
258587,349.1467084,481.4841596,41
258590,349.172326,479.7594731,41
258594,351.6965499,476.3773479,41
258597,349.4984655,476.4477097,41
258600,350.6578768,476.9538024,41
258604,352.018027,476.5412579,41
258607,350.1734438,480.6230604,41
258610,352.6839383,476.760726,41
258614,353.0664051,477.9801165,41
258617,354.2902314,473.1747179,41
258620,355.9001468,482.0048731,41
258624,346.9043645,477.1692982,41
258627,NaN,NaN,41
258630,NaN,NaN,41
258634,NaN,NaN,41
258637,350.7905391,482.2463313,41
258640,351.969532,474.7100465,41
258644,350.5312024,473.4970412,41
258647,NaN,NaN,41
258650,NaN,NaN,41
258654,351.5749391,478.9505522,41
258657,351.7363656,478.4622992,41
258660,NaN,NaN,41
258664,NaN,NaN,41
258667,350.5840594,484.208047,41
258670,357.298701,483.23157,41
258674,353.1091078,480.0043829,41
258677,350.4196187,476.4951038,41
258680,354.7095206,481.8827116,41
258684,350.8100117,472.3542781,41
258687,NaN,NaN,41
258690,NaN,NaN,41
258694,NaN,NaN,41
258697,NaN,NaN,41
258700,NaN,NaN,41
258704,NaN,NaN,41
258707,351.5441216,482.4014574,41
258710,351.6206358,483.177531,41
258714,350.7410566,480.0642529,41
258717,NaN,NaN,41
258720,NaN,NaN,41
258724,NaN,NaN,41
258727,NaN,NaN,41
258730,NaN,NaN,41
258734,NaN,NaN,41
258737,351.4881551,479.8606565,41
258740,355.1928836,478.4817877,41
258744,355.6306053,476.389387,41
258747,NaN,NaN,41
258750,NaN,NaN,41
258754,352.6785593,473.1074837,41
258757,NaN,NaN,41
258760,NaN,NaN,41
258764,348.9467971,480.1785617,41
258767,348.1693353,482.1142252,41
258770,346.8787402,482.8161033,41
258774,NaN,NaN,41
258777,NaN,NaN,41
258780,NaN,NaN,41
258784,NaN,NaN,41
258787,NaN,NaN,41
258790,NaN,NaN,41
258794,355.925262,475.2902566,41
258797,349.2871523,477.6482385,41
258800,NaN,NaN,41
258804,NaN,NaN,41
258807,347.9238037,485.1136275,41
258810,347.9447318,474.6167429,41
258813,352.5920106,479.2775729,41
258817,353.524306,484.5490409,41
258820,349.0062181,483.3250265,41
258824,353.5458468,481.2095494,41
258827,NaN,NaN,41
258830,NaN,NaN,41
258834,349.2056088,481.1491297,41
258837,351.7794334,476.7109685,41
258840,349.5113607,479.7125249,41
258844,NaN,NaN,41
258847,NaN,NaN,41
258850,348.9762528,476.7431516,41
258854,354.1280615,475.3690395,41
258857,NaN,NaN,41
258860,NaN,NaN,41
258864,NaN,NaN,41
258867,NaN,NaN,41
258870,NaN,NaN,41
258874,NaN,NaN,41
258877,347.8547711,481.6957312,41
258880,348.4172877,475.9670105,41
262563,992.9150767,549.8880864,42
262566,990.1435858,546.3673008,42
262570,991.3132551,544.8176886,42
262573,987.633661,549.4482906,42
262576,992.3832311,546.5846568,42
262580,990.5711772,550.2975557,42
262583,988.7842671,548.7937325,42
262586,988.8698484,549.2990702,42
262590,993.4039348,549.2852848,42
262593,988.909888,548.0603185,42
262596,988.2651024,545.2007312,42
262600,987.4603595,551.0197356,42
262603,991.5553329,550.3163237,42
262606,988.822781,558.7452718,42
262610,987.5151011,561.3557347,42
262613,991.6486388,552.0685061,42
262616,989.0915954,554.4103465,42
262620,NaN,NaN,42
262623,NaN,NaN,42
262626,NaN,NaN,42
262630,NaN,NaN,42
262633,NaN,NaN,42
262636,NaN,NaN,42
262640,990.347086,547.4766723,42
262643,990.95903,563.8719683,42
262646,999.2399562,577.4911915,42
262650,1016.209224,605.188106,42
262653,1034.997871,653.1853351,42
262656,1050.80462,692.7502391,42
262660,1050.041987,708.099198,42
262663,1050.202157,717.5621601,42
262666,1044.773363,696.9896902,42
262670,1037.303535,684.6335099,42
262673,1038.286959,674.7327819,42
262676,1034.960114,662.0645034,42
262680,1042.071642,678.0981943,42
262683,1035.964778,689.1724494,42
262686,1044.131858,698.5297805,42
262690,1044.661345,706.9878833,42
262693,1045.012649,704.8482383,42
262696,1045.112169,709.9453552,42
262700,1047.137856,694.070255,42
262703,1042.318113,693.8300891,42
262706,1045.685336,695.2013529,42
262710,1042.082953,698.2322079,42
262713,1048.838827,696.2292771,42
262716,1039.604947,698.5875951,42
262720,1045.016341,697.6079936,42
262723,1043.042391,685.9428794,42
262726,1042.259138,697.3324197,42
262730,1043.678821,698.8437295,42
262733,1043.473585,694.576039,42
262736,1041.58788,711.6438876,42
262740,1033.478039,730.5971153,42
262743,1008.623101,737.3480486,42
262746,NaN,NaN,42
262750,NaN,NaN,42
262753,NaN,NaN,42
262756,NaN,NaN,42
262760,949.4685841,865.0709201,42
262763,961.1119982,858.5213637,42
262766,971.4191662,807.6487588,42
262770,972.3771728,797.9710092,42
262773,965.7566587,828.6106987,42
262776,958.5546968,819.7459197,42
262780,952.2475532,849.6350293,42
262783,950.9742902,826.481639,42
262786,951.6791555,842.0915042,42
262790,NaN,NaN,42
262793,NaN,NaN,42
262796,955.4776075,831.9939666,42
262800,956.7307934,859.5329294,42
262803,953.0275527,842.535453,42
262806,958.5481619,799.6318606,42
262810,959.071508,828.4037296,42
262813,954.1114315,831.0966792,42
262816,956.6282533,828.0144847,42
262820,953.944078,863.6209685,42
262823,954.0714464,838.7491582,42
262826,953.2033991,835.5000762,42
262830,955.448897,860.3070795,42
262833,953.3042045,836.9801999,42
262836,956.4149197,861.0022445,42
262840,955.1191947,816.4971016,42
262843,955.1794647,834.3490202,42
262846,957.2906614,836.0077545,42
262850,954.0357059,859.8614457,42
262853,954.6874865,860.2339119,42
262856,NaN,NaN,42
262860,NaN,NaN,42
262863,952.6784686,858.5853414,42
262866,956.3726496,859.0865653,42
262870,956.0014831,859.0622618,42
262873,957.7727188,860.5002338,42
262876,954.9040924,859.7633139,42
262880,954.914061,857.8422046,42
262883,950.452788,860.8229203,42
262886,954.826644,852.7764893,42
262890,951.7190501,844.6589429,42
262893,954.6879035,863.6254497,42
262896,959.5199608,852.8969327,42
262900,957.1107367,863.2026036,42
262903,954.7665601,859.297963,42
262906,955.0314898,822.7126231,42
262910,953.9162879,861.9052755,42
262913,956.2894938,860.5445782,42
262916,958.3771773,858.3155664,42
262920,951.9713811,858.9453642,42
262923,955.0815701,860.5632518,42
262926,959.0984152,821.3473593,42
262930,952.5134343,862.0665379,42
262933,944.1886467,815.0550054,42
262936,922.2564637,816.905504,42
262940,899.2199737,746.6201478,42
262943,888.254094,740.2725011,42
262946,872.1362759,708.9464795,42
262950,860.8674573,671.5787426,42
262953,852.5690656,644.1961445,42
262956,843.6155647,609.6799071,42
262960,829.9842099,581.9333468,42
262963,824.990196,551.017839,42
262966,815.9143902,536.4509904,42
262970,813.1974837,520.3203868,42
262973,817.7348119,514.7658455,42
262976,825.5999492,502.2072412,42
262980,834.0737517,507.421357,42
262983,831.1691596,520.7349848,42
262986,829.1571046,525.3627767,42
262990,820.5394273,527.6905782,42
262993,813.3244339,520.7553918,42
262996,815.4181823,506.7126575,42
263000,816.1674873,501.5838759,42
263003,816.4900597,496.5221724,42
263006,819.6370815,502.0815723,42
263010,824.6979334,501.6868724,42
263013,825.5884706,508.0290869,42
263016,821.6667049,514.1895675,42
263020,822.1878989,507.5810264,42
263023,827.6072067,510.2053932,42
263026,823.2277875,510.8655865,42
263030,823.6105474,512.7605015,42
263033,821.4391317,515.3115538,42
263036,822.017827,512.5346125,42
263040,820.7254406,509.6586466,42
263043,823.3182668,514.2157529,42
263046,822.5214743,511.0873544,42
263050,817.0413243,507.8274186,42
263053,819.7995158,513.6256107,42
263056,823.3911412,515.0783083,42
263060,823.9801774,510.219138,42
263063,823.472891,509.7279684,42
263066,823.5998993,508.8443098,42
263070,820.9279191,507.8453897,42
263073,821.4801562,504.4775217,42
263076,825.5626093,502.5238579,42
263080,848.2619728,510.85851,42
263083,901.1851841,501.9971675,42
263086,953.9112173,507.4318661,42
263090,1010.203491,504.378584,42
263093,1049.34898,507.0467405,42
263096,1084.132092,503.8267335,42
263100,1116.540207,501.1555927,42
263103,1144.625822,504.4467336,42
263106,1161.715308,509.3195529,42
263110,1161.613195,517.3914054,42
263113,1149.001472,508.721867,42
263116,1132.991831,508.8828258,42
263120,1131.387055,511.5149017,42
263123,1134.81784,508.4472051,42
263126,1143.197529,506.6761058,42
263130,1156.129478,516.770382,42
263133,1163.971554,512.2384916,42
263136,1167.271987,506.2727177,42
263140,1170.715465,511.8264904,42
263143,1162.669017,516.4908286,42
263146,1160.361629,514.1464752,42
263150,1155.865497,511.485378,42
263153,1154.728998,510.8360861,42
263156,1153.581218,510.4962117,42
263160,1154.941558,511.0013734,42
263163,1158.423228,514.2013105,42
263166,1156.231965,515.0467459,42
263170,1156.60562,511.3969417,42
263173,1156.03924,514.0271174,42
263176,1154.923887,506.9440203,42
263180,1151.346859,512.0019053,42
263183,1158.94895,512.408627,42
263186,1159.231661,511.4547145,42
263190,1158.141395,515.2579809,42
263193,1157.206288,508.8318365,42
263196,1154.471295,514.8688375,42
263200,1156.484242,514.7067636,42
263203,1158.842345,508.8691346,42
263206,1159.721064,512.9842719,42
263210,1156.563509,507.2716705,42
263213,1154.300195,515.6492849,42
263216,1160.593074,509.5030498,42
263220,1157.415279,505.7874146,42
263223,1155.912865,517.6743755,42
263226,1153.130734,512.0997568,42
263230,1157.583761,510.6638247,42
263233,1159.456653,509.4534452,42
263236,1156.467625,513.4173676,42
263240,1156.612943,514.8092305,42
263243,1159.630315,504.6653563,42
263246,1154.584085,515.3082203,42
263250,1154.364699,511.0744023,42
263253,1153.389573,513.6338544,42
263256,1153.880178,509.5236566,42
263260,1153.549523,514.1905308,42
263263,1154.962536,510.5377674,42
263266,1160.392256,502.3936322,42
263270,1153.930517,507.4346493,42
263273,1158.883236,504.2854252,42
263276,1154.146665,510.2442068,42
263280,1152.054513,509.9678848,42
263283,1153.722285,512.9891138,42
263286,1153.785085,510.7550661,42
263290,1158.7265,511.2900609,42
263293,1156.14993,510.1990714,42
263296,1157.915691,511.1141326,42
263300,1158.241127,510.3348429,42
263303,1160.351509,511.9345431,42
263306,1156.811524,510.5980868,42
263310,1156.69717,511.7537767,42
263313,1158.201476,510.3335337,42
263316,1154.45695,511.5502245,42
263320,1158.588248,514.3556791,42
263323,1158.713708,513.2812727,42
263326,1156.967112,509.3600137,42
263330,1155.545307,512.0918754,42
263333,1155.307581,507.3188298,42
263336,1159.955654,504.5651116,42
263340,1155.024201,509.0502758,42
263343,1158.844714,510.3984924,42
263346,1155.099279,505.0671954,42
263350,1160.38953,514.0730046,42
263353,1156.183709,508.7988468,42
263356,1157.073251,511.6875352,42
263360,1156.431981,508.5157475,42
263363,1155.834434,508.9518752,42
263366,1155.966181,507.9715943,42
263370,1155.070705,510.1503714,42
263373,1155.235291,510.1503477,42
263376,1157.597126,511.5324633,42
263380,1152.939667,510.8931885,42
263383,1156.654742,507.0997586,42
263386,1156.702629,507.6120362,42
267066,NaN,NaN,43
267069,NaN,NaN,43
267072,NaN,NaN,43
267076,NaN,NaN,43
267079,NaN,NaN,43
267082,958.7944713,938.7366939,43
267086,958.7433755,931.4997506,43
267089,944.7407561,934.2968277,43
267092,945.550379,935.6081749,43
267096,953.5690437,935.0248392,43
267099,NaN,NaN,43
267102,NaN,NaN,43
267106,NaN,NaN,43
267109,NaN,NaN,43
267112,NaN,NaN,43
267116,NaN,NaN,43
267119,954.51283,941.8952445,43
267122,956.0794833,937.0196861,43
267126,957.7594286,938.4591464,43
267129,959.0128116,933.7433425,43
267132,955.7697684,940.8268464,43
267136,NaN,NaN,43
267139,NaN,NaN,43
267142,NaN,NaN,43
267146,NaN,NaN,43
267149,NaN,NaN,43
267152,NaN,NaN,43
267156,957.4623456,940.312551,43
267159,955.9928311,941.6475288,43
267162,956.5660904,933.5691655,43
267166,954.3017782,938.8191549,43
267169,NaN,NaN,43
267172,NaN,NaN,43
267176,NaN,NaN,43
267179,NaN,NaN,43
267182,NaN,NaN,43
267186,NaN,NaN,43
267189,NaN,NaN,43
267192,953.6277579,942.2219593,43
267196,952.6932466,941.8672302,43
267199,962.8955252,937.4819693,43
267202,955.7317551,942.6115464,43
267206,NaN,NaN,43
267209,NaN,NaN,43
267212,NaN,NaN,43
267216,NaN,NaN,43
267219,NaN,NaN,43
267222,NaN,NaN,43
267226,NaN,NaN,43
267229,959.7708236,942.9456953,43
267232,949.0141967,942.8992025,43
267236,964.3023141,946.8208107,43
267239,962.801734,949.0555895,43
267242,960.3359751,946.5743193,43
267246,NaN,NaN,43
267249,NaN,NaN,43
267252,NaN,NaN,43
267256,NaN,NaN,43
267259,NaN,NaN,43
267262,NaN,NaN,43
267266,955.7485633,948.5003565,43
267269,957.7615185,939.7026448,43
267272,953.8397267,942.5877894,43
267276,961.2587771,933.0497585,43
267279,957.7596737,944.2900312,43
267282,955.8950546,945.9706771,43
267286,NaN,NaN,43
267289,NaN,NaN,43
267292,NaN,NaN,43
267296,NaN,NaN,43
267299,953.7820707,939.7962573,43
267302,959.5013812,930.0901344,43
267306,956.6445638,918.1847328,43
267309,959.7355016,900.3599469,43
267312,959.7459527,904.7209738,43
267316,NaN,NaN,43
267319,NaN,NaN,43
267322,952.2523405,900.1583908,43
267326,NaN,NaN,43
267329,NaN,NaN,43
267332,NaN,NaN,43
267336,961.7744006,900.2535577,43
267339,955.9409471,904.3673296,43
267342,959.3711589,905.1143481,43
267346,956.8570119,897.4381526,43
267349,960.8218039,901.3174847,43
267352,958.40893,894.0036112,43
267356,958.6052986,899.4657401,43
267359,963.1060561,895.0447306,43
267362,959.3744006,897.3507663,43
267366,961.219688,898.4123585,43
267369,959.9084304,898.948307,43
267372,961.3431776,902.2186914,43
267376,963.9859978,899.1255304,43
267379,958.7674553,898.5953065,43
267382,961.7038964,895.2665892,43
267386,961.096211,899.1514366,43
267389,961.5021534,893.3456956,43
267392,958.2288084,897.4633131,43
267396,957.6846484,847.3587653,43
267399,962.4124573,897.6644127,43
267402,958.9847373,898.4234883,43
267406,NaN,NaN,43
267409,NaN,NaN,43
267412,962.6435343,899.9182918,43
267416,959.2616739,895.4221859,43
267419,962.7375427,899.7110718,43
267422,960.5553974,894.5688766,43
267426,965.2731267,899.5333988,43
267429,962.4771082,895.2803308,43
267432,965.8537298,896.6538864,43
267436,952.4086635,892.9924051,43
267439,935.376142,833.9813143,43
267442,903.7053122,781.37389,43
267446,874.3299511,759.9836366,43
267449,853.8362694,735.1824079,43
267452,837.9030812,698.2215637,43
267456,816.9675986,662.8322686,43
267459,806.914613,631.2236333,43
267462,796.7984758,590.5897584,43
267466,783.4048736,575.844245,43
267469,780.5293469,554.3196878,43
267472,779.716405,538.9398023,43
267476,769.6600268,524.5832221,43
267479,768.8490419,516.4656623,43
267482,774.9735389,508.7029178,43
267486,774.2097492,517.418794,43
267489,773.1893707,518.6234968,43
267492,771.5478603,530.3500837,43
267496,771.2373551,521.6570752,43
267499,764.8464986,517.279433,43
267502,766.9356097,512.1951439,43
267506,768.836835,510.8045149,43
267509,767.7669124,509.7021363,43
267512,770.6430595,504.0797009,43
267516,771.5996003,513.4096131,43
267519,769.1888839,512.3474295,43
267522,768.6136845,515.9216383,43
267526,770.2341444,514.2456141,43
267529,770.1590374,520.07652,43
267532,769.7873897,515.8700954,43
267536,766.8496148,519.140124,43
267539,767.3103855,516.6122982,43
267542,767.4869865,516.6299472,43
267546,766.0625547,508.9506739,43
267549,770.6694586,514.9750756,43
267552,764.7206721,512.2603747,43
267556,769.0486115,514.3853378,43
267559,770.9169456,512.4553818,43
267562,769.6088289,509.9955243,43
267566,766.6701296,514.0504908,43
267569,767.3388653,511.4382679,43
267572,771.2592199,510.1335232,43
267576,765.7590319,513.6267142,43
267579,772.067029,511.3644584,43
267582,766.0420874,513.4551388,43
267586,765.1742447,515.1781833,43
267589,769.7669451,509.0724506,43
267592,765.686729,510.6417344,43
267596,767.7216829,511.8999495,43
267599,768.544149,511.8922523,43
267602,768.3110489,513.7726854,43
267606,770.422928,509.914003,43
267609,772.5292478,515.0772185,43
267612,770.4240393,514.96248,43
267616,770.9348064,507.6403225,43
267619,770.8445058,512.6152885,43
267622,771.1925426,510.9683387,43
267626,769.3021663,518.050076,43
267629,769.3573804,511.7343699,43
267632,767.6984707,513.8071635,43
267636,NaN,NaN,43
267639,NaN,NaN,43
267642,767.5236723,513.7832304,43
267646,769.3773543,517.3238569,43
267649,772.2659578,511.7196764,43
267652,768.369176,514.6487426,43
267656,766.3653302,512.034484,43
267659,768.5281402,515.6002796,43
267662,765.7631364,513.284365,43
267666,768.663425,517.3242509,43
267669,765.7623413,515.1945654,43
267672,768.5375794,506.7534085,43
267676,771.6679103,515.9141466,43
267679,765.6337987,509.3952696,43
267682,767.6471872,516.4631226,43
267686,768.8534403,506.0213243,43
267689,767.3630557,510.5580197,43
267692,764.9496104,516.1790044,43
267696,771.5687438,513.5915461,43
267699,766.3564773,517.8260294,43
267702,767.4806447,517.4597235,43
267706,763.3849083,515.6504522,43
267709,766.7339337,515.1279333,43
267712,767.7565865,517.2231917,43
267716,766.8724142,514.6491053,43
267719,770.7640701,515.3286953,43
267722,768.3802186,517.9244887,43
267726,769.2089456,515.2852256,43
267729,765.7434934,512.0649789,43
267732,767.102579,515.2515135,43
267736,768.9863043,509.9882593,43
267739,768.1780874,513.6899251,43
267742,766.3189546,512.8997561,43
267746,765.161715,521.7408354,43
267749,768.6064571,514.9125361,43
267752,769.0557128,512.7348886,43
267756,765.6478613,513.6405884,43
267759,767.7437943,508.9076064,43
267762,768.3594422,510.8241759,43
267766,764.6554906,512.9674608,43
267769,767.5102424,520.6154375,43
267772,761.91142,514.7186478,43
267776,766.8374852,515.0877371,43
267779,764.0856335,510.9185933,43
267782,764.7156874,514.8737121,43
267786,763.1001863,515.1760171,43
267789,764.1180843,517.2611865,43
267792,764.5892209,511.5580275,43
267796,763.5747164,512.6507452,43
267799,761.7819084,510.9364312,43
267802,766.4667041,512.9017758,43
267806,764.7708097,515.1693419,43
267809,764.3831162,509.8879303,43
267812,765.7047132,516.7793081,43
267816,766.5842672,513.1075128,43
267819,767.8114747,510.4294628,43
267822,765.1430011,518.261045,43
267826,765.4753118,510.3771304,43
267829,766.9027086,514.8716411,43
267832,767.2113004,514.1655867,43
267836,766.8406847,511.5938931,43
267839,764.6000992,513.0214715,43
267842,769.6718453,509.1870234,43
267846,762.6374296,511.6356706,43
267849,765.6694516,515.2110799,43
267852,767.4508258,515.0477345,43
267856,765.2925847,513.4358481,43
267859,763.5541448,514.6234935,43
267862,767.1375951,512.4608108,43
267866,766.3422641,513.9441529,43
267869,764.2988937,515.962265,43
267872,767.3413559,518.9845165,43
267876,768.061562,512.2104594,43
267879,766.1823571,512.5370355,43
267882,768.5857968,513.8986227,43
271565,996.1380936,899.3726855,44
271568,NaN,NaN,44
271572,NaN,NaN,44
271575,995.291558,899.2835047,44
271578,NaN,NaN,44
271582,NaN,NaN,44
271585,NaN,NaN,44
271588,NaN,NaN,44
271592,994.9219072,897.5627812,44
271595,994.3172764,896.5648277,44
271598,998.526976,895.989027,44
271602,NaN,NaN,44
271605,NaN,NaN,44
271608,996.8085934,896.6154536,44
271612,NaN,NaN,44
271615,NaN,NaN,44
271618,NaN,NaN,44
271622,NaN,NaN,44
271625,NaN,NaN,44
271628,NaN,NaN,44
271632,999.0146729,896.3225054,44
271635,999.4251723,900.9285551,44
271638,999.3095449,891.4051248,44
271642,NaN,NaN,44
271645,NaN,NaN,44
271648,995.9894276,899.8851606,44
271652,NaN,NaN,44
271655,NaN,NaN,44
271658,998.1532342,900.2320279,44
271662,994.914955,899.8387265,44
271665,NaN,NaN,44
271668,NaN,NaN,44
271672,NaN,NaN,44
271675,NaN,NaN,44
271678,995.8255303,904.0468686,44
271682,NaN,NaN,44
271685,NaN,NaN,44
271688,997.6104064,898.2316609,44
271692,993.6835434,902.9071194,44
271695,NaN,NaN,44
271698,NaN,NaN,44
271702,NaN,NaN,44
271705,NaN,NaN,44
271708,993.9757882,902.3845549,44
271712,NaN,NaN,44
271715,NaN,NaN,44
271718,NaN,NaN,44
271722,NaN,NaN,44
271725,NaN,NaN,44
271728,NaN,NaN,44
271732,993.8178595,899.5580254,44
271735,995.3468724,902.4573791,44
271738,NaN,NaN,44
271742,NaN,NaN,44
271745,NaN,NaN,44
271748,NaN,NaN,44
271752,NaN,NaN,44
271755,NaN,NaN,44
271758,996.689357,899.5395928,44
271762,NaN,NaN,44
271765,NaN,NaN,44
271768,NaN,NaN,44
271772,NaN,NaN,44
271775,998.894959,898.2207694,44
271778,995.255566,899.8608181,44
271782,NaN,NaN,44
271785,NaN,NaN,44
271788,NaN,NaN,44
271792,NaN,NaN,44
271795,NaN,NaN,44
271798,NaN,NaN,44
271802,994.7129892,900.1697674,44
271805,995.8019828,897.348158,44
271808,NaN,NaN,44
271812,NaN,NaN,44
271815,NaN,NaN,44
271818,NaN,NaN,44
271822,NaN,NaN,44
271825,NaN,NaN,44
271828,1081.577011,857.8945256,44
271832,1127.488408,835.3690353,44
271835,NaN,NaN,44
271838,NaN,NaN,44
271842,1235.115698,752.8943936,44
271845,1264.582457,723.7755743,44
271848,1295.768595,683.3799769,44
271852,1326.138003,650.403148,44
271855,1357.533959,635.6610065,44
271858,1387.939258,616.1371486,44
271862,1419.220541,598.0475771,44
271865,NaN,NaN,44
271868,NaN,NaN,44
271872,1475.84123,559.1028957,44
271875,1480.342563,552.1522753,44
271878,1481.686543,547.2224723,44
271882,1473.512588,545.2891895,44
271885,1463.943321,551.3917748,44
271888,1463.965735,558.9515618,44
271892,1463.047569,562.6260719,44
271895,1468.337129,560.6486224,44
271898,1478.142851,550.9848598,44
271902,1482.844392,544.5724989,44
271905,1479.596036,538.9049124,44
271908,1477.825052,540.3616545,44
271912,1475.605928,547.6219764,44
271915,1471.526101,546.5572153,44
271918,1471.132279,548.962472,44
271922,1469.529204,552.3432809,44
271925,1469.995472,553.0127385,44
271928,1466.741783,554.7993118,44
271932,1469.821229,552.1831536,44
271935,1471.672434,555.8934499,44
271938,1471.756837,556.7849581,44
271942,1472.594747,558.9514269,44
271945,1469.619618,554.0847459,44
271948,1470.093155,557.722571,44
271952,1472.308256,554.0149142,44
271955,1472.365599,552.1347266,44
271958,1471.616256,556.6537696,44
271962,1471.527799,549.7155382,44
271965,1472.802392,548.260506,44
271968,1468.955941,554.1552259,44
271972,1470.963214,553.4553256,44
271975,1473.38898,552.3377176,44
271978,1469.946709,551.3124676,44
271982,1470.821567,555.5782812,44
271985,1468.653536,555.3904166,44
271988,1467.049821,556.2501187,44
271992,1470.809213,557.1059743,44
271995,1465.443864,553.8836974,44
271998,1468.3181,556.0521455,44
272002,1469.909662,554.7354021,44
272005,1466.556786,546.7000918,44
272008,1469.647827,554.2454423,44
272012,1468.229446,552.3182262,44
272015,1469.194967,552.1118082,44
272018,1467.288028,556.0130161,44
272022,1469.881351,550.5463366,44
272025,1469.267023,551.7442596,44
272028,1472.89667,553.544888,44
272032,1470.312931,553.4675856,44
272035,1471.181103,554.0624516,44
272038,1473.19842,553.9245445,44
272042,1471.960198,550.0163722,44
272045,1472.311027,553.0980989,44
272048,1470.035082,552.0283177,44
272052,1472.255028,548.4744821,44
272055,1474.240336,548.0724916,44
272058,1469.92968,554.7802386,44
272062,1470.351436,552.8445699,44
272065,1469.915472,550.733928,44
272068,1469.193671,551.2071634,44
272072,1473.992257,551.8384905,44
272075,1475.110797,551.2450081,44
272078,1470.530699,548.7003987,44
272082,1472.615347,554.5085407,44
272085,1469.112966,551.5202201,44
272088,1471.465811,550.6587106,44
272092,1476.733626,551.4306507,44
272095,1470.949375,550.0399179,44
272098,1472.893826,556.4565973,44
272102,1473.713469,549.4112313,44
272105,1473.033061,553.5890577,44
272108,1471.344529,548.3567594,44
272112,1475.219271,547.2506769,44
272115,1472.896104,553.9168153,44
272118,1473.816225,549.5864542,44
272122,1472.464174,554.6505073,44
272125,1471.068964,552.9257583,44
272128,1473.114872,546.9988681,44
272132,1472.740371,550.2253022,44
272135,1468.753329,546.9360773,44
272138,1472.466899,546.4593305,44
272142,1471.335661,548.0467538,44
272145,NaN,NaN,44
272148,NaN,NaN,44
272152,1475.037865,543.7682343,44
272155,1472.450803,546.5853095,44
272158,1472.669798,548.2671525,44
272162,1469.278409,552.3940253,44
272165,1470.476786,548.4114794,44
272168,1474.993238,550.7840708,44
272172,1470.222621,550.3660754,44
272175,1475.269035,547.6350512,44
272178,1470.310256,548.9557477,44
272182,1470.01455,554.3662305,44
272185,1473.222159,551.6402894,44
272188,1490.312168,548.5133476,44
272192,1523.136259,540.0796298,44
272195,1561.747278,525.5288562,44
272198,1594.037859,515.9991265,44
272202,NaN,NaN,44
272205,NaN,NaN,44
272208,NaN,NaN,44
272212,NaN,NaN,44
272215,NaN,NaN,44
272218,NaN,NaN,44
272222,1571.479524,504.0453709,44
272225,1575.102047,517.3496541,44
272228,1583.905481,513.6801546,44
272232,1610.589331,498.7159553,44
272235,1617.532995,495.6747411,44
272238,1621.487538,488.4496524,44
272242,NaN,NaN,44
272245,NaN,NaN,44
272248,NaN,NaN,44
272252,NaN,NaN,44
272255,NaN,NaN,44
272258,NaN,NaN,44
272262,NaN,NaN,44
272265,NaN,NaN,44
272268,NaN,NaN,44
272272,NaN,NaN,44
272275,NaN,NaN,44
272278,NaN,NaN,44
272282,NaN,NaN,44
272285,NaN,NaN,44
272288,NaN,NaN,44
272292,NaN,NaN,44
272295,NaN,NaN,44
272298,NaN,NaN,44
272302,NaN,NaN,44
272305,NaN,NaN,44
272308,NaN,NaN,44
272312,NaN,NaN,44
272315,NaN,NaN,44
272318,NaN,NaN,44
272322,NaN,NaN,44
272325,NaN,NaN,44
272328,NaN,NaN,44
272332,NaN,NaN,44
272335,NaN,NaN,44
272338,NaN,NaN,44
272342,NaN,NaN,44
272345,NaN,NaN,44
272348,NaN,NaN,44
272352,NaN,NaN,44
272355,NaN,NaN,44
272358,NaN,NaN,44
272362,NaN,NaN,44
272365,NaN,NaN,44
272368,NaN,NaN,44
272372,NaN,NaN,44
272375,NaN,NaN,44
272378,NaN,NaN,44
272382,NaN,NaN,44
272385,NaN,NaN,44
272388,NaN,NaN,44
272392,NaN,NaN,44
272395,NaN,NaN,44
272398,NaN,NaN,44
272402,NaN,NaN,44
272405,NaN,NaN,44
272408,NaN,NaN,44
272412,NaN,NaN,44
272415,NaN,NaN,44
272418,NaN,NaN,44
272422,NaN,NaN,44
272425,NaN,NaN,44
272428,NaN,NaN,44
272432,NaN,NaN,44
272435,NaN,NaN,44
272438,NaN,NaN,44
272442,NaN,NaN,44
272445,NaN,NaN,44
272448,NaN,NaN,44
277401,852.7019722,922.9881749,45
277404,847.2935188,921.5076616,45
277408,850.4922106,922.4737874,45
277411,NaN,NaN,45
277414,NaN,NaN,45
277418,NaN,NaN,45
277421,NaN,NaN,45
277424,NaN,NaN,45
277428,NaN,NaN,45
277431,NaN,NaN,45
277434,852.1971014,922.868362,45
277438,849.7069471,922.3419027,45
277441,851.8562019,920.7772436,45
277444,852.0994917,919.7607644,45
277448,NaN,NaN,45
277451,NaN,NaN,45
277454,NaN,NaN,45
277458,NaN,NaN,45
277461,NaN,NaN,45
277464,NaN,NaN,45
277468,NaN,NaN,45
277471,848.3294122,919.2481259,45
277474,848.6355527,921.638474,45
277478,850.0078576,922.6055931,45
277481,851.4718459,921.0190476,45
277484,NaN,NaN,45
277488,NaN,NaN,45
277491,NaN,NaN,45
277494,NaN,NaN,45
277498,NaN,NaN,45
277501,NaN,NaN,45
277504,NaN,NaN,45
277508,851.7065811,924.989548,45
277511,844.7356454,923.9047264,45
277514,851.559014,924.82505,45
277518,848.7927189,926.6427127,45
277521,NaN,NaN,45
277524,NaN,NaN,45
277528,NaN,NaN,45
277531,NaN,NaN,45
277534,NaN,NaN,45
277538,NaN,NaN,45
277541,NaN,NaN,45
277544,847.3902536,922.1241527,45
277548,851.2132346,923.590826,45
277551,849.3076882,925.7939799,45
277554,849.3842183,925.2118415,45
277558,NaN,NaN,45
277561,NaN,NaN,45
277564,NaN,NaN,45
277568,NaN,NaN,45
277571,NaN,NaN,45
277574,NaN,NaN,45
277578,NaN,NaN,45
277581,849.3641528,919.8855459,45
277584,846.7443529,922.302823,45
277588,849.38565,926.3939098,45
277591,866.3776571,922.5386583,45
277594,NaN,NaN,45
277598,NaN,NaN,45
277601,NaN,NaN,45
277604,NaN,NaN,45
277608,NaN,NaN,45
277611,NaN,NaN,45
277614,NaN,NaN,45
277618,980.4830023,912.5148862,45
277621,968.5236905,913.7638332,45
277624,960.8503255,915.6830247,45
277628,972.2902698,911.2436614,45
277631,975.4477711,912.0966385,45
277634,988.1557963,906.9709065,45
277638,983.6291295,910.0368089,45
277641,993.2425454,909.5497395,45
277644,986.8991669,910.4546252,45
277648,981.0931468,914.8696365,45
277651,987.7813369,907.9329449,45
277654,986.8481359,911.1589102,45
277658,983.8706263,907.5386965,45
277661,987.0863305,904.4092503,45
277664,983.0411843,911.602615,45
277668,987.9421084,912.5979593,45
277671,989.3654319,904.6946859,45
277674,982.1745685,912.6889212,45
277678,985.4538772,910.6702035,45
277681,991.3958675,911.6722506,45
277684,982.8128874,911.4766676,45
277688,991.7179595,911.1641187,45
277691,986.9872199,914.8701333,45
277694,991.4105085,912.7608314,45
277698,989.5902165,910.1555101,45
277701,986.5194702,911.6195472,45
277704,983.9175978,910.170317,45
277708,985.2070216,911.6263908,45
277711,990.8882851,914.2579138,45
277714,987.4735539,906.4216317,45
277718,990.3051843,912.7332418,45
277721,980.2872668,906.5198296,45
277724,991.3747234,912.675126,45
277728,984.1063396,910.4310406,45
277731,987.0277726,911.3820393,45
277734,985.0172193,910.4212401,45
277738,985.4773347,912.38777,45
277741,981.8439632,913.3836969,45
277744,984.14206,911.6517383,45
277748,980.9524665,910.8891178,45
277751,985.1026711,914.2760261,45
277754,982.4066741,913.3870103,45
277757,985.1002298,911.8993026,45
277761,985.6607666,911.2845429,45
277764,985.0591822,913.1661977,45
277768,974.3867151,907.637851,45
277771,952.9737448,894.5322787,45
277774,924.4287319,876.9821487,45
277778,897.2605156,846.7359549,45
277781,883.4989108,819.488585,45
277784,904.5266391,917.2252106,45
277788,NaN,NaN,45
277791,NaN,NaN,45
277794,NaN,NaN,45
277797,NaN,NaN,45
277801,NaN,NaN,45
277804,NaN,NaN,45
277808,NaN,NaN,45
277811,NaN,NaN,45
277814,NaN,NaN,45
277818,NaN,NaN,45
277821,NaN,NaN,45
277824,NaN,NaN,45
277827,NaN,NaN,45
277831,NaN,NaN,45
277834,NaN,NaN,45
277838,NaN,NaN,45
277841,NaN,NaN,45
277844,NaN,NaN,45
277848,NaN,NaN,45
277851,NaN,NaN,45
277854,NaN,NaN,45
277857,NaN,NaN,45
277861,NaN,NaN,45
277864,NaN,NaN,45
277868,NaN,NaN,45
277871,NaN,NaN,45
277874,NaN,NaN,45
277878,NaN,NaN,45
277881,NaN,NaN,45
277884,NaN,NaN,45
277887,NaN,NaN,45
277891,NaN,NaN,45
277894,NaN,NaN,45
277897,NaN,NaN,45
277901,NaN,NaN,45
277904,NaN,NaN,45
277908,NaN,NaN,45
277911,NaN,NaN,45
277914,NaN,NaN,45
277918,NaN,NaN,45
277921,NaN,NaN,45
277924,NaN,NaN,45
277928,NaN,NaN,45
277931,730.2539862,485.3544638,45
277934,734.0817715,473.0056174,45
277938,737.6652377,476.3930761,45
277941,736.9438012,464.6884632,45
277944,737.1226651,464.0976285,45
277948,731.0304838,461.0781463,45
277951,737.9507827,452.2815008,45
277954,731.6696709,449.6516655,45
277957,726.5121644,474.2274297,45
277961,725.0039176,466.7454792,45
277964,728.1117803,471.999496,45
277967,749.4235867,484.214784,45
277971,745.8293294,486.0160152,45
277974,745.7219253,478.796103,45
277978,743.6237382,482.8844097,45
277981,717.0617752,462.6995759,45
277984,731.1124144,476.9047603,45
277987,732.7855704,481.2139801,45
277991,730.7352934,475.1295857,45
277994,731.6760446,475.4565184,45
277997,726.5689712,472.5894347,45
278001,730.551186,472.6240834,45
278004,731.2193468,469.5902981,45
278008,729.31997,473.232489,45
278011,728.6454554,471.5427805,45
278014,729.2688256,471.359817,45
278018,731.3175043,473.283495,45
278021,729.3545022,469.6379613,45
278024,730.5237285,476.3313275,45
278027,732.5223461,468.741329,45
278031,729.0160311,476.6958805,45
278034,733.262006,463.5180085,45
278037,730.1008038,470.7082677,45
278041,733.865163,469.9121621,45
278044,732.6607913,462.7891807,45
278048,731.9846571,473.254304,45
278051,731.6391452,473.0154017,45
278054,731.3093066,465.1393646,45
278057,731.7280935,470.8470173,45
278061,731.3650512,468.4755252,45
278064,729.2960754,476.0303289,45
278067,731.1634952,470.6665286,45
278071,731.9743563,474.4149263,45
278074,731.3644181,474.1528895,45
278078,730.7189435,469.5412781,45
278081,730.1779294,471.2023707,45
278084,729.2792505,469.4993739,45
278087,731.8082328,469.7333471,45
278091,730.4946567,468.2726381,45
278094,732.2642903,475.684818,45
278097,731.4052029,469.9662222,45
278101,732.5524067,469.3577604,45
278104,735.2867115,468.3400704,45
278107,732.2522867,467.4582084,45
278111,734.3980504,466.105139,45
278114,733.8746414,469.4872503,45
278118,734.8517324,470.8068395,45
278121,732.4337122,471.6892957,45
278124,735.6894404,469.7914254,45
278127,734.0595821,468.1119285,45
278131,730.8800369,464.6666708,45
278134,732.3655246,476.645254,45
278137,733.0399318,472.1601936,45
278141,738.6549356,474.635649,45
278144,737.4146876,481.3155128,45
278148,731.2112792,458.5905321,45
278151,739.3830277,468.8913078,45
278154,734.7015068,468.3730838,45
278157,733.6704923,468.2947469,45
278161,737.6627149,466.8111012,45
278164,734.232,467.7961148,45
278167,734.2324397,469.6140297,45
278171,736.092279,470.9366093,45
278174,728.3467363,469.9429784,45
278177,733.9698432,463.342099,45
278181,733.7659247,463.5193939,45
278184,736.6846161,476.7974112,45
278187,737.1074736,460.4333421,45
278191,730.6176474,464.4774253,45
278194,736.9219399,469.909105,45
278197,734.0415071,470.6990143,45
278201,735.1566192,465.4543413,45
278204,735.3228379,469.0734094,45
278207,734.6685444,468.6103634,45
278211,736.4253387,465.6634929,45
278214,734.8725908,467.1995087,45
278218,736.0351979,464.7142153,45
278221,736.5518873,468.8679163,45
278224,735.6492782,472.4179933,45
278227,733.1487554,467.081355,45
278231,732.7158404,465.0893818,45
278234,739.8354417,473.1715176,45
278237,731.7160674,468.1215861,45
278241,734.626662,473.4425922,45
278244,735.1079469,470.8354753,45
278247,735.0977631,474.7904333,45
278251,736.8940262,468.2763197,45
278254,736.6403431,478.2212822,45
278257,734.9628412,473.9984617,45
278261,731.1444796,466.1343377,45
278264,NaN,NaN,45
278267,NaN,NaN,45
278271,732.7361966,473.7381122,45
278274,736.9331577,471.9739989,45
278277,735.2491073,480.003877,45
278281,735.8811298,470.4836701,45
278284,737.9598271,474.1616046,45
278287,732.4436135,475.2424267,45
278291,736.9262802,473.7505362,45
278294,736.1059345,472.7657742,45
278297,734.3003187,470.5698113,45
278301,737.3489458,472.5161246,45
278304,NaN,NaN,45
278307,NaN,NaN,45
278311,739.8063133,476.8343919,45
278314,738.7406048,470.1006239,45
278317,736.3541288,474.4439507,45
278321,NaN,NaN,45
281984,NaN,NaN,46
281987,NaN,NaN,46
281990,NaN,NaN,46
281994,NaN,NaN,46
281997,NaN,NaN,46
282000,NaN,NaN,46
282004,NaN,NaN,46
282007,NaN,NaN,46
282010,NaN,NaN,46
282014,NaN,NaN,46
282017,NaN,NaN,46
282020,NaN,NaN,46
282024,NaN,NaN,46
282027,NaN,NaN,46
282030,NaN,NaN,46
282034,NaN,NaN,46
282037,NaN,NaN,46
282040,NaN,NaN,46
282044,NaN,NaN,46
282047,NaN,NaN,46
282050,NaN,NaN,46
282054,NaN,NaN,46
282057,NaN,NaN,46
282060,NaN,NaN,46
282064,NaN,NaN,46
282067,963.6996119,653.4989278,46
282070,963.8903969,656.9406091,46
282074,964.4590556,666.6174772,46
282077,960.483998,661.8621018,46
282080,964.9394179,669.0673291,46
282084,965.4313846,670.1177631,46
282087,966.5388079,657.0358286,46
282090,961.5400634,657.3888362,46
282094,960.8869386,659.5339745,46
282097,953.3891724,662.0352793,46
282100,961.862478,664.0129982,46
282104,958.9015329,660.6555244,46
282107,957.8805984,660.103252,46
282110,954.1907539,664.3932755,46
282114,961.0089247,660.5083976,46
282117,961.0763454,657.0654978,46
282120,957.6668345,665.456753,46
282124,957.9145794,658.2897202,46
282127,960.8455173,659.8631812,46
282130,960.7171508,660.2131458,46
282134,962.200972,655.6577608,46
282137,955.095975,655.4102724,46
282140,957.0849453,659.3547775,46
282144,956.0317209,660.7698778,46
282147,961.4995831,656.6324158,46
282150,960.6641197,657.62175,46
282154,959.9019321,660.3619871,46
282157,959.3328263,657.5918402,46
282160,958.8854658,655.9514283,46
282164,959.7164862,660.7334469,46
282167,961.1211797,668.7896226,46
282170,953.0380148,699.5369473,46
282174,946.62469,743.348965,46
282177,936.2039685,792.9110296,46
282180,932.9049687,825.0123961,46
282184,933.1967262,851.4212445,46
282187,934.4542576,873.4370341,46
282190,938.8753033,886.8556687,46
282194,934.5613343,891.7164809,46
282197,NaN,NaN,46
282200,NaN,NaN,46
282204,NaN,NaN,46
282207,NaN,NaN,46
282210,NaN,NaN,46
282214,NaN,NaN,46
282217,934.3976777,889.5005208,46
282220,934.7364308,896.8418466,46
282224,936.6966565,888.3236229,46
282227,NaN,NaN,46
282230,NaN,NaN,46
282234,NaN,NaN,46
282237,NaN,NaN,46
282240,NaN,NaN,46
282244,NaN,NaN,46
282247,NaN,NaN,46
282250,NaN,NaN,46
282254,NaN,NaN,46
282257,NaN,NaN,46
282260,NaN,NaN,46
282264,NaN,NaN,46
282267,NaN,NaN,46
282270,NaN,NaN,46
282274,NaN,NaN,46
282277,NaN,NaN,46
282280,NaN,NaN,46
282284,NaN,NaN,46
282287,NaN,NaN,46
282290,NaN,NaN,46
282294,NaN,NaN,46
282297,NaN,NaN,46
282300,NaN,NaN,46
282304,NaN,NaN,46
282307,NaN,NaN,46
282310,NaN,NaN,46
282314,NaN,NaN,46
282317,NaN,NaN,46
282320,NaN,NaN,46
282324,NaN,NaN,46
282327,934.707807,886.2692942,46
282330,931.0650815,884.3549446,46
282334,NaN,NaN,46
282337,NaN,NaN,46
282340,NaN,NaN,46
282344,NaN,NaN,46
282347,933.5362514,888.1932034,46
282350,932.8057266,887.8038001,46
282354,933.5437853,887.729771,46
282357,932.0280017,890.7306778,46
282360,928.3939378,891.2796275,46
282364,NaN,NaN,46
282367,NaN,NaN,46
282370,951.2737238,843.2290493,46
282374,971.6543455,796.8502784,46
282377,NaN,NaN,46
282380,NaN,NaN,46
282384,1035.372255,678.9638858,46
282387,1064.491834,648.5866169,46
282390,NaN,NaN,46
282394,NaN,NaN,46
282397,1122.875646,550.5069466,46
282400,1135.536311,538.180291,46
282404,1147.822936,522.735994,46
282407,1162.559685,515.9057666,46
282410,1164.622659,514.1882686,46
282414,1156.973782,521.2340654,46
282417,1150.801357,524.2821716,46
282420,1143.012441,528.0397198,46
282424,1149.138946,526.359013,46
282427,1149.100294,522.4035946,46
282430,1155.388499,521.2470724,46
282434,1157.746672,511.6907396,46
282437,1157.419791,510.7785676,46
282440,1157.10331,506.2715007,46
282444,1159.28317,509.292146,46
282447,1155.838322,508.9230257,46
282450,1152.943917,513.0109615,46
282454,1156.215579,515.9633733,46
282457,1152.699794,514.2961881,46
282460,1150.561904,515.8086879,46
282464,1152.646016,513.7729791,46
282467,1152.143404,516.2255224,46
282470,1150.277134,519.1880432,46
282474,1154.940423,518.0100096,46
282477,1150.398988,515.5495455,46
282480,1149.499472,516.179213,46
282484,1149.847685,519.9750383,46
282487,1151.00383,519.3542604,46
282490,1153.57329,518.7864222,46
282494,1151.205315,520.964229,46
282497,1152.926281,514.2689271,46
282500,1151.565981,518.4254472,46
282504,1153.781325,515.1053089,46
282507,1149.272265,518.6827269,46
282510,1149.110107,514.6694244,46
282514,1150.160713,517.8982623,46
282517,1149.697648,515.8453703,46
282520,1151.088727,518.6094389,46
282524,1149.521018,515.8647636,46
282527,1150.063138,512.89784,46
282530,1154.819105,518.5212701,46
282534,1151.258831,506.7476034,46
282537,1150.043428,515.6613296,46
282540,1151.431589,511.9836014,46
282544,1148.542115,521.0138999,46
282547,1150.501782,515.481628,46
282550,1147.589653,514.6537014,46
282554,1152.375174,515.254129,46
282557,1152.42821,514.1564401,46
282560,1147.132182,511.6280064,46
282564,1150.801761,510.6121442,46
282567,1150.823537,518.2090235,46
282570,1151.591556,517.4543653,46
282574,1146.113158,518.8129164,46
282577,NaN,NaN,46
282580,NaN,NaN,46
282584,NaN,NaN,46
282587,1147.471611,514.3198403,46
282590,NaN,NaN,46
282594,NaN,NaN,46
282597,1147.676916,516.2258563,46
282600,1146.234171,517.0145097,46
282603,1148.990179,515.9009787,46
282607,1148.369589,521.3264464,46
282610,1152.231841,520.5798035,46
282614,1149.77862,518.8460053,46
282617,1150.73951,518.661459,46
282620,1151.450012,519.6201293,46
282624,1146.809367,516.0031032,46
282627,1147.576059,517.2763666,46
282630,1145.656123,517.0290354,46
282634,NaN,NaN,46
282637,NaN,NaN,46
282640,1151.055663,517.1133863,46
282644,1151.247442,518.0586346,46
282647,1146.244283,518.1342209,46
282650,1146.211986,525.6332274,46
282654,1151.404711,516.8941459,46
282657,1150.432548,517.1677181,46
282660,1144.731623,514.9469793,46
282663,1146.247328,517.8714768,46
282667,1144.90268,518.2266294,46
282670,1146.750103,516.2778123,46
282673,1146.470302,516.0172995,46
282677,1151.997877,517.910482,46
282680,1148.107216,514.4892509,46
282684,1147.411382,512.2509223,46
282687,1149.548681,517.2467298,46
282690,1149.170299,506.910198,46
282693,1146.648161,514.8472248,46
282697,1150.412578,509.5068752,46
282700,1150.69623,512.534513,46
282703,1149.759737,509.8967898,46
282707,1152.954803,510.1006396,46
282710,1148.586013,506.8781495,46
282714,1146.939377,511.35864,46
282717,1148.983798,516.9899574,46
282720,1145.312676,512.916136,46
282724,1133.782765,502.4499211,46
282727,NaN,NaN,46
282730,NaN,NaN,46
282733,NaN,NaN,46
282737,1110.240093,455.8387608,46
282740,1117.761692,458.2727381,46
282743,1125.586122,460.0924783,46
282747,1130.805611,458.7851036,46
282750,1133.231669,462.3546107,46
282754,1129.287209,470.6017519,46
282757,1125.241001,470.6940785,46
282760,1125.774552,470.3897863,46
282763,1119.800939,468.9306209,46
282767,1119.432112,466.5744639,46
282770,1121.381122,459.4483917,46
282773,1121.992594,458.0686111,46
282777,1123.008223,459.2384888,46
282780,1122.457076,462.4198829,46
282784,1123.141539,457.7199893,46
282787,1123.854761,462.2425783,46
282790,1124.434374,460.1862789,46
282793,1128.801777,460.2510896,46
282797,1124.742396,463.348759,46
282800,1124.184001,462.0869068,46
282803,1123.387341,456.0822877,46
282807,1122.138922,460.2124072,46
282810,1124.469899,461.8467417,46
282814,1122.400858,459.9877499,46
282817,1123.474817,458.185822,46
282820,1125.282397,456.8009473,46
282824,1121.966677,456.1853252,46
282827,1122.331312,459.2341138,46
282830,1120.87293,458.7027697,46
282833,1124.750925,458.4413512,46
282837,1126.585333,455.6834644,46
282840,1122.496659,460.3160018,46
282843,1124.456812,458.4051254,46
282847,1126.757449,453.1407587,46
282850,1126.758332,458.6429924,46
282854,1123.782254,461.5615346,46
282857,1122.731919,453.8686654,46
282860,1125.260629,453.7912098,46
282863,1124.292314,456.0010503,46
282867,1124.519145,458.6146885,46
282870,1124.103232,461.2836065,46
282873,1129.207074,457.4615935,46
282877,1128.252021,456.6322528,46
282880,1125.690468,457.7756769,46
282884,1122.709274,461.802389,46
282887,1124.319291,454.3732667,46
282890,1123.255407,457.5672767,46
282893,1123.113059,457.6154208,46
282897,1125.150732,459.3738976,46
282900,1124.695652,461.3730506,46
282903,1125.839099,459.1115653,46
282907,1125.146948,458.1664236,46
282910,1127.180032,458.3429201,46
282913,1123.660925,460.3014664,46
282917,1123.494599,460.5308902,46
282920,1125.810354,459.4289457,46
282924,1124.699672,463.5175822,46
282927,1125.867312,465.1701317,46
282930,1123.013534,461.3336838,46
282933,1126.591715,461.5539807,46
282937,1121.350724,456.3214289,46
282940,1121.185111,461.199721,46
282943,1124.12298,459.3427684,46
282947,1119.920565,461.6792102,46
282950,1123.953262,456.699508,46
282954,1120.29433,457.9654096,46
282957,1125.982146,456.3431206,46
282960,1121.88857,457.9461462,46
282963,1118.568393,452.590272,46
282967,1120.090631,460.0458483,46
282970,1122.137222,455.1275512,46
282973,1122.028064,458.1066542,46
282977,1121.774663,459.1379052,46
282980,1125.428112,457.143758,46
282983,1122.577159,454.9424974,46
282987,1122.591764,456.1564833,46
282990,1121.371782,456.2873495,46
282993,1119.796949,453.9174776,46
282997,1126.989885,454.7593929,46
283000,1120.218593,459.9365288,46
283003,1121.883184,460.054029,46
283007,1120.087743,456.3706981,46
283010,1117.636113,451.7228997,46
283013,1122.903082,452.9962459,46
283017,1120.733584,457.6937992,46
283020,1122.788907,457.1065837,46
283023,1121.049812,455.531312,46
283027,1122.255935,452.5964037,46
283030,1121.676865,448.8525114,46
283033,1120.323253,452.6643449,46
283037,1122.193008,455.47762,46
283040,1121.864571,453.409036,46
283043,1123.904027,453.8319105,46
283047,1121.199041,452.8168159,46
283050,1124.510254,457.6545814,46
283054,1124.417031,457.3955457,46
283057,NaN,NaN,46
283060,NaN,NaN,46
283063,1123.332976,454.999312,46
283067,1122.276946,459.1510869,46
283070,1123.278137,455.8239348,46
283073,1119.509445,454.6267009,46
283077,1124.027384,457.5264101,46
283080,1125.244296,456.3691937,46
283083,1122.059441,454.618118,46
283087,1121.768311,453.3590667,46
283090,1120.718875,456.8374254,46
283093,1122.282207,458.3468026,46
283097,NaN,NaN,46
283100,NaN,NaN,46
283103,1120.188291,457.3483793,46
283107,1120.595012,450.302405,46
283110,1121.300011,456.5431506,46
283113,NaN,NaN,46
283117,NaN,NaN,46
283120,1120.915277,450.8976045,46
283123,1118.490581,450.6600135,46
283127,NaN,NaN,46
283130,NaN,NaN,46
283133,1122.257841,451.1256023,46
283137,1121.230142,450.5981851,46
283140,1120.44335,455.216779,46
283143,1124.164554,451.6101438,46
283147,1123.217494,458.4288286,46
283150,1122.204451,452.9560503,46
283153,1121.895561,451.6378848,46
283157,1123.768736,452.7574743,46
283160,1120.447244,453.3125931,46
283163,1116.218895,455.5630729,46
283167,NaN,NaN,46
283170,NaN,NaN,46
283173,1122.00966,451.2970812,46
283177,1122.571844,450.8620948,46
283180,1119.825756,448.9920355,46
283183,NaN,NaN,46
283187,NaN,NaN,46
286853,1177.671069,486.7340137,47
286856,1176.456086,485.3588595,47
286860,NaN,NaN,47
286863,NaN,NaN,47
286866,1176.86449,485.3744861,47
286870,1180.150877,490.642879,47
286873,1175.895056,480.6345573,47
286876,1176.135078,491.4657226,47
286880,1177.854144,490.6355395,47
286883,1180.779088,486.6188942,47
286886,1177.47198,489.3028004,47
286890,1179.038415,483.1105852,47
286893,1179.271709,489.541708,47
286896,1176.434,484.9766884,47
286900,1171.699271,485.7885358,47
286903,1178.210169,491.9649599,47
286906,1175.507634,492.5178496,47
286910,1181.4467,491.6969875,47
286913,1179.390206,485.4496693,47
286916,1175.951359,484.3907424,47
286920,1177.217971,485.1501525,47
286923,1174.350235,480.264305,47
286926,1178.403812,481.2648997,47
286930,1176.234538,488.0171081,47
286933,1176.32019,492.105427,47
286936,1176.98297,489.5607124,47
286940,1177.965448,484.3043059,47
286943,1177.43101,487.0157371,47
286946,1176.469747,485.5672204,47
286950,1175.448842,485.019542,47
286953,1175.920789,480.8146482,47
286956,1175.823594,483.1639731,47
286960,1175.423683,482.5845731,47
286963,1177.920848,486.767054,47
286966,1177.49891,484.105181,47
286970,1177.5942,483.2493352,47
286973,1174.309602,481.9896611,47
286976,1179.427082,481.9831823,47
286980,1175.170874,486.3830206,47
286983,1173.445831,486.4438774,47
286986,1176.994924,487.6837456,47
286990,1176.608588,486.4148122,47
286993,1174.915729,487.2342096,47
286996,1178.186747,492.7767897,47
287000,1179.703463,485.2733151,47
287003,1173.951389,491.3235532,47
287006,1176.950597,484.1906963,47
287010,1175.985962,487.5514612,47
287013,1178.408634,482.1665443,47
287016,1173.606881,485.4878381,47
287020,1173.66956,491.8576154,47
287023,1177.132963,481.4490243,47
287026,1178.555094,487.5701577,47
287030,1179.036482,484.5826631,47
287033,1176.185479,489.9311349,47
287036,1174.2078,488.6732887,47
287040,1170.934722,482.9820957,47
287043,1174.704845,487.4263878,47
287046,1176.634009,492.1610867,47
287050,1173.73603,485.6526274,47
287053,1177.200599,486.0041293,47
287056,1175.348518,485.090653,47
287060,1172.917709,489.9964665,47
287063,1173.851747,486.6464377,47
287066,1174.416369,487.1546907,47
287070,1175.682259,487.3058956,47
287073,1173.854663,486.7344727,47
287076,1173.608761,483.3518526,47
287080,1174.193517,484.6076788,47
287083,1171.386732,484.1600155,47
287086,1174.489372,482.2287982,47
287090,1175.872836,483.8626005,47
287093,1177.575658,483.1372935,47
287096,1174.110522,484.6588526,47
287100,NaN,NaN,47
287103,NaN,NaN,47
287106,1175.991736,479.5198934,47
287110,1171.791702,482.2609797,47
287113,1158.025885,478.3751974,47
287116,1129.911852,490.0207704,47
287120,1093.469305,493.6689414,47
287123,1051.281778,497.6986897,47
287126,1018.398061,505.9947256,47
287130,981.393935,512.3503163,47
287133,942.4602522,512.973864,47
287136,898.8209401,518.76608,47
287140,862.9996437,531.5875103,47
287143,835.7865267,536.1668523,47
287146,814.9412383,541.464244,47
287150,798.1213051,544.2382846,47
287153,796.6343485,534.9035485,47
287156,793.8730561,529.1875875,47
287160,797.3731153,542.7189548,47
287163,809.9229032,535.7972363,47
287166,806.1736688,540.0181807,47
287170,806.7727992,538.8095162,47
287173,798.8794914,536.1375318,47
287176,786.7984998,542.6647225,47
287180,789.8799882,547.0211895,47
287183,786.4718077,538.0342447,47
287186,789.9953454,544.6074457,47
287190,793.2520825,544.7612063,47
287193,791.1943343,543.4706506,47
287196,796.6615719,547.2289709,47
287200,795.1894409,544.6416326,47
287203,800.1804187,541.3805611,47
287206,797.0391368,543.3385722,47
287210,795.7543342,542.9552265,47
287213,795.9670459,541.4641271,47
287216,794.2788322,543.6577421,47
287220,795.7984009,540.5105544,47
287223,797.9296483,547.4106325,47
287226,791.7976143,539.8383276,47
287230,796.879002,545.281373,47
287233,793.5482531,544.0123156,47
287236,799.2419469,538.3660304,47
287240,795.8778044,546.5695072,47
287243,798.2984527,545.9000498,47
287246,796.6734096,547.6726064,47
287250,794.8606014,544.9534285,47
287253,797.7271191,539.8956047,47
287256,793.17597,551.4327182,47
287260,796.3301075,543.7294096,47
287263,798.4172928,552.6781521,47
287266,795.9967746,541.1221792,47
287270,799.4453932,546.0536255,47
287273,795.0390991,551.9390723,47
287276,796.9007015,544.7578066,47
287280,799.6521527,546.2631781,47
287283,798.6920258,546.4019902,47
287286,797.9547831,550.0389321,47
287290,800.0848497,550.6307943,47
287293,799.4824401,545.8907219,47
287296,797.5981451,546.5016796,47
287300,798.1832168,546.7268156,47
287303,794.2511802,548.4205128,47
287306,795.0188876,546.0830135,47
287310,797.1390037,545.5041567,47
287313,796.7157877,545.5895079,47
287316,800.6347392,542.9114149,47
287320,797.8958314,548.7027141,47
287323,799.5953083,547.6383343,47
287326,797.0609748,548.8853699,47
287330,799.9129184,544.5429355,47
287333,794.6960799,547.439047,47
287336,800.3578686,542.357802,47
287340,797.6268967,546.4076411,47
287343,794.1995907,552.4886946,47
287346,765.2943488,543.0724283,47
287350,722.0195785,547.0516825,47
287353,681.2601272,559.001046,47
287356,646.310582,557.1002263,47
287360,618.8116571,557.6592001,47
287363,597.4601518,547.4069203,47
287366,574.1915389,552.5854068,47
287369,546.931858,554.9454026,47
287373,525.8846737,567.2110605,47
287376,501.5896341,568.1955126,47
287380,495.7730926,572.4445916,47
287383,500.4893173,564.4714002,47
287386,513.0339292,566.950808,47
287390,519.3746488,568.4211095,47
287393,521.8835464,573.8636331,47
287396,513.29293,567.4879751,47
287399,501.952987,567.2422395,47
287403,497.1976732,570.5743429,47
287406,492.576256,567.6664908,47
287409,491.7460077,563.6171128,47
287413,499.8113758,562.8971025,47
287416,498.3797142,560.0702146,47
287420,498.0847921,567.0127005,47
287423,501.3120562,567.1582772,47
287426,503.6330441,568.9830548,47
287429,502.6775818,568.0494122,47
287433,498.2340645,567.4192615,47
287436,503.3316467,567.5339988,47
287440,501.2109696,568.1202641,47
287443,502.2307128,574.2892975,47
287446,497.2997516,565.2902537,47
287450,501.4693783,571.1262747,47
287453,500.8221135,566.3285205,47
287456,500.4036403,571.5577164,47
287460,496.7332941,567.2725004,47
287463,496.3264584,565.7046814,47
287466,501.9971734,571.6277933,47
287469,500.0501538,572.7689582,47
287473,495.4215025,572.3134454,47
287476,495.4616677,572.908301,47
287479,496.647316,567.2812391,47
287483,502.8919666,571.4635578,47
287486,496.3105653,571.2865876,47
287490,500.305526,566.867005,47
287493,497.5835565,574.2046482,47
287496,496.1128933,566.555044,47
287499,496.8870154,566.2641985,47
287503,498.5757984,570.186879,47
287506,497.513371,567.3937385,47
287509,497.7345855,567.6931207,47
287513,496.7060266,565.889265,47
287516,496.3728006,568.3416332,47
287520,503.4635015,565.0793638,47
287523,498.6862646,561.3516278,47
287526,498.0513982,567.9415708,47
287529,501.1389296,568.4071428,47
287533,496.2303577,565.5828955,47
287536,496.5177063,567.0332342,47
287539,500.4619665,565.8723497,47
287543,495.5122237,563.5479396,47
287546,498.246975,563.2848823,47
287549,499.6038543,570.0435662,47
287553,498.4902559,569.0793513,47
287556,496.734616,567.782097,47
287560,497.3607778,569.3850843,47
287563,495.7109664,567.0675824,47
287566,500.1197431,571.3970081,47
287569,502.2203734,568.8280998,47
287573,496.7112008,570.3652853,47
287576,476.3780199,569.0729132,47
287579,451.2490952,545.7309305,47
287583,425.7105189,529.0540802,47
287586,416.6754881,521.4019897,47
287590,417.2883308,513.7100052,47
287593,436.6536179,520.778099,47
287596,451.0769583,525.5438678,47
287599,451.0070933,526.5303794,47
287603,454.3033853,523.8232584,47
287606,453.8607801,521.3877052,47
287609,447.9523678,521.7358966,47
287613,439.9194001,525.565224,47
287616,435.1704218,523.6119667,47
287620,436.6815416,520.2929226,47
287623,438.9727187,518.5349741,47
287626,440.3394488,517.5072066,47
287629,442.7326604,519.2368334,47
287633,440.6273433,513.7271263,47
287636,440.3586121,523.3392815,47
287639,445.5409033,524.0026942,47
287643,443.5323823,520.3214166,47
287646,442.6804037,520.6431038,47
287649,441.9210883,520.3152806,47
287653,438.6538966,528.5767557,47
287656,436.5582197,526.5963357,47
287660,442.0055698,525.8379707,47
287663,440.2393745,526.3837827,47
287666,440.6217968,526.4281799,47
287669,441.7711243,523.9090354,47
287673,438.2926766,524.1897937,47
287676,438.4487569,524.6045814,47
287679,437.8789232,527.1160958,47
287683,439.4441951,521.9404212,47
287686,439.7368835,526.5244918,47
287690,444.2035432,525.8597355,47
287693,444.9071629,522.1813407,47
287696,437.8178136,504.0011412,47
287699,438.1734094,505.3748287,47
287703,441.2716464,504.7859591,47
287706,444.1071361,506.5337932,47
287709,442.9355172,504.4765864,47
287713,442.3019966,504.1155484,47
287716,462.994656,498.5343617,47
287719,NaN,NaN,47
287723,NaN,NaN,47
287726,624.8807389,514.7213246,47
287729,NaN,NaN,47
287733,NaN,NaN,47
287736,NaN,NaN,47
287739,NaN,NaN,47
287743,862.5196521,527.0872964,47
287746,907.7930516,537.0524894,47
287749,NaN,NaN,47
287753,NaN,NaN,47
287756,1050.043369,533.4368317,47
287760,1088.157832,551.8698993,47
287763,NaN,NaN,47
287766,NaN,NaN,47
287769,1208.803474,565.2245971,47
287773,1240.281482,558.2381919,47
287776,NaN,NaN,47
287779,NaN,NaN,47
287783,1232.07032,570.8642784,47
287786,1223.545276,581.2929077,47
287789,NaN,NaN,47
287793,NaN,NaN,47
287796,NaN,NaN,47
287799,NaN,NaN,47
287803,1251.782344,573.3192007,47
287806,NaN,NaN,47
287809,NaN,NaN,47
287813,1246.483719,575.2671133,47
287816,1239.035426,576.2967473,47
287819,1238.9463,576.4364276,47
287823,1236.794336,576.2090669,47
287826,1237.848606,579.4150374,47
287829,1238.916523,579.3815209,47
287833,1239.108531,578.6014246,47
287836,1240.845338,573.7598924,47
287839,1237.445589,579.875676,47
287843,1238.70548,579.2757303,47
287846,1237.247903,581.8866131,47
287849,1238.971126,581.5232136,47
287853,1235.050323,579.1296895,47
287856,1238.157471,585.6174911,47
287859,1238.360918,584.6866421,47
287863,1240.379426,580.8002751,47
287866,1239.106235,578.6424832,47
287869,1240.878824,584.2214665,47
287873,1240.059413,579.0381299,47
287876,1240.856785,583.9145972,47
287879,1239.801204,578.7207488,47
287883,1240.681125,582.2321847,47
287886,1237.928007,582.1807565,47
287889,1237.872827,582.9964238,47
287893,1237.387698,578.0996248,47
287896,1237.28866,576.4837611,47
287899,1239.354372,578.3768534,47
287903,1238.054838,575.4893833,47
287906,1238.908685,576.5005964,47
287909,1238.404143,580.0531962,47
287913,1252.443894,578.8659147,47
287916,1285.597103,577.2246327,47
287919,1334.6775,568.0486669,47
287923,1384.973193,550.8414043,47
287926,1428.987226,542.2768627,47
287929,1460.553353,530.7498867,47
287933,1479.893725,534.6249583,47
287936,1493.626466,530.6852077,47
287939,1512.370816,524.2287637,47
287943,1530.835858,517.4715802,47
287946,1529.287776,510.3233405,47
287949,1526.552457,507.812324,47
287953,1516.573805,505.33713,47
287956,1506.29498,515.7399458,47
287959,1509.203145,519.8302124,47
287963,1522.47727,517.1850583,47
287966,1532.35407,512.9666726,47
287969,1531.842518,509.0892482,47
287973,1534.692037,509.0998733,47
287976,1533.746413,510.6520527,47
287979,1528.967489,512.077182,47
287983,1527.95993,507.7822566,47
287986,NaN,NaN,47
287989,NaN,NaN,47
287993,NaN,NaN,47
287996,NaN,NaN,47
287999,1526.080661,506.9482763,47
288003,1526.17647,509.665039,47
288006,1527.24166,510.8159191,47
288009,1522.326334,512.2750028,47
288013,1527.223773,508.721766,47
288016,NaN,NaN,47
288019,NaN,NaN,47
288023,NaN,NaN,47
288026,NaN,NaN,47
288029,NaN,NaN,47
288033,NaN,NaN,47
288036,1525.279278,517.3502048,47
288039,1527.690555,519.7088215,47
288043,1529.923829,512.0605363,47
288046,1527.5638,517.9900574,47
288049,1527.846514,516.9717862,47
288053,1526.945289,515.9976048,47
288056,1526.909027,518.1014601,47
288059,1527.684465,514.9115588,47
288063,1526.206591,516.7066379,47
288066,1529.279692,516.5507745,47
288069,1528.618548,517.9805737,47
288073,1529.653109,509.7772926,47
288076,1526.527045,504.7733437,47
288079,1527.74135,509.6586196,47
288083,1525.362459,504.1405003,47
288086,NaN,NaN,47
288089,NaN,NaN,47
288093,1527.639823,506.4972749,47
288096,1527.216021,505.1471656,47
288099,NaN,NaN,47
288103,NaN,NaN,47
288106,1529.754725,508.5202609,47
288109,1527.525982,504.8379465,47
288113,NaN,NaN,47
288116,NaN,NaN,47
288119,1529.704411,515.2015705,47
288123,1532.231065,515.9532804,47
288126,1528.729338,514.7454486,47
288129,1530.726027,509.7917923,47
288133,1527.896653,515.3665238,47
288136,1529.756023,521.0723508,47
288139,1530.750806,515.2907664,47
288143,1527.690722,516.4844946,47
288146,1529.929741,514.2335059,47
288149,1527.966841,512.0843858,47
288153,1530.042627,518.238238,47
288156,1527.401329,510.5484136,47
288159,1532.033516,509.0339943,47
288163,1531.813655,514.5499435,47
288166,1527.268023,506.5611445,47
288169,1528.08432,509.0795101,47
288173,NaN,NaN,47
288176,NaN,NaN,47
288179,1523.709334,506.7934926,47
288183,1530.359653,512.6315625,47
288186,1530.716789,507.8920648,47
288189,1528.413675,510.9169322,47
288193,1530.443992,508.9249569,47
288196,1529.763166,517.3688732,47
288199,1531.184215,520.8361805,47
288203,1530.574119,517.7788735,47
288206,1533.851894,514.1135372,47
288209,1531.605755,519.8056234,47
288213,1533.664702,515.7104817,47
288216,1534.582905,515.184221,47
288219,1530.846858,520.5940212,47
288223,1532.773226,521.5714934,47
288226,1533.695598,517.9206253,47
288229,1529.150011,518.0745092,47
288233,1528.013345,510.6415284,47
288236,1526.294309,508.9750578,47
288239,1528.652654,507.5283256,47
288243,NaN,NaN,47
288246,NaN,NaN,47
288249,1531.605117,508.0712064,47
288253,1526.056703,509.6208464,47
288256,NaN,NaN,47
288259,NaN,NaN,47
288263,NaN,NaN,47
288266,NaN,NaN,47
288269,NaN,NaN,47
288273,NaN,NaN,47
288276,1530.256141,509.2862485,47
288279,1530.765542,510.9036403,47
288283,NaN,NaN,47
288286,NaN,NaN,47
288289,1525.457827,524.2916353,47
288293,1526.227263,525.2600907,47
288296,1529.119971,524.3034264,47
288299,1529.543994,524.0582081,47
288303,1527.715647,520.9337422,47
288306,1528.607925,524.6470325,47
288309,1530.061293,522.1783709,47
288313,1530.397526,517.6840432,47
288316,1539.979652,515.8497293,47
288319,1559.66746,512.0881286,47
288323,1575.06761,506.0521354,47
288326,1586.407139,505.4734551,47
288329,1588.369607,502.1490364,47
288333,1586.638455,501.7994196,47
288336,1581.434724,502.543759,47
288339,1568.900236,503.6916394,47
288343,1567.440818,511.0326805,47
288346,1564.76807,507.6053208,47
288349,1571.208643,504.3622523,47
288353,1570.93088,505.4504722,47
288356,1573.966333,505.5076601,47
288359,1575.655917,493.3384465,47
288363,1571.57681,494.1167847,47
288366,1574.181595,495.4267607,47
288369,1575.375958,499.6946672,47
292036,373.3016667,473.053918,48
292039,375.2566494,477.4214217,48
292042,374.2850197,472.2808327,48
292046,370.2458286,476.965861,48
292049,368.7046113,476.8455172,48
292052,372.8250455,473.70042,48
292056,374.1560776,478.5150907,48
292059,370.2941289,479.2550472,48
292062,374.0846549,479.3769772,48
292065,372.4492502,478.7269048,48
292069,375.7431538,479.0562364,48
292072,365.70229,479.6909678,48
292075,370.720458,474.7231439,48
292079,375.0306052,476.8702652,48
292082,374.0293715,476.0073165,48
292086,372.1045962,478.9987264,48
292089,373.3796742,478.9883507,48
292092,371.5380271,474.4062993,48
292096,371.296115,481.8530998,48
292099,372.7508491,477.7770528,48
292102,374.2213847,480.5751834,48
292105,373.8285732,475.7312087,48
292109,371.4412166,478.9507368,48
292112,372.817923,476.7505579,48
292116,NaN,NaN,48
292119,NaN,NaN,48
292122,NaN,NaN,48
292126,NaN,NaN,48
292129,NaN,NaN,48
292132,NaN,NaN,48
292136,372.0861391,474.4917575,48
292139,373.496816,475.3492999,48
292142,375.4535931,472.7882484,48
292146,NaN,NaN,48
292149,NaN,NaN,48
292152,377.3807441,481.0539538,48
292156,375.6992946,479.569266,48
292159,372.2335307,477.3376591,48
292162,371.6204617,478.5065036,48
292166,372.4130719,475.3056238,48
292169,375.0341362,480.6983025,48
292172,371.2902855,477.2178511,48
292176,NaN,NaN,48
292179,NaN,NaN,48
292182,370.7134508,483.2234545,48
292186,NaN,NaN,48
292189,NaN,NaN,48
292192,NaN,NaN,48
292196,NaN,NaN,48
292199,371.1572179,485.7767031,48
292202,375.3943266,479.1883705,48
292205,372.2755855,482.0247118,48
292209,374.6796189,477.8003063,48
292212,373.967387,476.335628,48
292215,NaN,NaN,48
292219,NaN,NaN,48
292222,374.9462045,481.7469453,48
292226,372.6098653,484.4653799,48
292229,NaN,NaN,48
292232,NaN,NaN,48
292236,374.0237397,482.5286476,48
292239,376.275126,482.5425146,48
292242,375.0235442,480.7100578,48
292246,NaN,NaN,48
292249,NaN,NaN,48
292252,370.9370837,483.6838734,48
292256,373.7952088,477.1498681,48
292259,NaN,NaN,48
292262,NaN,NaN,48
292265,373.3868908,482.1417705,48
292269,369.1021862,480.819981,48
292272,368.3073351,481.7353534,48
292275,370.7696168,484.5360764,48
292279,372.3108356,481.605875,48
292282,368.0855185,481.8257893,48
292285,NaN,NaN,48
292289,NaN,NaN,48
292292,373.8359044,482.0973929,48
292296,373.0255954,478.9433475,48
292299,372.3049051,479.1870835,48
292302,NaN,NaN,48
292306,NaN,NaN,48
292309,372.2064737,486.9595667,48
292312,373.0183749,482.5279156,48
292316,NaN,NaN,48
292319,NaN,NaN,48
292322,NaN,NaN,48
292326,NaN,NaN,48
292329,NaN,NaN,48
292332,NaN,NaN,48
292336,NaN,NaN,48
292339,NaN,NaN,48
292342,NaN,NaN,48
292345,NaN,NaN,48
292349,370.7983255,482.30738,48
292352,371.2575341,482.4548796,48
292355,NaN,NaN,48
301571,1016.998766,838.8574792,49
301574,1019.248758,844.5949101,49
301577,1016.750579,840.5500988,49
301581,1017.192484,839.6063438,49
301584,1016.478517,841.2878929,49
301588,1020.531345,836.4199007,49
301591,1016.168542,838.254864,49
301594,1020.277449,842.0402778,49
301598,1016.918785,841.2659067,49
301601,1015.174299,842.3874588,49
301604,1015.53456,843.8629414,49
301608,1023.340835,840.2806148,49
301611,1043.934376,824.0380062,49
301614,1060.960949,808.9889053,49
301617,1080.180431,799.3126319,49
301621,1094.282855,793.236049,49
301624,1102.367394,780.7956375,49
301628,1104.714755,782.0780093,49
301631,1106.087217,775.8335524,49
301634,1099.275187,770.9579939,49
301638,1093.783936,769.6041225,49
301641,1087.836568,773.1919711,49
301644,1086.19439,775.9810393,49
301647,1087.477975,780.0139903,49
301651,1092.536507,778.6222385,49
301654,1100.464303,777.1782553,49
301657,1100.28546,776.5126163,49
301661,1098.942669,773.2104773,49
301664,1097.609556,774.5938667,49
301668,1092.97405,773.5553383,49
301671,1093.400375,770.7684203,49
301674,1094.446316,775.1901977,49
301677,1096.387042,772.5454108,49
301681,1093.611368,769.6860023,49
301684,1091.693954,770.8167398,49
301688,NaN,NaN,49
301691,NaN,NaN,49
301694,1094.707284,772.7227951,49
301698,1092.831681,774.6109579,49
301701,1094.625321,770.7477536,49
301704,1088.506003,772.7113067,49
301708,1093.621121,770.3525431,49
301711,1091.579218,772.3352897,49
301714,1091.809329,773.022089,49
301717,1091.934807,770.8313163,49
301721,1092.74129,774.4702113,49
301724,1091.004207,777.5318482,49
301727,1090.060678,773.0177998,49
301731,1090.592189,774.8668241,49
301734,1089.055359,770.2100852,49
301738,1091.936218,775.679735,49
301741,1088.821763,772.9266619,49
301744,1090.886609,777.6849853,49
301747,1089.312406,771.5542386,49
301751,1089.732091,772.8431859,49
301754,1089.534838,773.0017052,49
301757,1090.231324,774.3864212,49
301761,1092.364118,773.1124317,49
301764,1093.891355,775.8825791,49
301768,1091.089952,773.8236638,49
301771,1095.251812,776.6100377,49
301774,1090.687687,773.9086195,49
301777,1091.332387,777.0530606,49
301781,1084.582149,794.1983718,49
301784,1051.985008,816.3377996,49
301787,1014.675828,857.2037436,49
301791,978.0121618,890.5987123,49
301794,948.3262507,909.7866921,49
301797,940.7487273,902.1039003,49
301801,943.8140568,897.329287,49
301804,949.9531168,878.9743799,49
301807,966.2904314,880.2326745,49
301811,975.7695425,871.2774269,49
301814,973.6712829,872.9376719,49
301817,972.9546998,880.3334846,49
301821,963.9616269,886.5997074,49
301824,956.8190671,891.3065876,49
301827,947.9997488,900.2919155,49
301831,948.8390477,900.9028632,49
301834,953.4031579,902.6197904,49
301838,954.6102318,896.2044051,49
301841,NaN,NaN,49
301844,NaN,NaN,49
301847,956.946784,891.7149126,49
301851,952.9523704,895.5265734,49
301854,955.2244258,896.1953365,49
301857,957.2020886,895.5482812,49
301861,959.3047406,891.2947835,49
301864,953.0842058,894.8351195,49
301867,NaN,NaN,49
301871,NaN,NaN,49
301874,957.0896583,891.6028854,49
301877,954.5425507,896.3551924,49
301881,955.4835645,893.4301614,49
301884,954.3954594,894.4159,49
301887,954.6992019,888.594431,49
301891,959.3594855,890.8447303,49
301894,955.2409847,895.7310219,49
301897,956.0776192,890.9159962,49
301901,958.6279272,893.3798367,49
301904,954.3192565,894.6618629,49
301908,955.4711797,894.3405135,49
301911,956.3270667,893.4786569,49
301914,958.8860466,888.9049705,49
301917,956.9344765,896.6003179,49
301921,959.9045029,891.1629241,49
301924,956.9162923,897.2759823,49
301927,957.20499,897.6891411,49
301931,961.8238748,894.1948513,49
301934,958.6315662,895.0200269,49
301938,962.2445737,893.1722376,49
301941,960.1334745,888.5733039,49
301944,NaN,NaN,49
301947,NaN,NaN,49
301951,957.5176528,893.9540083,49
301954,955.1545567,896.8143909,49
301957,960.3360013,892.6104459,49
301961,958.545002,892.6383469,49
301964,961.033459,893.422377,49
301967,961.4584274,891.9174544,49
301971,958.31666,895.5132054,49
301974,956.221147,894.9271638,49
301977,957.7564761,894.7525394,49
301981,960.1647375,892.5114384,49
301984,956.4880346,890.4484929,49
301987,957.283103,893.7996253,49
301991,958.0273202,897.0432813,49
301994,961.8495971,896.9094232,49
301997,958.4535054,894.2197144,49
302001,958.3154694,891.9484849,49
302004,957.6878431,891.9616124,49
302007,960.8180461,894.7803761,49
302011,953.841604,895.7331415,49
302014,950.9290671,886.0387246,49
302017,942.7695465,872.7515746,49
302021,939.399019,853.3457408,49
302024,NaN,NaN,49
302027,NaN,NaN,49
302031,NaN,NaN,49
302034,NaN,NaN,49
302037,NaN,NaN,49
302041,NaN,NaN,49
302044,NaN,NaN,49
302047,NaN,NaN,49
302051,NaN,NaN,49
302054,NaN,NaN,49
302057,NaN,NaN,49
302061,NaN,NaN,49
302064,NaN,NaN,49
302067,NaN,NaN,49
302071,NaN,NaN,49
302074,NaN,NaN,49
302077,NaN,NaN,49
302081,NaN,NaN,49
302084,NaN,NaN,49
302087,NaN,NaN,49
302091,NaN,NaN,49
302094,NaN,NaN,49
302097,NaN,NaN,49
302101,NaN,NaN,49
302104,NaN,NaN,49
302107,NaN,NaN,49
302111,NaN,NaN,49
302114,NaN,NaN,49
302117,NaN,NaN,49
302121,NaN,NaN,49
302124,NaN,NaN,49
302127,NaN,NaN,49
302131,NaN,NaN,49
302134,NaN,NaN,49
302137,NaN,NaN,49
302141,NaN,NaN,49
302144,NaN,NaN,49
302147,NaN,NaN,49
302151,NaN,NaN,49
302154,NaN,NaN,49
302157,NaN,NaN,49
302161,NaN,NaN,49
302164,NaN,NaN,49
302167,NaN,NaN,49
302171,NaN,NaN,49
302174,NaN,NaN,49
302177,NaN,NaN,49
302181,912.6323191,847.758029,49
302184,NaN,NaN,49
302187,NaN,NaN,49
302191,NaN,NaN,49
302194,NaN,NaN,49
302197,NaN,NaN,49
302201,NaN,NaN,49
302204,NaN,NaN,49
302207,893.5357377,632.6976239,49
302211,NaN,NaN,49
302214,NaN,NaN,49
302217,882.7547554,581.5789666,49
302221,882.6536799,569.6567153,49
302224,883.2384231,561.2237486,49
302227,886.1075182,553.6873817,49
302231,880.3421184,550.7330089,49
302234,878.652963,539.464573,49
302237,880.3401306,535.9165119,49
302241,877.6619729,554.3298601,49
302244,NaN,NaN,49
302247,NaN,NaN,49
302251,NaN,NaN,49
302254,NaN,NaN,49
302257,879.573977,560.351989,49
302261,878.200334,560.3095667,49
302264,880.8074093,564.0045767,49
302267,878.1466478,562.6596323,49
302271,877.2969851,562.0197862,49
302274,876.4857019,563.8695212,49
302277,878.7793552,566.0919925,49
302281,878.0536276,563.8906505,49
302284,875.9692147,569.1557446,49
302287,877.7590655,559.3639103,49
302291,877.4020087,556.6029886,49
302294,874.202057,552.8045804,49
302297,878.2907109,546.4633726,49
302301,877.5876591,545.9075174,49
302304,878.4048212,546.9748061,49
302307,875.4405534,544.644599,49
302311,876.7553661,548.1063031,49
302314,877.7415269,550.3309568,49
302317,874.3502016,547.8188726,49
302321,876.5841094,550.5093618,49
302324,877.2401175,549.6727159,49
302327,876.456672,552.3981597,49
302331,877.2660199,555.3000445,49
302334,878.1310944,551.8708378,49
302337,872.9069785,552.2193078,49
302341,876.8551021,553.6685918,49
302344,878.5436947,552.6987814,49
302347,880.0705587,553.6902527,49
302351,879.2285148,552.9266887,49
302354,875.3579656,554.2824206,49
302357,880.3252413,552.626487,49
302361,878.3316325,553.2428443,49
302364,875.675375,559.0966679,49
302367,875.0167234,550.8691947,49
302371,876.8634375,556.5235852,49
302374,874.8712574,555.4020508,49
302377,876.3165168,558.589061,49
302381,876.9592228,566.4873849,49
302384,879.2187312,570.6719207,49
302387,880.0331927,554.3389265,49
302391,880.7835177,583.6735022,49
302394,871.3035197,605.2264779,49
302397,NaN,NaN,49
302401,NaN,NaN,49
302404,NaN,NaN,49
302407,NaN,NaN,49
302411,NaN,NaN,49
302414,NaN,NaN,49
302417,NaN,NaN,49
302421,NaN,NaN,49
302424,NaN,NaN,49
302427,NaN,NaN,49
302431,NaN,NaN,49
302434,NaN,NaN,49
302437,NaN,NaN,49
302441,NaN,NaN,49
302444,NaN,NaN,49
302447,NaN,NaN,49
302451,NaN,NaN,49
302454,NaN,NaN,49
302457,NaN,NaN,49
302461,NaN,NaN,49
302464,NaN,NaN,49
302467,NaN,NaN,49
302471,NaN,NaN,49
302474,NaN,NaN,49
302477,NaN,NaN,49
302481,NaN,NaN,49
302484,NaN,NaN,49
302487,NaN,NaN,49
302491,NaN,NaN,49
302494,NaN,NaN,49
302497,NaN,NaN,49
302501,NaN,NaN,49
302504,NaN,NaN,49
302507,NaN,NaN,49
302511,NaN,NaN,49
302514,NaN,NaN,49
302517,NaN,NaN,49
302521,NaN,NaN,49
302524,NaN,NaN,49
302527,NaN,NaN,49
302531,NaN,NaN,49
302534,NaN,NaN,49
302537,NaN,NaN,49
302541,NaN,NaN,49
302544,NaN,NaN,49
302547,NaN,NaN,49
302551,NaN,NaN,49
302554,NaN,NaN,49
302557,NaN,NaN,49
302561,NaN,NaN,49
302564,NaN,NaN,49
302567,NaN,NaN,49
302571,NaN,NaN,49
302574,NaN,NaN,49
302577,NaN,NaN,49
302581,NaN,NaN,49
302584,NaN,NaN,49
302587,NaN,NaN,49
302591,NaN,NaN,49
302594,NaN,NaN,49
302597,NaN,NaN,49
302601,NaN,NaN,49
302604,NaN,NaN,49
302607,NaN,NaN,49
302611,NaN,NaN,49
302614,NaN,NaN,49
302617,NaN,NaN,49
302621,NaN,NaN,49
302624,NaN,NaN,49
302627,NaN,NaN,49
302631,NaN,NaN,49
302634,NaN,NaN,49
302637,NaN,NaN,49
302641,NaN,NaN,49
302644,NaN,NaN,49
302647,NaN,NaN,49
302651,NaN,NaN,49
302654,NaN,NaN,49
302657,NaN,NaN,49
302661,NaN,NaN,49
302664,NaN,NaN,49
302667,NaN,NaN,49
302671,NaN,NaN,49
302674,NaN,NaN,49
302677,NaN,NaN,49
302681,NaN,NaN,49
302684,NaN,NaN,49
302687,1112.170893,586.0545583,49
302691,1110.659095,599.2375645,49
302694,1110.412602,554.5934828,49
302697,1119.249677,542.537211,49
302701,1116.42521,542.5058787,49
302704,1119.877837,524.4442546,49
302707,1119.67875,526.4548351,49
302711,1104.879445,499.9268629,49
302714,1103.596711,505.0661172,49
302717,1105.197774,505.0643037,49
302721,1101.537667,514.6730288,49
302724,1098.153861,517.2042493,49
302727,1101.338591,517.6318822,49
302731,NaN,NaN,49
302734,NaN,NaN,49
302737,1103.316667,514.4867464,49
302741,1104.369204,517.0331884,49
302744,1101.710157,510.9724891,49
302747,1101.734752,510.0540353,49
302751,1102.463949,510.3480399,49
302754,1103.995339,511.9244642,49
302757,1100.448491,509.1255489,49
302761,1101.959012,509.9857932,49
302764,1102.900802,511.9199952,49
302767,1099.264303,509.6918094,49
302771,1100.905419,504.5217894,49
302774,1103.501127,503.5189333,49
302777,1103.112374,508.9574,49
302781,1100.456401,511.602352,49
302784,1101.848121,506.6773663,49
302787,1101.522709,509.7624902,49
302791,1105.51404,506.8904731,49
302794,1103.405669,505.6137797,49
302797,1099.74722,509.4346664,49
302801,1100.870177,511.3108322,49
302804,1100.34302,510.9913619,49
302807,1101.753307,505.1404373,49
302811,1102.747092,506.5443445,49
302814,1101.604057,503.3316895,49
302817,1102.783151,504.321811,49
302821,1099.263031,510.8165566,49
302824,1100.009229,513.1893167,49
302827,1100.384495,509.4586785,49
302831,1101.220721,502.9834299,49
302834,1106.116647,507.1341197,49
302837,1103.962028,512.8685648,49
302841,1101.287943,505.354865,49
302844,1102.164252,509.2801005,49
302847,1101.045435,510.8768337,49
302851,1103.330752,504.9959788,49
302854,1102.493549,512.8109808,49
302857,1101.132853,507.4289236,49
302861,1099.779394,510.9420984,49
302864,1099.238863,504.6621921,49
302867,1101.754534,508.5555416,49
302871,1101.262895,508.3640367,49
302874,1101.384572,511.3433433,49
302877,1099.88964,511.6603582,49
302881,1100.345046,508.1452324,49
302884,1099.214054,507.4469714,49
302887,1100.97915,510.8137949,49
302891,1100.765252,509.4180445,49
302894,1100.070993,510.9665428,49
302897,1102.400452,509.1606262,49
302901,1101.46445,508.9960801,49
302904,1101.128267,509.8521874,49
302907,1098.920978,510.0732746,49
302911,1101.646289,507.907645,49
302914,1100.84116,509.2494468,49
302917,1096.394577,508.6153123,49
302921,1105.251937,514.0722013,49
302924,1115.779402,505.2457525,49
302927,1143.997953,508.579497,49
302931,1168.108076,498.063076,49
302934,1192.46874,495.4895366,49
302937,1199.864863,489.1365635,49
302941,1199.018923,485.2219041,49
302944,1191.20711,490.749139,49
302947,1169.53853,488.2332991,49
302951,1158.47825,487.7512282,49
302954,1152.265671,494.4340284,49
302957,1160.951199,498.0274941,49
302961,1166.43762,490.3355612,49
302964,1175.143975,491.6125864,49
302967,1177.871656,491.7765409,49
302971,1178.497974,486.2136158,49
302974,1175.384312,489.0304745,49
302977,1177.889326,484.6132751,49
302981,1174.400695,488.2577041,49
302984,1172.079661,494.4219009,49
302987,1175.199715,492.1782411,49
302991,1171.968932,495.0504115,49
302994,1171.388443,495.1944205,49
302997,1175.848765,493.9352199,49
303001,1172.165725,495.7533795,49
303004,1173.700683,492.3744543,49
303007,1170.405054,494.2964503,49
303011,1174.556512,491.7442896,49
303014,1168.91091,497.193384,49
303017,1170.877598,494.4998809,49
303021,1172.34842,496.0702544,49
303024,1168.461839,497.227922,49
303027,NaN,NaN,49
303031,NaN,NaN,49
303034,1169.153886,499.8397482,49
303037,1170.309357,493.6981062,49
303041,NaN,NaN,49
303044,NaN,NaN,49
303047,NaN,NaN,49
303051,NaN,NaN,49
303054,NaN,NaN,49
303057,NaN,NaN,49
303061,1170.1302,494.1987189,49
303064,1166.021255,501.6774837,49
303067,1172.110275,500.3399628,49
303071,1170.758822,493.6110832,49
303074,1170.502515,493.690289,49
303077,1170.36823,501.4398877,49
303081,1170.312035,493.6990553,49
303084,1170.536837,499.7134215,49
303087,1167.869459,498.2388753,49
303091,1165.68724,496.3013127,49
303094,1165.10193,502.5204611,49
303097,1165.44175,498.3770208,49
303101,1167.076077,501.7205578,49
303104,1167.621361,497.2822647,49
303107,1167.081886,498.2849239,49
303111,1168.372891,499.0138861,49
303114,1169.464298,498.0989472,49
303117,1170.165859,500.9273792,49
303121,1165.663613,496.9454769,49
303124,1168.561124,497.0968448,49
303127,1166.646648,497.2273403,49
303131,1166.678392,499.9046681,49
303134,1165.19441,498.4636339,49
303137,1169.743096,497.6692438,49
303141,1165.602628,498.2895901,49
303144,1171.100166,498.4795224,49
303147,1166.817208,498.3528995,49
303151,1167.302109,499.371279,49
303154,1165.935644,496.307605,49
303157,1167.36133,500.6592341,49
303161,1165.576708,500.0760121,49
303164,1166.468233,499.2221706,49
303167,1165.047074,499.740634,49
303171,1163.178495,501.9632152,49
303174,1164.336132,499.1419957,49
303177,1165.645177,498.7668027,49
303181,1169.039584,499.3262985,49
303184,1167.306838,499.9387826,49
303187,1166.879925,500.3114302,49
303191,1166.329153,497.4586093,49
303194,1166.478201,499.4889887,49
303197,1166.741815,491.2713021,49
303201,1166.15499,498.1572704,49
303204,1170.964792,492.1966289,49
303207,1167.251519,496.9035331,49
303211,1164.975646,498.0958793,49
303214,1167.365541,496.0822988,49
303217,1169.670697,502.4295431,49
303221,1167.842462,494.388667,49
303224,1167.976997,498.4497333,49
303227,1167.475499,499.5324853,49
303231,1163.748227,498.9391045,49
303234,1164.050248,498.6632094,49
303237,1166.299424,500.7516573,49
303241,1166.502549,501.5829376,49
303244,1164.80922,497.9597241,49
303247,1166.040292,502.5006916,49
303251,1168.472884,500.3596413,49
303254,1166.881688,495.8906916,49
303257,1166.233198,495.1051134,49
303261,1166.317349,501.2171163,49
303264,1168.81092,498.9289749,49
303267,1165.856953,496.0762335,49
303271,1165.709698,501.5746946,49
303274,1167.569542,505.9424582,49
303277,1164.157838,502.3529615,49
303281,1163.752015,505.69725,49
303284,1161.776309,499.958824,49
303287,1166.512852,502.5791273,49
303291,1165.378206,498.6828351,49
303294,1166.067338,498.317981,49
303297,1167.440657,499.0900609,49
303301,1170.621649,499.6887143,49
303304,1163.83797,496.8038313,49
303307,1166.025818,497.7501896,49
303311,1166.245594,498.759303,49
303314,1168.881442,500.4142384,49
303317,1169.706967,498.3960918,49
303321,1168.544303,500.5066492,49
303324,1168.459474,501.3766544,49
303327,1166.520486,500.1383034,49
303331,1165.295644,500.693405,49
303334,1171.483665,499.512922,49
303337,1165.657371,504.1202572,49
303341,1168.815917,500.357949,49
303344,1167.040278,503.7365194,49
303347,1168.131637,496.9262323,49
303351,1169.318535,494.7044905,49
303354,1167.244438,501.0503557,49
303357,1169.409467,492.4711179,49
303361,1169.595475,494.346083,49
303364,1169.73373,497.493447,49
303367,1167.432415,497.8900352,49
303371,1162.715799,496.8679495,49
303374,1164.687515,495.6602912,49
303377,NaN,NaN,49
303381,NaN,NaN,49
303384,1166.732526,499.132401,49
303387,1166.530047,499.8635369,49
303391,NaN,NaN,49
303394,NaN,NaN,49
303397,1166.894596,499.0591252,49
303401,1168.802955,496.5636726,49
307090,896.3490455,916.563143,50
307093,891.6334085,914.7329881,50
307097,899.9368389,913.7914387,50
307100,NaN,NaN,50
307103,NaN,NaN,50
307107,894.2582269,911.8449265,50
307110,894.9841691,912.1865184,50
307113,NaN,NaN,50
307117,NaN,NaN,50
307120,895.6534214,915.3873479,50
307123,896.8653613,916.5276837,50
307127,NaN,NaN,50
307130,NaN,NaN,50
307133,898.2473019,915.077343,50
307137,892.3487457,912.7198114,50
307140,NaN,NaN,50
307143,NaN,NaN,50
307147,895.3406694,913.311315,50
307150,897.6991159,915.8578276,50
307153,NaN,NaN,50
307157,NaN,NaN,50
307160,893.426624,916.2348118,50
307163,894.6876702,915.3314931,50
307167,895.0292653,918.3475324,50
307170,NaN,NaN,50
307173,NaN,NaN,50
307177,NaN,NaN,50
307180,NaN,NaN,50
307183,NaN,NaN,50
307187,NaN,NaN,50
307190,893.4088374,916.3141858,50
307193,895.3758472,914.6538432,50
307197,NaN,NaN,50
307200,NaN,NaN,50
307203,894.1605478,913.1426269,50
307207,894.7482587,917.6884846,50
307210,NaN,NaN,50
307213,NaN,NaN,50
307217,892.4663589,916.4374702,50
307220,893.9740045,912.6900845,50
307223,891.0837544,914.0186126,50
307227,NaN,NaN,50
307230,NaN,NaN,50
307233,895.5774469,917.6354109,50
307237,892.229472,916.4690299,50
307240,NaN,NaN,50
307243,NaN,NaN,50
307247,893.4738033,918.8345872,50
307250,896.4413407,916.4638479,50
307253,895.3206961,916.5054863,50
307257,893.0257838,915.7970211,50
307260,897.1594588,920.3076258,50
307263,895.5574543,917.4298383,50
307267,892.5395422,914.7384271,50
307270,891.6413152,915.6264409,50
307273,892.4012915,919.0168292,50
307277,894.4336333,916.5700195,50
307280,NaN,NaN,50
307283,NaN,NaN,50
307287,894.3811269,916.9387783,50
307290,893.5511387,916.5169017,50
307293,896.1938173,919.5878539,50
307297,NaN,NaN,50
307300,NaN,NaN,50
307303,897.2013718,919.1269542,50
307307,895.8765748,919.8281006,50
307310,NaN,NaN,50
307313,NaN,NaN,50
307317,896.1971633,918.8755183,50
307320,895.8923067,918.701841,50
307323,NaN,NaN,50
307327,NaN,NaN,50
307330,892.1476255,917.7517174,50
307333,898.2757802,920.4041096,50
307337,NaN,NaN,50
307340,NaN,NaN,50
307343,919.5800186,896.8707922,50
307347,938.2183413,886.0547444,50
307350,NaN,NaN,50
307353,NaN,NaN,50
307357,943.9980712,880.6767226,50
307360,937.2325068,878.7275172,50
307363,936.7306111,882.2049213,50
307367,933.5426961,884.9719555,50
307370,936.7092058,887.7275833,50
307373,934.2946649,892.5156887,50
307377,939.1695511,888.4825673,50
307380,NaN,NaN,50
307383,NaN,NaN,50
307387,939.4691072,883.8912837,50
307390,943.6810861,880.8195657,50
307393,941.0495489,879.4070682,50
307397,941.4259933,882.8576644,50
307400,939.1657867,880.9407671,50
307403,937.0124665,886.7797725,50
307407,939.3661428,886.7935851,50
307410,NaN,NaN,50
307413,NaN,NaN,50
307417,NaN,NaN,50
307420,NaN,NaN,50
307423,NaN,NaN,50
307427,NaN,NaN,50
307430,937.0057075,884.3349182,50
307433,939.78957,885.2657558,50
307437,NaN,NaN,50
307440,NaN,NaN,50
307443,939.0318483,884.3307697,50
307447,939.8522767,886.6391734,50
307450,NaN,NaN,50
307453,NaN,NaN,50
307457,936.2493603,884.5869785,50
307460,942.2638803,883.9818337,50
307463,NaN,NaN,50
307467,NaN,NaN,50
307470,NaN,NaN,50
307473,NaN,NaN,50
307477,NaN,NaN,50
307480,NaN,NaN,50
307483,NaN,NaN,50
307487,NaN,NaN,50
307490,NaN,NaN,50
307493,NaN,NaN,50
307497,NaN,NaN,50
307500,NaN,NaN,50
307503,941.8700289,885.730706,50
307507,NaN,NaN,50
307510,NaN,NaN,50
307513,NaN,NaN,50
307517,NaN,NaN,50
307520,NaN,NaN,50
307523,NaN,NaN,50
307527,NaN,NaN,50
307530,NaN,NaN,50
307533,NaN,NaN,50
307537,NaN,NaN,50
307540,936.1443244,888.2694096,50
307543,941.7623903,886.0878889,50
307547,938.0172595,881.9594693,50
307550,NaN,NaN,50
307553,NaN,NaN,50
307557,939.5474951,887.0209167,50
307560,939.153163,883.068648,50
307563,NaN,NaN,50
307567,NaN,NaN,50
307570,939.1257491,888.8387914,50
307573,938.398448,889.2894669,50
307577,925.6148637,877.5443199,50
307580,909.1984316,861.2881131,50
307583,886.5043194,849.3165248,50
307587,877.3504303,841.4925701,50
307590,873.6368237,835.6568293,50
307593,NaN,NaN,50
307597,NaN,NaN,50
307600,884.51372,821.3687287,50
307603,884.8267475,822.5306939,50
307607,NaN,NaN,50
307610,NaN,NaN,50
307613,886.2359107,832.3299775,50
307617,886.8998226,835.6020101,50
307620,883.5304014,829.5420742,50
307623,880.8675692,826.2691759,50
307627,881.8366082,825.1585177,50
307630,878.9167886,826.3095824,50
307633,NaN,NaN,50
307637,NaN,NaN,50
307640,880.256671,826.6132427,50
307643,884.8853717,825.2990621,50
307647,NaN,NaN,50
307650,NaN,NaN,50
307653,881.7737926,826.9246136,50
307657,883.0018115,829.3508566,50
307660,883.8124856,831.3471189,50
307663,NaN,NaN,50
307667,NaN,NaN,50
307670,881.0338611,828.6301626,50
307673,883.2606547,824.2532578,50
307677,NaN,NaN,50
307680,NaN,NaN,50
307683,882.4047623,826.4051982,50
307687,883.6583916,827.6550446,50
307690,NaN,NaN,50
307693,NaN,NaN,50
307697,883.1101042,825.0103662,50
307700,882.3742199,826.7317024,50
307703,NaN,NaN,50
307707,NaN,NaN,50
307710,886.4666632,824.446353,50
307713,883.5469235,829.9980996,50
307717,884.7562205,825.7276361,50
307720,NaN,NaN,50
307723,NaN,NaN,50
307727,883.1369442,830.272307,50
307730,886.0754093,826.4173753,50
307733,NaN,NaN,50
307737,NaN,NaN,50
307740,884.7702382,827.1619723,50
307743,881.8202187,827.5674694,50
307747,NaN,NaN,50
307750,NaN,NaN,50
307753,881.6896816,827.3313027,50
307757,881.5035726,828.8935178,50
307760,NaN,NaN,50
307763,NaN,NaN,50
307767,882.956176,829.1230322,50
307770,883.5967081,827.9945488,50
307773,880.2263749,830.788403,50
307777,885.8559179,833.559302,50
307780,897.0036819,832.488588,50
307783,925.5169191,825.8850896,50
307787,964.3580829,827.6383486,50
307790,NaN,NaN,50
307793,NaN,NaN,50
307797,NaN,NaN,50
307800,NaN,NaN,50
307803,NaN,NaN,50
307807,NaN,NaN,50
307810,NaN,NaN,50
307813,NaN,NaN,50
307817,NaN,NaN,50
307820,NaN,NaN,50
307823,NaN,NaN,50
307827,NaN,NaN,50
307830,NaN,NaN,50
307833,NaN,NaN,50
307837,NaN,NaN,50
307840,NaN,NaN,50
307843,NaN,NaN,50
307847,NaN,NaN,50
307850,NaN,NaN,50
307853,NaN,NaN,50
307857,NaN,NaN,50
307860,NaN,NaN,50
307863,NaN,NaN,50
307867,NaN,NaN,50
307870,NaN,NaN,50
307873,NaN,NaN,50
307877,NaN,NaN,50
307880,NaN,NaN,50
307883,NaN,NaN,50
307887,NaN,NaN,50
307890,NaN,NaN,50
307893,NaN,NaN,50
307897,NaN,NaN,50
307900,NaN,NaN,50
307903,NaN,NaN,50
307907,NaN,NaN,50
307910,NaN,NaN,50
307913,NaN,NaN,50
307917,NaN,NaN,50
307920,NaN,NaN,50
307923,NaN,NaN,50
307927,NaN,NaN,50
307930,NaN,NaN,50
307933,NaN,NaN,50
307937,NaN,NaN,50
307940,NaN,NaN,50
307943,NaN,NaN,50
307947,NaN,NaN,50
307950,NaN,NaN,50
307953,NaN,NaN,50
307957,NaN,NaN,50
307960,NaN,NaN,50
307963,NaN,NaN,50
307967,NaN,NaN,50
307970,NaN,NaN,50
307973,NaN,NaN,50
307977,NaN,NaN,50
307980,NaN,NaN,50
307983,NaN,NaN,50
307987,1574.504958,440.9291388,50
307990,1574.553442,426.3384865,50
307993,1570.682939,432.1123531,50
307997,1562.37937,425.8321755,50
308000,1571.910268,437.4575732,50
308003,1572.412463,437.5356476,50
308007,1565.658686,434.2610282,50
308010,1567.232088,438.8125394,50
308013,1566.101784,448.3763638,50
308017,1559.903856,452.433144,50
308020,1565.116626,467.3262087,50
308023,1542.665032,480.2925846,50
308027,1542.428928,482.290685,50
308030,1540.782445,483.3223066,50
308033,1555.476925,479.7650232,50
308037,1558.758318,480.0570736,50
308040,1553.874577,472.523988,50
308043,1548.80484,475.0323587,50
308047,1544.943313,486.1337819,50
308050,1547.548418,478.5036346,50
308053,1545.534119,487.3294836,50
308057,1547.597192,488.6356457,50
308060,1543.853758,490.4741635,50
308063,1542.095509,488.8282875,50
308067,NaN,NaN,50
308070,NaN,NaN,50
308073,NaN,NaN,50
308077,NaN,NaN,50
308080,1544.803358,483.0508391,50
308083,1542.253076,487.7374217,50
308087,1542.308944,479.6273372,50
308090,NaN,NaN,50
308093,NaN,NaN,50
308097,NaN,NaN,50
308100,NaN,NaN,50
308103,NaN,NaN,50
308107,NaN,NaN,50
308110,1541.058464,479.3266039,50
308113,NaN,NaN,50
308117,NaN,NaN,50
308120,1546.253779,476.5528663,50
308123,1544.640799,473.3093345,50
308127,NaN,NaN,50
308130,NaN,NaN,50
308133,1543.727231,477.6016615,50
308137,1541.545267,478.2770512,50
308140,1549.723843,475.4567324,50
308143,NaN,NaN,50
308147,NaN,NaN,50
308150,1542.540153,475.4466926,50
308153,1544.8212,474.8353414,50
308157,1544.825772,479.1860416,50
308160,1544.37591,474.9041179,50
308163,1546.647091,476.7831307,50
308167,1542.292286,473.3737585,50
308170,NaN,NaN,50
308173,NaN,NaN,50
308177,NaN,NaN,50
308180,NaN,NaN,50
308183,NaN,NaN,50
308187,NaN,NaN,50
308190,1546.453651,475.5076174,50
308193,NaN,NaN,50
308197,NaN,NaN,50
308200,NaN,NaN,50
308203,NaN,NaN,50
308207,1545.491336,473.2441482,50
308210,1546.286282,471.2089976,50
308213,NaN,NaN,50
308217,NaN,NaN,50
308220,NaN,NaN,50
308223,NaN,NaN,50
308227,NaN,NaN,50
308230,NaN,NaN,50
308233,1545.119559,470.3560821,50
308237,1544.303722,468.2349643,50
308240,1545.802549,475.6885518,50
308243,1546.330023,474.9836044,50
308247,1543.186983,475.2438651,50
308250,1547.637229,470.5392961,50
308253,NaN,NaN,50
308257,NaN,NaN,50
308260,1547.319698,476.2019627,50
308263,1543.732306,469.7521427,50
308267,1546.612832,471.6232415,50
308270,NaN,NaN,50
308273,NaN,NaN,50
308277,NaN,NaN,50
308280,NaN,NaN,50
308283,NaN,NaN,50
308287,NaN,NaN,50
308290,NaN,NaN,50
308293,NaN,NaN,50
308297,NaN,NaN,50
308300,NaN,NaN,50
308303,NaN,NaN,50
308307,NaN,NaN,50
308310,NaN,NaN,50
308313,NaN,NaN,50
308317,NaN,NaN,50
308320,NaN,NaN,50
308323,NaN,NaN,50
308327,NaN,NaN,50
308330,1527.813994,523.6078094,50
308333,NaN,NaN,50
308337,NaN,NaN,50
308340,NaN,NaN,50
308343,NaN,NaN,50
308347,NaN,NaN,50
308350,NaN,NaN,50
308353,NaN,NaN,50
308357,NaN,NaN,50
308360,NaN,NaN,50
308363,NaN,NaN,50
308367,NaN,NaN,50
308370,NaN,NaN,50
308373,NaN,NaN,50
308377,NaN,NaN,50
308380,NaN,NaN,50
308383,NaN,NaN,50
308387,NaN,NaN,50
308390,NaN,NaN,50
308393,NaN,NaN,50
308397,NaN,NaN,50
308400,NaN,NaN,50
308403,NaN,NaN,50
308407,NaN,NaN,50
308410,NaN,NaN,50
308413,NaN,NaN,50
308417,NaN,NaN,50
308420,1526.776678,534.2730542,50
308423,NaN,NaN,50
308427,NaN,NaN,50
308430,NaN,NaN,50
308433,NaN,NaN,50
308437,NaN,NaN,50
308440,NaN,NaN,50
308443,NaN,NaN,50
308447,NaN,NaN,50
308450,NaN,NaN,50
308453,NaN,NaN,50
308457,NaN,NaN,50
308460,NaN,NaN,50
308463,NaN,NaN,50
308467,NaN,NaN,50
308470,NaN,NaN,50
308473,NaN,NaN,50
312156,961.0199243,876.7051218,51
312159,NaN,NaN,51
312163,NaN,NaN,51
312166,965.779751,875.020138,51
312169,963.6487793,874.5005005,51
312173,NaN,NaN,51
312176,NaN,NaN,51
312179,964.6126924,874.0256569,51
312183,960.5920984,871.8178037,51
312186,NaN,NaN,51
312189,NaN,NaN,51
312193,957.8870607,875.7569313,51
312196,965.1562338,877.7416078,51
312199,NaN,NaN,51
312203,NaN,NaN,51
312206,962.9128692,872.7076958,51
312209,962.5879529,877.8980248,51
312213,957.6118107,874.3211935,51
312216,NaN,NaN,51
312219,NaN,NaN,51
312223,958.77,876.9291477,51
312226,961.836559,876.294737,51
312229,NaN,NaN,51
312233,NaN,NaN,51
312236,960.1260801,876.4286546,51
312239,957.6246548,878.2396674,51
312243,NaN,NaN,51
312246,NaN,NaN,51
312249,959.1450358,873.0961849,51
312253,NaN,NaN,51
312256,NaN,NaN,51
312259,NaN,NaN,51
312263,NaN,NaN,51
312266,960.43559,877.0748139,51
312269,NaN,NaN,51
312273,NaN,NaN,51
312276,963.2050453,876.9094723,51
312279,960.6346102,872.7610838,51
312283,958.5136023,877.2427433,51
312286,960.1103314,878.7186339,51
312289,959.6371864,875.4908528,51
312293,959.1982665,876.7285511,51
312296,961.4764623,878.4126948,51
312299,958.3877129,872.6810024,51
312303,959.2286986,876.13273,51
312306,963.6583911,875.6009791,51
312309,962.4149986,877.7480973,51
312313,958.7577957,880.1871657,51
312316,962.006542,875.8364182,51
312319,956.5966198,876.5052637,51
312323,960.0414742,876.1129443,51
312326,NaN,NaN,51
312329,NaN,NaN,51
312333,959.0191266,875.3196853,51
312336,958.2684079,874.3962087,51
312339,NaN,NaN,51
312343,NaN,NaN,51
312346,959.8869792,879.4470657,51
312349,961.7261631,878.9278233,51
312353,958.068814,874.4090714,51
312356,NaN,NaN,51
312359,NaN,NaN,51
312363,NaN,NaN,51
312366,NaN,NaN,51
312369,NaN,NaN,51
312373,NaN,NaN,51
312376,NaN,NaN,51
312379,NaN,NaN,51
312383,NaN,NaN,51
312386,NaN,NaN,51
312389,NaN,NaN,51
312393,NaN,NaN,51
312396,NaN,NaN,51
312399,NaN,NaN,51
312403,905.4495354,883.2694107,51
312406,912.4447308,881.1217447,51
312409,916.4433478,887.0263901,51
312413,NaN,NaN,51
312416,NaN,NaN,51
312419,906.1074886,889.7175087,51
312423,908.8075054,888.9189027,51
312426,NaN,NaN,51
312429,NaN,NaN,51
312433,905.3711215,883.1109994,51
312436,904.1200699,887.0158996,51
312439,NaN,NaN,51
312443,NaN,NaN,51
312446,912.5785098,884.1651065,51
312449,909.6717322,886.8812789,51
312453,NaN,NaN,51
312456,NaN,NaN,51
312459,909.7413299,886.4198714,51
312463,911.4658255,889.8930853,51
312466,NaN,NaN,51
312469,NaN,NaN,51
312473,908.8696083,886.8823474,51
312476,907.8465422,885.8327595,51
312479,910.2509105,885.5883652,51
312483,NaN,NaN,51
312486,NaN,NaN,51
312489,NaN,NaN,51
312493,NaN,NaN,51
312496,NaN,NaN,51
312499,NaN,NaN,51
312503,910.2398837,888.1285329,51
312506,911.401685,889.0418216,51
312509,NaN,NaN,51
312513,NaN,NaN,51
312516,860.7191023,823.1844612,51
312519,837.6360962,788.2541677,51
312523,822.5845357,752.0190768,51
312526,809.5306801,712.8282126,51
312529,804.6720059,692.6792502,51
312533,797.4927638,658.654852,51
312536,792.957819,632.5033934,51
312539,783.7487862,613.2334231,51
312543,770.578532,583.2215828,51
312546,769.324227,554.8598187,51
312549,773.7144426,527.2139669,51
312553,778.6301865,502.4509443,51
312556,781.2149967,488.219292,51
312559,780.5019767,489.2625862,51
312563,780.6615654,490.2329605,51
312566,774.934227,497.2491287,51
312569,770.5611021,509.8403672,51
312573,773.2385148,511.602929,51
312576,769.6856582,507.8847413,51
312579,773.7420952,501.091916,51
312583,773.8567426,495.135042,51
312586,775.1959516,488.8067036,51
312589,773.4638453,483.4325374,51
312593,773.3831148,489.0142337,51
312596,775.44098,491.0963601,51
312599,774.0145968,494.0721775,51
312603,775.3876684,492.9157731,51
312606,774.8835893,497.5935642,51
312609,774.4431025,499.2977382,51
312613,774.1887716,494.4725222,51
312616,772.5566304,496.3710709,51
312619,774.5638273,494.1041751,51
312623,774.682405,493.8017382,51
312626,776.2603081,495.8991202,51
312629,775.2459367,491.4609388,51
312633,774.0575555,491.1194712,51
312636,773.1057599,491.5048266,51
312639,775.0193487,494.8428161,51
312643,773.7110508,494.7657776,51
312646,773.8081821,493.3771472,51
312649,774.4312256,494.4803006,51
312653,776.3672301,491.6805336,51
312656,773.077622,491.1244868,51
312659,773.6155308,493.744704,51
312663,772.5870965,492.4384696,51
312666,776.0232695,489.6579373,51
312669,772.1557001,489.3238663,51
312673,773.8003241,492.5399174,51
312676,771.4127455,494.4942257,51
312679,774.2672493,494.0917319,51
312683,773.4760354,498.4314596,51
312686,776.0927906,493.6087222,51
312689,774.5665571,490.6288764,51
312693,774.5344525,497.0024243,51
312696,774.7902151,495.2568972,51
312699,775.8095134,493.0042105,51
312703,774.834652,496.9749496,51
312706,773.2650643,496.1822262,51
312709,773.7302097,496.6632069,51
312713,775.0697167,499.1167971,51
312716,775.1996852,495.3843687,51
312719,770.8178674,498.250941,51
312723,770.1517677,499.2491842,51
312726,774.8912448,496.6007451,51
312729,772.5805211,494.6170716,51
312733,771.0417643,499.3042269,51
312736,772.6226445,495.0915917,51
312739,775.2553182,498.3151327,51
312743,771.6063728,500.8576339,51
312746,777.985799,495.6743451,51
312749,771.6508664,493.6021739,51
312753,774.5526554,495.7531939,51
312756,771.4255772,493.8452271,51
312759,775.4035056,495.2162093,51
312763,772.8217034,498.482635,51
312766,772.998844,494.970315,51
312769,774.620991,495.639044,51
312773,771.0941567,500.0624947,51
312776,774.4635493,490.0756719,51
312779,770.9367772,497.0635786,51
312783,771.6847525,494.5663983,51
312786,774.7729928,493.8966811,51
312789,756.5147407,499.0212577,51
312793,727.5722118,496.9313213,51
312796,683.2349216,496.8133844,51
312799,640.3352327,497.4240119,51
312803,600.4082142,497.1775137,51
312806,571.4702463,493.1971868,51
312809,542.6893991,498.2655121,51
312813,515.708294,491.2982757,51
312816,490.9733558,488.9909928,51
312819,448.5034894,482.5169553,51
312823,421.6901114,482.4209906,51
312826,404.5575884,478.1624301,51
312829,414.0366858,479.1573266,51
312833,433.9819885,485.7019076,51
312836,449.20272,488.741635,51
312839,449.4005129,488.5012012,51
312843,442.0426065,487.3693355,51
312846,430.1210361,481.6962138,51
312849,420.4509287,480.6459559,51
312853,417.5987998,481.0561863,51
312856,414.3869131,480.5293792,51
312859,417.5357413,478.195282,51
312863,419.4353197,483.7461078,51
312866,421.6707718,475.7012473,51
312869,425.8612057,479.9597146,51
312873,423.6652174,482.5522946,51
312876,427.7122605,486.4824077,51
312879,427.5136263,487.1500678,51
312883,427.205344,485.3113151,51
312886,424.819593,489.1455805,51
312889,426.5512878,488.9973978,51
312893,426.8308156,483.7401302,51
312896,432.6251913,468.8137289,51
312899,434.3987135,464.9606566,51
312903,432.0487659,464.1489253,51
312906,431.4027247,467.952609,51
312909,NaN,NaN,51
312913,NaN,NaN,51
312916,425.8184394,468.5029528,51
312919,NaN,NaN,51
312923,NaN,NaN,51
312926,428.4149936,471.4499376,51
312929,426.194001,468.9125343,51
312933,NaN,NaN,51
312936,NaN,NaN,51
312939,428.9600902,469.7324213,51
312943,429.8356148,472.5433339,51
312946,424.3627544,470.4860706,51
312949,430.1703447,471.9715917,51
312953,425.2489165,466.2449425,51
312956,426.1445219,468.1470631,51
312959,429.5588481,471.8735398,51
312963,426.7057004,473.1592526,51
312966,433.9092278,468.4285368,51
312969,428.5812905,468.109606,51
312973,428.0946532,466.6445098,51
312976,NaN,NaN,51
312979,NaN,NaN,51
312983,421.9016135,490.3299475,51
312986,422.0886824,488.370479,51
312989,425.6405259,491.5023489,51
312993,425.9632926,491.1241133,51
312996,428.8427756,497.1692688,51
312999,427.0961964,495.1234857,51
313003,425.8058556,490.4155279,51
313006,425.3228083,487.975678,51
313009,426.4837066,490.2703197,51
313013,425.466892,489.2910785,51
313016,423.6064589,491.166317,51
313019,421.672614,488.7439413,51
313023,421.9638802,486.2185629,51
313026,423.9728529,491.607049,51
313029,423.4495533,490.7702662,51
313033,430.5195375,491.9284874,51
313036,424.3613238,491.5426404,51
313039,422.9214826,493.8551792,51
313043,422.8615356,494.2771375,51
313046,419.0844432,493.5619213,51
313049,422.2398787,491.8403692,51
313053,423.7854862,494.5273565,51
313056,419.5161658,494.5116384,51
313059,421.9639332,491.1119685,51
313063,420.92746,489.8174189,51
313066,425.3866163,493.5685758,51
313069,421.0245125,489.1000947,51
313073,423.3023293,499.9365878,51
313076,423.6198225,492.6784907,51
313079,421.608252,489.961782,51
313083,410.7379498,493.5209468,51
313086,386.2060912,485.5680092,51
313089,361.988156,476.2590975,51
313093,348.8748306,474.1167651,51
313096,350.5672676,469.3159227,51
313099,362.8196778,467.6679816,51
313103,381.0610137,464.254065,51
313106,389.9175617,464.3868183,51
313109,388.1807267,463.8969609,51
313113,380.6854839,471.1553641,51
313116,376.0804419,470.0421634,51
313119,375.3883954,473.2345314,51
313123,371.923801,471.3776122,51
313126,372.1550494,468.0335446,51
313129,370.787708,448.1244514,51
313133,372.2805536,440.878085,51
313136,370.2515989,444.5466046,51
313139,375.0668602,441.3774296,51
313143,NaN,NaN,51
313146,NaN,NaN,51
313149,374.1896249,447.6297177,51
313153,371.969994,450.6354626,51
313156,376.9075659,449.6221215,51
313159,369.6830683,446.8493178,51
313163,373.7222122,445.0089752,51
313166,371.6312847,443.8780829,51
313169,373.9487569,444.2202114,51
313173,NaN,NaN,51
313176,NaN,NaN,51
313179,373.4094964,445.8648408,51
313183,371.884057,443.3642744,51
313186,NaN,NaN,51
313189,NaN,NaN,51
313193,372.5907387,453.5389713,51
313196,370.6249523,449.5814212,51
313199,NaN,NaN,51
313203,NaN,NaN,51
313206,373.6668006,447.7797466,51
313209,370.5018364,447.2832713,51
313213,NaN,NaN,51
313216,NaN,NaN,51
313219,373.5620889,441.6739728,51
313223,373.0744635,444.7671595,51
313226,371.1597587,444.0426378,51
313229,NaN,NaN,51
313233,NaN,NaN,51
313236,368.3062723,452.5725063,51
313239,372.1023793,447.1580248,51
313243,NaN,NaN,51
313246,NaN,NaN,51
313249,NaN,NaN,51
313253,NaN,NaN,51
313256,NaN,NaN,51
313259,NaN,NaN,51
313263,368.3582346,453.4607987,51
313266,367.1063572,451.6294777,51
313269,373.3764551,447.2440465,51
313273,NaN,NaN,51
313276,NaN,NaN,51
313279,365.5934331,443.1546059,51
313283,368.4112413,447.346314,51
313286,365.8618309,452.7716013,51
313289,NaN,NaN,51
313293,NaN,NaN,51
313296,369.4731731,448.3869115,51
313299,NaN,NaN,51
313303,NaN,NaN,51
313306,368.2827392,445.0746466,51
313309,367.2813693,445.8455096,51
313313,NaN,NaN,51
313316,NaN,NaN,51
313319,368.3007855,452.7617345,51
313323,362.8758136,454.4743201,51
313326,367.4786228,453.0037246,51
313329,NaN,NaN,51
313333,NaN,NaN,51
313336,369.0194743,448.0814863,51
313339,366.9457195,445.2922651,51
313343,NaN,NaN,51
313346,NaN,NaN,51
313349,NaN,NaN,51
313353,NaN,NaN,51
313356,NaN,NaN,51
313359,NaN,NaN,51
313363,369.2126949,447.9311954,51
313366,368.0392312,448.8540416,51
313369,NaN,NaN,51
313373,NaN,NaN,51
313376,366.249747,444.8552952,51
313379,NaN,NaN,51
313383,NaN,NaN,51
313386,NaN,NaN,51
313389,NaN,NaN,51
313393,373.1866372,450.8940404,51
313396,365.9820413,451.7062457,51
313399,NaN,NaN,51
313403,NaN,NaN,51
313406,367.0139849,449.6013277,51
313409,370.4400356,450.3687112,51
313413,NaN,NaN,51
313416,NaN,NaN,51
313419,NaN,NaN,51
313423,NaN,NaN,51
313426,NaN,NaN,51
313429,NaN,NaN,51
313433,367.5123993,457.1093924,51
313436,366.4240847,457.3372065,51
313439,NaN,NaN,51
313443,NaN,NaN,51
313446,372.5387947,467.6242483,51
313449,NaN,NaN,51
313452,NaN,NaN,51
313456,NaN,NaN,51
313459,NaN,NaN,51
313463,NaN,NaN,51
313466,NaN,NaN,51
313469,NaN,NaN,51
313473,NaN,NaN,51
313476,NaN,NaN,51
313479,NaN,NaN,51
313483,NaN,NaN,51
313486,NaN,NaN,51
313489,NaN,NaN,51
313493,NaN,NaN,51
313496,NaN,NaN,51
313499,NaN,NaN,51
313503,NaN,NaN,51
313506,NaN,NaN,51
313509,NaN,NaN,51
313512,NaN,NaN,51
313516,NaN,NaN,51
313519,NaN,NaN,51
313523,NaN,NaN,51
313526,NaN,NaN,51
313529,NaN,NaN,51
313532,NaN,NaN,51
313536,NaN,NaN,51
313539,NaN,NaN,51
313542,NaN,NaN,51
313546,NaN,NaN,51
313549,NaN,NaN,51
313552,NaN,NaN,51
313556,NaN,NaN,51
313559,NaN,NaN,51
313562,NaN,NaN,51
313566,NaN,NaN,51
313569,NaN,NaN,51
313572,NaN,NaN,51
313576,NaN,NaN,51
313579,NaN,NaN,51
313582,NaN,NaN,51
313586,NaN,NaN,51
317275,NaN,NaN,52
317279,NaN,NaN,52
317282,1092.179359,957.0963078,52
317285,1090.214135,955.2342215,52
317289,NaN,NaN,52
317292,NaN,NaN,52
317295,1093.839994,953.7027452,52
317299,1089.932229,958.7583708,52
317302,1089.557343,957.1157246,52
317305,1090.259494,954.9704812,52
317309,1087.11792,957.9868809,52
317312,1089.693046,956.3912115,52
317315,1088.44086,956.4836103,52
317319,1089.637964,957.6517719,52
317322,1089.364815,952.3859658,52
317325,1091.582484,956.5808905,52
317329,1093.400922,955.909216,52
317332,1094.456395,956.1336836,52
317335,1094.746571,951.7752619,52
317339,1088.960295,957.456917,52
317342,1090.803574,956.6237592,52
317345,1086.865087,954.9618105,52
317349,1091.779239,955.9317211,52
317352,1087.702607,955.7413202,52
317355,1092.014494,957.6112493,52
317359,1094.904409,955.8174787,52
317362,1088.349988,956.1807788,52
317365,1090.707511,958.8375401,52
317369,1089.87753,955.6754007,52
317372,1089.901808,957.6931894,52
317375,1090.657653,958.4004757,52
317379,1089.492192,958.2041178,52
317382,1089.206448,958.3638048,52
317385,1092.340432,954.1934006,52
317389,1091.486734,955.1032216,52
317392,1093.39037,958.108841,52
317395,1091.980264,954.3198658,52
317399,1095.79136,954.6763216,52
317402,1093.21066,957.3297289,52
317405,1090.368485,957.4925927,52
317409,1087.370163,957.9308872,52
317412,1088.084361,959.7989549,52
317415,1090.051582,954.373469,52
317419,1089.824771,957.8840376,52
317422,1092.522871,957.1922541,52
317425,1094.219049,958.1619652,52
317429,1091.612384,956.1612038,52
317432,1086.96728,957.1584213,52
317435,1070.887979,950.9764849,52
317439,1050.920356,943.2029473,52
317442,1018.578053,940.1779989,52
317445,989.7149936,942.2874383,52
317449,976.4558349,937.5393768,52
317452,973.2582811,937.1156879,52
317455,972.8620723,936.189333,52
317459,977.6115262,934.0420754,52
317462,984.1502871,933.997154,52
317465,983.9879715,935.5039903,52
317469,987.6933982,937.5569328,52
317472,983.9624686,937.1054473,52
317475,985.8947437,933.3135589,52
317479,985.5281729,933.5579623,52
317482,972.8278807,937.3542218,52
317485,977.8398719,929.7736395,52
317489,974.0139837,934.5565404,52
317492,974.9299146,933.9629803,52
317495,979.3749123,931.6434683,52
317499,977.9611213,930.6883406,52
317502,978.6725497,932.2278509,52
317505,977.5039729,933.2168393,52
317509,974.4775586,931.5195707,52
317512,979.4908163,932.7924565,52
317515,978.6826204,931.8746474,52
317519,978.2816341,934.2663177,52
317522,977.8050414,932.74883,52
317525,972.052573,932.8082545,52
317529,970.1409403,932.9602459,52
317532,977.626331,928.0080642,52
317535,971.2334184,934.8405134,52
317539,981.6477755,926.5542429,52
317542,976.273605,930.048766,52
317545,977.3301603,935.2841343,52
317549,972.6793668,931.9964371,52
317552,973.8469319,934.3901351,52
317555,976.7995835,934.1328922,52
317559,975.1641909,931.5714698,52
317562,974.4287021,929.7741925,52
317565,978.8652292,934.1193161,52
317569,975.6616852,932.342152,52
317572,975.3661961,933.0094548,52
317575,980.2419489,928.8024303,52
317579,973.5031134,935.4782241,52
317582,972.9814007,937.4027147,52
317585,972.1145071,933.0983259,52
317589,978.1051215,933.9294935,52
317592,973.6662184,930.8850183,52
317595,970.4606036,933.063183,52
317599,972.5480841,933.7701754,52
317602,970.702816,933.7040766,52
317605,972.9741742,932.4227883,52
317609,970.5281414,933.8867416,52
317612,971.991679,933.0683056,52
317615,971.4801016,934.2959875,52
317619,971.7399191,929.7349452,52
317622,974.9789385,934.739768,52
317625,971.3532202,934.4095229,52
317629,956.0915617,925.0549091,52
317632,931.0466138,894.7862016,52
317635,896.5609927,862.9458669,52
317639,873.3209099,831.2031004,52
317642,853.8438623,808.0354479,52
317645,845.1726266,785.1316323,52
317649,841.9710439,764.2755056,52
317652,839.7332273,747.1762807,52
317655,830.2491654,729.3991461,52
317659,817.3804793,691.3835526,52
317662,809.5536864,655.3743855,52
317665,802.4324968,601.8560256,52
317669,782.5487355,569.6181431,52
317672,765.92117,534.648122,52
317675,759.4260682,514.7066743,52
317679,751.1170433,493.9117356,52
317682,751.2836232,482.4575442,52
317685,750.6700236,474.9534181,52
317689,759.9006894,476.0536779,52
317692,759.703343,487.362688,52
317695,759.1866915,491.4463007,52
317699,759.1579627,495.6487307,52
317702,753.5372796,493.5112991,52
317705,751.6003664,493.3632768,52
317709,751.8024282,479.8330232,52
317712,747.1111232,479.696843,52
317715,752.2027637,475.2604818,52
317719,750.1951948,476.8876665,52
317722,NaN,NaN,52
317725,NaN,NaN,52
317729,NaN,NaN,52
317732,750.3523887,484.9210357,52
317735,752.0819656,485.4372156,52
317739,753.5627397,487.2455952,52
317742,752.3658734,481.4410057,52
317745,746.6131071,487.8260475,52
317749,750.8955883,482.3969958,52
317752,753.178787,487.4801801,52
317755,751.2988654,485.1964479,52
317759,750.9017018,482.5055446,52
317762,750.3133254,486.9356694,52
317765,750.2232673,485.9651876,52
317769,747.7474125,489.0861446,52
317772,752.1625349,486.2587079,52
317775,749.2489045,491.0551243,52
317779,750.5516198,491.7227777,52
317782,755.8141258,485.8973547,52
317785,749.500373,481.000989,52
317789,749.649221,484.0644356,52
317792,751.3635188,490.8874075,52
317795,750.832362,485.5684186,52
317799,753.8781058,484.9755853,52
317802,753.1298342,482.3417515,52
317805,749.9545935,487.0554429,52
317809,751.0235638,483.4132301,52
317812,752.0890155,483.848953,52
317815,748.3487624,489.61306,52
317819,750.7905376,479.7699113,52
317822,750.7975615,486.4065207,52
317825,753.3266464,484.4618037,52
317829,752.7249103,481.1237565,52
317832,754.3618074,484.6642942,52
317835,750.874488,485.1068309,52
317839,748.074344,484.6478545,52
317842,751.9388829,485.1420679,52
317845,748.0626455,481.4814323,52
317849,752.6952155,482.5281956,52
317852,751.8638531,489.928692,52
317855,749.7830492,486.0379041,52
317859,751.4791788,484.8753114,52
317862,747.2823358,488.5980447,52
317865,752.4339642,483.0390236,52
317869,750.3672982,485.825213,52
317872,747.8273586,481.2959692,52
317875,748.6475051,492.8895536,52
317879,748.4838107,489.8183685,52
317882,748.0471704,489.3957739,52
317885,751.3393754,488.5642297,52
317889,751.9670223,489.8354044,52
317892,750.90666,490.2258691,52
317895,749.3498173,481.9599843,52
317899,750.9221794,487.7725858,52
317902,751.1935327,482.2605251,52
317905,752.4629188,487.2567041,52
317909,NaN,NaN,52
317912,NaN,NaN,52
317915,755.2442871,481.6249715,52
317919,752.047014,486.7979092,52
317922,752.409021,481.7004431,52
317925,755.4780264,482.4928384,52
317929,747.2292831,482.3987717,52
317932,750.3771661,485.2631436,52
317935,747.3623518,484.7753045,52
317939,753.424987,485.2675114,52
317942,749.9101323,489.0939591,52
317945,751.8831978,488.1781091,52
317949,749.882531,489.3524743,52
317952,750.7447277,489.8931635,52
317955,751.3721803,487.6546262,52
317959,751.4414443,489.6517744,52
317962,747.8723486,493.8095119,52
317965,752.3284399,487.3683104,52
317969,748.5640863,489.9352197,52
317972,750.1703026,489.5402955,52
317975,752.2417272,488.1183526,52
317979,752.9666462,490.9190119,52
317982,748.9911733,489.7138536,52
317985,750.842136,487.8952517,52
317989,749.0001266,492.0587776,52
317992,753.2103713,483.0493903,52
317995,749.4884496,489.1487754,52
317999,748.1425261,486.6493902,52
318002,752.7165579,491.6227535,52
318005,746.6520237,489.5425442,52
318009,752.3716261,486.2568694,52
318012,747.43886,486.4982471,52
318015,749.0999479,485.2974515,52
318019,747.6773394,487.9548008,52
318022,750.7839007,484.3182581,52
318025,750.624305,483.2580825,52
323224,948.1822575,714.4336686,53
323228,944.8418712,717.0669454,53
323231,942.9597596,709.8264953,53
323234,NaN,NaN,53
323238,NaN,NaN,53
323241,951.0303093,714.1374395,53
323244,952.9414649,718.0273731,53
323248,NaN,NaN,53
323251,NaN,NaN,53
323254,944.8815896,715.4997085,53
323258,947.3539253,711.8780387,53
323261,948.4777506,716.7754146,53
323264,NaN,NaN,53
323268,NaN,NaN,53
323271,945.2137072,716.6560672,53
323275,942.879919,717.5540455,53
323278,NaN,NaN,53
323281,NaN,NaN,53
323284,NaN,NaN,53
323288,NaN,NaN,53
323291,NaN,NaN,53
323294,NaN,NaN,53
323298,NaN,NaN,53
323301,NaN,NaN,53
323304,NaN,NaN,53
323308,NaN,NaN,53
323311,941.7394394,718.411705,53
323314,944.0557097,716.1901177,53
323318,NaN,NaN,53
323321,NaN,NaN,53
323324,NaN,NaN,53
323328,NaN,NaN,53
323331,943.3381879,717.9100223,53
323334,943.312108,716.3032564,53
323338,940.4582719,717.6223071,53
323341,940.1222638,722.9679062,53
323344,942.0352185,717.3163617,53
323348,940.2529326,719.0746631,53
323351,942.3092014,722.398293,53
323354,940.8365972,725.4905249,53
323358,941.1632216,721.1815365,53
323361,NaN,NaN,53
323364,NaN,NaN,53
323368,939.833653,713.5455276,53
323371,NaN,NaN,53
323374,NaN,NaN,53
323378,NaN,NaN,53
323381,NaN,NaN,53
323384,940.8728995,716.4693171,53
323388,937.017647,720.3529921,53
323391,939.2622002,719.5417051,53
323394,934.6528728,719.9652589,53
323398,941.9855592,715.3405383,53
323401,939.590949,717.9660823,53
323404,943.7821135,716.0218026,53
323408,938.5621688,719.3169243,53
323411,937.4308017,719.3475472,53
323414,939.3124803,717.8408344,53
323418,941.4778623,719.1781447,53
323421,939.5851563,717.4049633,53
323424,939.2953098,719.8980546,53
323428,945.1882374,721.3128405,53
323431,942.5258282,719.6658352,53
323434,941.2231297,718.818942,53
323438,941.9678994,715.8794783,53
323441,940.2841026,721.2227921,53
323444,938.3277564,718.9590868,53
323448,941.804062,717.6115438,53
323451,941.7554496,716.6597451,53
323454,942.0708433,717.8401042,53
323458,944.6947783,720.7524449,53
323461,941.821112,721.3730985,53
323464,941.768154,718.5117291,53
323468,941.9194646,715.2493556,53
323471,943.4971539,728.603569,53
323474,NaN,NaN,53
323478,NaN,NaN,53
323481,NaN,NaN,53
323484,NaN,NaN,53
323488,NaN,NaN,53
323491,NaN,NaN,53
323494,923.4666967,854.4312732,53
323498,925.3181208,844.8058811,53
323501,NaN,NaN,53
323504,NaN,NaN,53
323508,NaN,NaN,53
323511,NaN,NaN,53
323514,NaN,NaN,53
323518,NaN,NaN,53
323521,NaN,NaN,53
323524,NaN,NaN,53
323528,NaN,NaN,53
323531,NaN,NaN,53
323534,NaN,NaN,53
323538,NaN,NaN,53
323541,921.6283032,862.2026919,53
323544,NaN,NaN,53
323548,NaN,NaN,53
323551,NaN,NaN,53
323554,NaN,NaN,53
323558,NaN,NaN,53
323561,NaN,NaN,53
323564,NaN,NaN,53
323568,NaN,NaN,53
323571,926.5556386,856.4677797,53
323574,NaN,NaN,53
323578,NaN,NaN,53
323581,NaN,NaN,53
323584,NaN,NaN,53
323588,NaN,NaN,53
323591,NaN,NaN,53
323594,923.4246651,863.0347395,53
323598,921.7913366,862.7865173,53
323601,NaN,NaN,53
323604,NaN,NaN,53
323608,NaN,NaN,53
323611,NaN,NaN,53
323614,NaN,NaN,53
323618,NaN,NaN,53
323621,NaN,NaN,53
323624,NaN,NaN,53
323628,NaN,NaN,53
323631,NaN,NaN,53
323634,NaN,NaN,53
323638,NaN,NaN,53
323641,NaN,NaN,53
323644,NaN,NaN,53
323648,NaN,NaN,53
323651,NaN,NaN,53
323654,925.3268768,863.2569849,53
323658,NaN,NaN,53
323661,NaN,NaN,53
323664,NaN,NaN,53
323668,NaN,NaN,53
323671,NaN,NaN,53
323674,NaN,NaN,53
323678,NaN,NaN,53
323681,NaN,NaN,53
323684,NaN,NaN,53
323688,NaN,NaN,53
323691,NaN,NaN,53
323694,NaN,NaN,53
323698,NaN,NaN,53
323701,NaN,NaN,53
323704,NaN,NaN,53
323708,NaN,NaN,53
323711,NaN,NaN,53
323714,NaN,NaN,53
323718,NaN,NaN,53
323721,NaN,NaN,53
323724,NaN,NaN,53
323728,NaN,NaN,53
323731,NaN,NaN,53
323734,NaN,NaN,53
323738,NaN,NaN,53
323741,NaN,NaN,53
323744,NaN,NaN,53
323748,NaN,NaN,53
323751,NaN,NaN,53
323754,NaN,NaN,53
323758,NaN,NaN,53
323761,NaN,NaN,53
323764,NaN,NaN,53
323768,NaN,NaN,53
323771,NaN,NaN,53
323774,NaN,NaN,53
323778,NaN,NaN,53
323781,NaN,NaN,53
323784,NaN,NaN,53
323788,NaN,NaN,53
323791,NaN,NaN,53
323794,NaN,NaN,53
323798,NaN,NaN,53
323801,NaN,NaN,53
323804,NaN,NaN,53
323808,NaN,NaN,53
323811,NaN,NaN,53
323814,NaN,NaN,53
323818,NaN,NaN,53
323821,NaN,NaN,53
323824,NaN,NaN,53
323828,NaN,NaN,53
323831,NaN,NaN,53
323834,890.6216964,732.1245522,53
323838,889.4461215,719.0735511,53
323841,890.8892548,722.2717842,53
323844,892.9154272,711.6916469,53
323848,889.64178,719.2412217,53
323851,897.9754654,702.4760879,53
323854,895.392895,703.9495255,53
323858,891.5100347,685.0527777,53
323861,NaN,NaN,53
323864,NaN,NaN,53
323868,NaN,NaN,53
323871,NaN,NaN,53
323874,NaN,NaN,53
323878,NaN,NaN,53
323881,NaN,NaN,53
323884,NaN,NaN,53
323888,NaN,NaN,53
323891,NaN,NaN,53
323894,NaN,NaN,53
323898,NaN,NaN,53
323901,NaN,NaN,53
323904,NaN,NaN,53
323908,879.7663352,711.1894507,53
323911,NaN,NaN,53
323914,NaN,NaN,53
323918,NaN,NaN,53
323921,NaN,NaN,53
323924,NaN,NaN,53
323928,NaN,NaN,53
323931,888.3336457,701.225182,53
323934,885.5312143,700.7565275,53
323938,NaN,NaN,53
323941,NaN,NaN,53
323944,NaN,NaN,53
323948,NaN,NaN,53
323951,NaN,NaN,53
323954,NaN,NaN,53
323958,NaN,NaN,53
323961,NaN,NaN,53
323964,NaN,NaN,53
323968,NaN,NaN,53
323971,NaN,NaN,53
323974,884.07181,696.861622,53
323978,887.06956,689.6384602,53
323981,886.2724225,695.8974078,53
323984,NaN,NaN,53
323988,NaN,NaN,53
323991,887.0454768,694.1826578,53
323994,NaN,NaN,53
323998,NaN,NaN,53
324001,NaN,NaN,53
324004,NaN,NaN,53
324008,884.0881728,698.4729309,53
324011,887.0646653,695.0458665,53
324014,887.0222982,697.8543458,53
324018,885.6954412,696.022726,53
324021,886.8482121,694.0621931,53
324024,NaN,NaN,53
324028,NaN,NaN,53
324031,NaN,NaN,53
324034,NaN,NaN,53
324038,NaN,NaN,53
324041,NaN,NaN,53
324044,NaN,NaN,53
324048,NaN,NaN,53
324051,NaN,NaN,53
324054,NaN,NaN,53
324058,NaN,NaN,53
324061,NaN,NaN,53
324064,NaN,NaN,53
324068,NaN,NaN,53
324071,NaN,NaN,53
324074,NaN,NaN,53
324078,NaN,NaN,53
324081,NaN,NaN,53
324084,NaN,NaN,53
324088,NaN,NaN,53
324091,NaN,NaN,53
324094,NaN,NaN,53
324098,NaN,NaN,53
324101,NaN,NaN,53
324104,NaN,NaN,53
324108,NaN,NaN,53
324111,NaN,NaN,53
324114,NaN,NaN,53
324118,NaN,NaN,53
324121,NaN,NaN,53
324124,NaN,NaN,53
324128,NaN,NaN,53
324131,NaN,NaN,53
324134,NaN,NaN,53
324138,NaN,NaN,53
324141,NaN,NaN,53
324144,NaN,NaN,53
324148,NaN,NaN,53
324151,NaN,NaN,53
324154,NaN,NaN,53
324158,NaN,NaN,53
324161,NaN,NaN,53
324164,NaN,NaN,53
324168,NaN,NaN,53
324171,NaN,NaN,53
324174,1166.159326,511.5308432,53
324178,1165.327007,498.94891,53
324181,1167.698541,489.3771301,53
324184,1161.384057,479.0999564,53
324188,1162.441336,465.8080257,53
324191,1158.562326,464.5845224,53
324194,1148.183735,473.9731114,53
324198,1158.54139,477.8163407,53
324201,1164.558695,480.5207928,53
324204,NaN,NaN,53
324208,NaN,NaN,53
324211,NaN,NaN,53
324214,NaN,NaN,53
324218,NaN,NaN,53
324221,1167.990933,482.6053012,53
324224,1169.173242,484.8383082,53
324228,1167.176963,489.5506596,53
324231,1163.696226,490.3764703,53
324234,1161.454004,491.3527342,53
324238,1164.283387,487.0196751,53
324241,1161.351152,481.9295782,53
324244,1162.328728,478.7870646,53
324248,1163.26451,487.2565438,53
324251,NaN,NaN,53
324254,NaN,NaN,53
324258,NaN,NaN,53
324261,NaN,NaN,53
324264,NaN,NaN,53
324268,NaN,NaN,53
324271,NaN,NaN,53
324274,NaN,NaN,53
324278,NaN,NaN,53
324281,NaN,NaN,53
324284,NaN,NaN,53
324288,NaN,NaN,53
324291,NaN,NaN,53
324294,NaN,NaN,53
324298,NaN,NaN,53
324301,NaN,NaN,53
324304,NaN,NaN,53
324308,NaN,NaN,53
324311,NaN,NaN,53
324314,NaN,NaN,53
324318,NaN,NaN,53
324321,NaN,NaN,53
324324,NaN,NaN,53
324328,NaN,NaN,53
324331,NaN,NaN,53
324334,NaN,NaN,53
324338,NaN,NaN,53
324341,NaN,NaN,53
324344,NaN,NaN,53
324348,NaN,NaN,53
324351,NaN,NaN,53
324354,NaN,NaN,53
324358,NaN,NaN,53
324361,NaN,NaN,53
324364,NaN,NaN,53
324368,NaN,NaN,53
324371,NaN,NaN,53
324374,NaN,NaN,53
324378,NaN,NaN,53
324381,NaN,NaN,53
324384,NaN,NaN,53
324388,NaN,NaN,53
324391,NaN,NaN,53
324394,NaN,NaN,53
324398,NaN,NaN,53
324401,NaN,NaN,53
324404,NaN,NaN,53
324408,NaN,NaN,53
324411,NaN,NaN,53
324414,NaN,NaN,53
324418,NaN,NaN,53
324421,NaN,NaN,53
324424,NaN,NaN,53
324428,NaN,NaN,53
324431,NaN,NaN,53
324434,NaN,NaN,53
324438,NaN,NaN,53
324441,NaN,NaN,53
324444,NaN,NaN,53
324448,NaN,NaN,53
324451,NaN,NaN,53
324454,NaN,NaN,53
324458,NaN,NaN,53
324461,NaN,NaN,53
324464,NaN,NaN,53
324468,NaN,NaN,53
324471,NaN,NaN,53
324474,NaN,NaN,53
324478,NaN,NaN,53
324481,NaN,NaN,53
324484,NaN,NaN,53
324488,NaN,NaN,53
324491,NaN,NaN,53
324494,NaN,NaN,53
324498,NaN,NaN,53
324501,NaN,NaN,53
324504,NaN,NaN,53
324508,NaN,NaN,53
324511,NaN,NaN,53
324514,NaN,NaN,53
324518,NaN,NaN,53
324521,NaN,NaN,53
324524,NaN,NaN,53
324528,NaN,NaN,53
324531,NaN,NaN,53
324534,NaN,NaN,53
324538,NaN,NaN,53
324541,NaN,NaN,53
324544,NaN,NaN,53
324548,NaN,NaN,53
324551,NaN,NaN,53
324554,NaN,NaN,53
324558,NaN,NaN,53
324561,NaN,NaN,53
324564,NaN,NaN,53
324568,NaN,NaN,53
324571,NaN,NaN,53
324574,NaN,NaN,53
324578,NaN,NaN,53
324581,NaN,NaN,53
324584,NaN,NaN,53
324588,NaN,NaN,53
324591,NaN,NaN,53
324594,NaN,NaN,53
324598,NaN,NaN,53
324601,NaN,NaN,53
324604,NaN,NaN,53
324608,NaN,NaN,53
324611,NaN,NaN,53
324614,NaN,NaN,53
324618,NaN,NaN,53
324621,NaN,NaN,53
324624,NaN,NaN,53
324628,NaN,NaN,53
324631,NaN,NaN,53
324634,NaN,NaN,53
324638,NaN,NaN,53
324641,NaN,NaN,53
324644,NaN,NaN,53
324648,NaN,NaN,53
324651,NaN,NaN,53
324654,NaN,NaN,53
324658,NaN,NaN,53
324661,NaN,NaN,53
324664,NaN,NaN,53
324668,NaN,NaN,53
324671,NaN,NaN,53
324674,NaN,NaN,53
324678,NaN,NaN,53
324681,NaN,NaN,53
324684,NaN,NaN,53
324688,NaN,NaN,53
324691,NaN,NaN,53
324694,NaN,NaN,53
324698,NaN,NaN,53
324701,NaN,NaN,53
324704,NaN,NaN,53
324708,NaN,NaN,53
324711,NaN,NaN,53
324714,NaN,NaN,53
324718,NaN,NaN,53
324721,NaN,NaN,53
324724,NaN,NaN,53
324728,NaN,NaN,53
324731,NaN,NaN,53
324734,NaN,NaN,53
324738,NaN,NaN,53
324741,NaN,NaN,53
324744,NaN,NaN,53
324748,NaN,NaN,53
324751,NaN,NaN,53
324754,NaN,NaN,53
324758,NaN,NaN,53
324761,NaN,NaN,53
324764,NaN,NaN,53
324768,NaN,NaN,53
324771,NaN,NaN,53
324774,NaN,NaN,53
324778,NaN,NaN,53
324781,NaN,NaN,53
324784,NaN,NaN,53
324788,NaN,NaN,53
324791,NaN,NaN,53
324794,NaN,NaN,53
324798,NaN,NaN,53
324801,NaN,NaN,53
324804,NaN,NaN,53
324808,NaN,NaN,53
324811,NaN,NaN,53
324814,NaN,NaN,53
324818,NaN,NaN,53
324821,NaN,NaN,53
324824,NaN,NaN,53
324828,NaN,NaN,53
324831,NaN,NaN,53
324834,NaN,NaN,53
324838,NaN,NaN,53
324841,NaN,NaN,53
324844,NaN,NaN,53
324848,NaN,NaN,53
324851,NaN,NaN,53
324854,NaN,NaN,53
324858,NaN,NaN,53
324861,NaN,NaN,53
324864,NaN,NaN,53
324868,NaN,NaN,53
324871,NaN,NaN,53
324874,NaN,NaN,53
324878,NaN,NaN,53
324881,NaN,NaN,53
324884,NaN,NaN,53
324888,NaN,NaN,53
324891,NaN,NaN,53
328577,NaN,NaN,54
328580,NaN,NaN,54
328584,794.7524679,714.777733,54
328587,788.5277207,717.4740906,54
328590,NaN,NaN,54
328594,NaN,NaN,54
328597,NaN,NaN,54
328600,NaN,NaN,54
328604,NaN,NaN,54
328607,NaN,NaN,54
328610,NaN,NaN,54
328614,NaN,NaN,54
328617,NaN,NaN,54
328620,NaN,NaN,54
328624,NaN,NaN,54
328627,NaN,NaN,54
328630,NaN,NaN,54
328634,NaN,NaN,54
328637,791.6518688,717.3166418,54
328640,793.2859139,710.9454932,54
328644,787.6619558,713.0291589,54
328647,788.8897198,715.0498028,54
328650,NaN,NaN,54
328654,NaN,NaN,54
328657,NaN,NaN,54
328660,NaN,NaN,54
328664,NaN,NaN,54
328667,NaN,NaN,54
328670,NaN,NaN,54
328674,792.003022,711.8633505,54
328677,789.8060254,715.5354601,54
328680,791.9230539,712.9369182,54
328684,792.1240901,713.4118571,54
328687,792.1073881,714.9777425,54
328690,NaN,NaN,54
328694,NaN,NaN,54
328697,NaN,NaN,54
328700,NaN,NaN,54
328704,NaN,NaN,54
328707,NaN,NaN,54
328710,793.6599476,713.3141083,54
328714,791.791611,717.2228034,54
328717,789.99843,712.4451355,54
328720,792.4592212,714.6413916,54
328724,NaN,NaN,54
328727,NaN,NaN,54
328730,NaN,NaN,54
328734,NaN,NaN,54
328737,NaN,NaN,54
328740,NaN,NaN,54
328744,NaN,NaN,54
328747,792.0253325,712.8872494,54
328750,793.7676157,712.3677725,54
328754,790.2683987,713.3324083,54
328757,794.2937021,714.2556408,54
328760,NaN,NaN,54
328764,NaN,NaN,54
328767,NaN,NaN,54
328770,NaN,NaN,54
328774,NaN,NaN,54
328777,NaN,NaN,54
328780,NaN,NaN,54
328784,789.5183384,715.4147687,54
328787,794.1570428,703.4473885,54
328790,804.1392494,711.4570381,54
328794,823.2718265,701.9710471,54
328797,NaN,NaN,54
328800,NaN,NaN,54
328804,NaN,NaN,54
328807,NaN,NaN,54
328810,NaN,NaN,54
328814,NaN,NaN,54
328817,NaN,NaN,54
328820,993.7189521,636.8270888,54
328824,1004.542462,648.4619569,54
328827,999.8878517,650.6779854,54
328830,983.5538826,652.5547889,54
328834,976.6492818,647.7853418,54
328837,980.7765683,642.469587,54
328840,986.7602619,637.5664057,54
328844,993.4424811,642.3436856,54
328847,996.5170443,638.1461179,54
328850,997.0039218,642.4970425,54
328854,998.7562811,642.2804364,54
328857,995.4987596,646.608501,54
328860,994.7411993,636.6717427,54
328864,995.0616349,644.3920008,54
328867,990.8829995,647.2062048,54
328870,992.2349957,634.0966078,54
328874,997.0915224,640.238848,54
328877,995.9896284,637.0697947,54
328880,992.8149661,639.4613581,54
328884,993.5566075,644.7375354,54
328887,990.3577603,636.2221339,54
328890,995.8984139,627.0502063,54
328894,989.0353438,638.0212198,54
328897,992.6453334,644.8163128,54
328900,993.5896786,633.3180322,54
328904,987.7214956,645.6743011,54
328907,988.1462457,660.4415261,54
328910,992.4666288,650.6289748,54
328914,991.1956109,645.2585271,54
328917,993.3973341,649.9127952,54
328920,988.0235774,652.3519983,54
328924,991.3366308,650.2678517,54
328927,988.9263149,653.9016501,54
328930,994.3350221,657.8801312,54
328934,992.9066575,651.038066,54
328937,989.9440629,650.8900181,54
328940,993.9916871,646.1002846,54
328944,992.5449462,648.700418,54
328947,988.1574904,654.5251285,54
328950,991.3872271,646.3269264,54
328954,988.992234,649.5242719,54
328957,990.0045858,649.7666317,54
328960,991.1499591,650.387177,54
328964,990.6587873,677.5233009,54
328967,979.8133226,720.8893228,54
328970,953.2601067,763.309768,54
328974,954.9395087,805.5455472,54
328977,NaN,NaN,54
328980,NaN,NaN,54
328984,NaN,NaN,54
328987,NaN,NaN,54
328990,954.2057861,822.889019,54
328994,957.3519061,658.2226223,54
328997,949.2212582,816.3435639,54
329000,948.6784191,811.0041909,54
329004,946.5954087,815.6873912,54
329007,947.5166974,831.4509518,54
329010,947.0588669,838.8828502,54
329014,945.0694342,850.8684936,54
329017,935.3988357,841.0453657,54
329020,943.3913849,839.718767,54
329024,948.7868263,843.6277069,54
329027,946.7804179,835.2481336,54
329030,943.4726553,834.3515725,54
329034,936.7667868,836.4820169,54
329037,944.7835447,834.2285738,54
329040,948.319705,844.2086916,54
329044,942.0049105,839.1086898,54
329047,943.5340406,833.2405042,54
329050,945.7442156,837.0855009,54
329054,941.2070664,843.1182311,54
329057,943.0126945,837.6496029,54
329060,944.0014552,791.0656056,54
329064,944.4250644,837.0900466,54
329067,945.2479399,835.6158322,54
329070,939.7238461,839.8835166,54
329074,941.3777159,832.0914985,54
329077,945.5506531,842.7428512,54
329080,946.6721073,840.0843782,54
329084,945.6268464,833.7464621,54
329087,944.607309,838.048429,54
329090,945.5764355,833.7561828,54
329094,946.3647296,835.1760393,54
329097,942.379185,835.9373614,54
329100,939.3079999,842.3321439,54
329104,NaN,NaN,54
329107,NaN,NaN,54
329110,945.2641358,837.08353,54
329114,942.9122198,837.0494937,54
329117,949.3596174,839.7866915,54
329120,948.5424624,839.6661565,54
329124,943.438529,833.5634228,54
329127,944.2936512,838.8472334,54
329130,943.8749626,840.5038682,54
329134,945.4092406,836.6697407,54
329137,943.4250913,835.151873,54
329140,948.2129834,835.1599956,54
329144,942.8808297,836.229909,54
329147,942.7644128,836.1057916,54
329150,918.0621816,829.9849913,54
329154,899.9496212,800.9836654,54
329157,855.6837966,774.2519154,54
329160,824.9125495,726.2711214,54
329164,784.2177279,684.3217715,54
329167,761.6076943,645.7902464,54
329170,766.8334833,613.3748981,54
329174,745.432044,593.0135077,54
329177,735.52426,569.7339571,54
329180,739.2465204,537.8939331,54
329184,744.0299886,530.9741673,54
329187,752.4951386,522.4255994,54
329190,759.7574877,522.7595101,54
329194,759.7963681,525.6442446,54
329197,753.3655652,529.6289502,54
329200,750.2756939,534.073259,54
329204,745.5427703,530.9866813,54
329207,741.1260199,525.278461,54
329210,736.2926019,518.4986082,54
329214,739.2406867,517.3949658,54
329217,742.5427594,503.1366544,54
329220,742.9177957,504.9267104,54
329224,744.0837333,507.0738466,54
329227,744.4261213,505.1042809,54
329230,744.762325,515.8180679,54
329234,753.4325559,519.8133121,54
329237,745.396114,518.2827599,54
329240,746.2599245,514.9848053,54
329244,743.2408274,515.1254083,54
329247,749.3889478,519.4948443,54
329250,746.3225593,519.711554,54
329254,744.4058097,520.1696988,54
329257,742.4986717,518.5305234,54
329260,744.0326801,517.1684221,54
329264,743.5580686,523.0526127,54
329267,743.2512336,521.5517045,54
329270,751.6289152,523.8349772,54
329274,743.4483232,514.1597267,54
329277,740.9889625,521.8025075,54
329280,741.5671085,519.9531279,54
329284,744.2413069,522.1854918,54
329287,744.1696978,519.9776493,54
329290,745.8453944,523.0460262,54
329294,744.3142138,513.269479,54
329297,NaN,NaN,54
329300,NaN,NaN,54
329304,744.2003723,513.8658015,54
329307,742.3184846,513.6279001,54
329310,NaN,NaN,54
329314,NaN,NaN,54
329317,740.4074093,512.2144936,54
329320,740.5889193,513.4813446,54
329324,NaN,NaN,54
329327,NaN,NaN,54
329330,NaN,NaN,54
329334,NaN,NaN,54
329337,NaN,NaN,54
329340,NaN,NaN,54
329344,745.621789,520.2620953,54
329347,742.2021369,509.3553657,54
329350,744.2118431,512.7277342,54
329354,741.313929,514.5204377,54
329357,745.5363554,518.8974502,54
329360,745.3714349,514.6778457,54
329364,745.0729827,515.3057059,54
329367,746.3268569,512.0917743,54
329370,743.5321982,517.2433623,54
329374,748.7405013,523.1970581,54
329377,745.2441659,526.5016091,54
329380,743.0271965,514.7871663,54
329384,740.4860607,523.6743606,54
329387,743.7656462,515.7440104,54
329390,745.1698953,516.2750055,54
329394,NaN,NaN,54
329397,NaN,NaN,54
329400,NaN,NaN,54
329404,NaN,NaN,54
329407,NaN,NaN,54
329410,NaN,NaN,54
329414,746.3399072,513.9183957,54
329417,747.8075792,517.8728361,54
329420,742.883791,515.5852172,54
329424,739.8115366,515.9047688,54
329427,744.6883605,523.3284504,54
329430,744.9142184,518.7930458,54
329434,746.5154814,516.6948464,54
329437,746.2910264,514.1586695,54
329440,746.4310185,521.470805,54
329444,743.8194223,524.5282917,54
329447,743.6870832,522.7543804,54
329450,747.123243,521.8137798,54
329454,746.7643584,519.4133363,54
329457,747.1957875,518.6892935,54
329460,747.6621687,523.0816193,54
329464,743.7646239,518.8228821,54
329467,743.3499805,526.9735529,54
329470,747.0497093,515.0281235,54
329474,745.6520564,517.9113321,54
329477,743.2175615,516.439012,54
329480,748.9198186,516.6160946,54
329484,745.4139946,516.1505843,54
329487,751.150778,516.4194097,54
329490,749.0439449,514.8741543,54
329494,748.7034753,516.9498033,54
329497,744.4845771,518.5736944,54
329500,746.3840956,516.5048314,54
329504,745.3721465,517.7003644,54
329507,750.3823119,520.6078025,54
329510,744.365527,519.5327767,54
329514,747.7538587,522.0661416,54
329517,748.4334624,518.1386883,54
329520,NaN,NaN,54
329524,NaN,NaN,54
329527,NaN,NaN,54
329530,NaN,NaN,54
329534,NaN,NaN,54
329537,NaN,NaN,54
329540,745.9673477,513.5885478,54
329544,746.4860856,518.4558962,54
329547,746.1606116,520.8273195,54
329550,746.9568552,520.6000081,54
329554,NaN,NaN,54
329557,NaN,NaN,54
329560,749.4274711,517.6487854,54
329564,NaN,NaN,54
329567,NaN,NaN,54
329570,746.5803263,521.6452509,54
329574,747.3925149,523.2438569,54
329577,NaN,NaN,54
329580,NaN,NaN,54
329584,746.9035071,521.9630416,54
329587,749.789666,518.3886067,54
333276,1181.402774,509.8848395,55
333280,1171.758063,516.5624714,55
333283,1178.748405,514.7139714,55
333286,1180.121263,512.3684122,55
333290,1180.744697,514.8127053,55
333293,1179.983292,512.6025311,55
333296,1173.822106,517.3404685,55
333300,1176.082534,518.3064387,55
333303,1175.195583,515.3510933,55
333306,1174.149254,515.1365441,55
333310,1173.42695,516.1814275,55
333313,1175.550319,520.0020308,55
333316,1179.638325,519.4619791,55
333320,1174.956241,517.6886628,55
333323,1177.518437,520.3653591,55
333326,1170.735886,521.6472385,55
333330,1178.776327,514.2904608,55
333333,1174.997487,515.1670288,55
333336,1178.648882,511.6853069,55
333340,1180.347696,511.1405548,55
333343,1179.031944,512.7908566,55
333346,1174.994237,509.5542902,55
333350,1172.786162,517.4962265,55
333353,1171.936259,518.4113605,55
333356,1172.90594,526.1549214,55
333360,1171.887548,516.5945158,55
333363,1169.526944,511.8480817,55
333366,1173.243631,515.7155004,55
333370,1177.427156,519.1981542,55
333373,1175.797275,513.9947425,55
333376,1176.751501,526.5554286,55
333380,1174.283319,514.3166046,55
333383,1176.677564,515.1595553,55
333386,1173.977616,519.1656584,55
333390,1171.163728,525.18983,55
333393,1175.003712,517.4538344,55
333396,1174.395419,512.1401949,55
333400,1175.111908,521.8465131,55
333403,1174.165029,517.3341256,55
333406,1170.942532,521.9039038,55
333410,1171.443374,520.3713655,55
333413,1172.127026,514.4515716,55
333416,1174.037766,517.2240488,55
333420,1172.793928,523.2443897,55
333423,1172.21704,522.8685676,55
333426,1174.040319,516.4967532,55
333430,1179.096473,516.0427398,55
333433,1171.346448,523.4480019,55
333436,1170.71706,519.1212821,55
333440,1171.243683,523.1100975,55
333443,1172.537637,525.2817687,55
333446,1174.898402,518.697148,55
333450,1167.251438,521.3065135,55
333453,1171.523758,531.2202145,55
333456,1173.158835,526.7095105,55
333460,1168.91894,526.7786424,55
333463,1168.7872,517.1125609,55
333466,1186.20931,521.9944641,55
333470,1227.896353,508.1624546,55
333473,1287.140876,515.2465556,55
333476,1325.107667,515.2134052,55
333480,NaN,NaN,55
333483,NaN,NaN,55
333486,1428.288742,501.4375893,55
333490,1457.683894,500.3235274,55
333493,1481.299073,487.6150895,55
333496,1510.148734,489.4964924,55
333500,1493.768108,506.7160109,55
333503,1478.094508,515.8839749,55
333506,1466.671156,515.0487228,55
333510,1467.069995,514.2907708,55
333513,1469.942884,513.9305421,55
333516,1480.532238,509.9093794,55
333520,1489.743261,510.1720568,55
333523,1492.331959,508.0132797,55
333526,1497.4301,512.3041484,55
333530,1492.029147,514.4910618,55
333533,1493.839519,507.0860808,55
333536,1488.363028,516.5817879,55
333540,1485.724625,512.7510743,55
333543,1483.620986,513.3175759,55
333546,1480.396638,510.7892764,55
333550,1482.981001,515.5175763,55
333553,1482.378799,519.1895128,55
333556,1479.602414,518.8840759,55
333560,1481.670353,516.5530341,55
333563,1474.15559,507.1145787,55
333566,1478.377278,505.9372206,55
333570,1478.817022,506.6134963,55
333573,1479.118788,506.9536036,55
333576,1479.165842,505.2965292,55
333580,NaN,NaN,55
333583,NaN,NaN,55
333586,1475.982447,504.7752951,55
333590,1476.38374,500.3601405,55
333593,NaN,NaN,55
333596,NaN,NaN,55
333600,1343.483874,598.3634089,55
333603,1262.430235,631.7131137,55
333606,1218.964533,683.079,55
333610,1161.766538,706.3805608,55
333613,1108.314897,712.9226019,55
333616,1063.190046,708.8811644,55
333620,1020.746658,683.9257661,55
333623,993.5464122,654.98619,55
333626,948.1660397,634.2655005,55
333630,871.9130758,456.1883614,55
333633,877.0235423,476.5286593,55
333636,926.0959757,654.9984367,55
333640,961.1709536,677.6730302,55
333643,957.5066243,696.5959189,55
333646,941.8915135,696.2822306,55
333650,911.5150004,702.4932974,55
333653,890.8125845,692.8988642,55
333656,853.7701856,534.743638,55
333660,886.6206925,672.6989854,55
333663,886.7047519,672.5087549,55
333666,894.3064878,670.4070276,55
333670,865.6039831,677.6412093,55
333673,904.5157479,682.3222062,55
333676,899.9815156,677.0369714,55
333680,900.8156447,677.3018035,55
333683,900.279852,682.402781,55
333686,899.1162847,680.2535322,55
333690,899.7718992,683.9070473,55
333693,NaN,NaN,55
333696,NaN,NaN,55
333700,939.39163,683.9124721,55
333703,943.7010527,678.6199943,55
333706,938.8165287,678.5223145,55
333710,936.5409576,680.5302196,55
333713,938.1068704,684.5511202,55
333716,938.1854912,681.4063982,55
333720,NaN,NaN,55
333723,NaN,NaN,55
333726,939.5519859,679.2944329,55
333730,938.2188596,671.0069092,55
333733,940.1133634,685.7391517,55
333736,933.0882947,730.6200528,55
333740,916.2184623,795.029027,55
333743,897.9357215,860.2171939,55
333746,NaN,NaN,55
333750,NaN,NaN,55
333753,NaN,NaN,55
333756,NaN,NaN,55
333760,NaN,NaN,55
333763,NaN,NaN,55
333766,942.8304035,855.2762778,55
333770,929.9434438,860.4228609,55
333773,926.2024506,866.2915538,55
333776,NaN,NaN,55
333780,NaN,NaN,55
333783,924.4622213,924.9865462,55
333786,921.7111461,929.41267,55
333790,924.1860772,928.7244381,55
333793,943.5667972,924.3659157,55
333796,947.3667515,909.4711263,55
333800,943.0548969,911.8758828,55
333803,949.213284,907.331533,55
333806,NaN,NaN,55
333810,NaN,NaN,55
333813,NaN,NaN,55
333816,NaN,NaN,55
333820,951.478301,910.7242644,55
333823,942.5380768,917.9498969,55
333826,949.4669748,918.4511954,55
333830,950.6693269,913.2076304,55
333833,941.0480784,918.0673005,55
333836,945.7294887,914.328528,55
333840,921.1718268,919.3625094,55
333843,939.7568758,917.2115581,55
333846,943.7129196,919.6028731,55
333850,925.7999801,921.1768111,55
333853,939.149095,918.966066,55
333856,941.252381,911.8518367,55
333860,955.0578445,916.4299847,55
333863,954.6810711,914.3562165,55
333866,951.1428234,916.6224589,55
333870,940.6474332,917.3876064,55
333873,946.3572574,916.9609308,55
333876,944.1509072,917.445805,55
333880,945.8679025,907.3105027,55
333883,943.1893736,920.1727651,55
333886,946.7599453,918.3939371,55
333890,936.3675296,916.2505108,55
333893,940.8498952,918.944598,55
333896,948.421181,914.6174223,55
333900,931.2173109,915.1175932,55
333903,942.7002121,921.0289704,55
333906,935.5212507,908.0820446,55
333910,931.0262111,892.5547334,55
333913,950.0392665,891.6999548,55
333916,927.7180454,881.1355909,55
333920,930.4939122,891.3959708,55
333923,937.144782,898.491793,55
333926,923.4013098,903.3840578,55
333930,924.0236013,897.2877847,55
333933,923.4622724,903.1678698,55
333936,928.9301005,900.0436962,55
333940,927.2653659,905.6765691,55
333943,926.7756166,903.8559598,55
333946,924.9705485,899.5816759,55
333950,929.9326789,896.2026824,55
333953,932.638679,889.3957793,55
333956,932.0802795,893.467295,55
333960,929.2040832,901.9128201,55
333963,926.4404576,901.7838529,55
333966,924.8841514,899.6100453,55
333970,928.3141356,900.5658665,55
333973,940.0444917,892.5015615,55
333976,930.4456994,896.9944479,55
333980,944.9899955,903.1288923,55
333983,921.7471614,904.3668765,55
333986,922.842232,903.0917634,55
333990,937.7708333,900.9506684,55
333993,927.476809,899.4962466,55
333996,944.702021,897.4837899,55
334000,926.5091712,895.377712,55
334003,941.5784887,900.1327525,55
334006,946.0007427,897.9759481,55
334010,919.1777231,901.8563652,55
334013,920.9822777,898.1053677,55
334016,946.5667639,897.3814847,55
334020,942.3098683,899.3809949,55
334023,925.9328459,901.1815943,55
334026,923.5288061,903.9035892,55
334030,922.9175816,902.5240671,55
334033,925.3218843,896.4109039,55
334036,923.1894139,900.3523906,55
334040,925.7191018,899.6075946,55
334043,919.6189184,903.0533277,55
334046,929.735248,904.4052409,55
334050,941.8433942,902.0502517,55
334053,924.8165062,899.7453368,55
334056,936.5342913,904.2640063,55
334060,921.3447988,896.0865487,55
334063,923.790895,902.5552242,55
334066,927.641757,898.8873897,55
334070,NaN,NaN,55
334073,NaN,NaN,55
334076,NaN,NaN,55
334080,NaN,NaN,55
334083,NaN,NaN,55
334086,926.4492788,903.1609693,55
334090,938.126448,893.5385528,55
334093,929.6391047,905.9783298,55
334096,928.2831485,899.0085368,55
334100,929.496938,901.0387826,55
334103,926.863164,898.952077,55
334106,926.9390135,899.4707407,55
334110,NaN,NaN,55
334113,NaN,NaN,55
334116,NaN,NaN,55
334120,NaN,NaN,55
334123,NaN,NaN,55
334126,NaN,NaN,55
334130,NaN,NaN,55
334133,925.8447617,906.1966647,55
334136,927.3861291,904.1830977,55
334140,943.7843811,895.7672922,55
334143,952.3977118,905.9219318,55
334146,942.2959478,901.619434,55
334150,923.154726,901.1320876,55
334153,944.6731896,908.7299494,55
334156,920.2415091,902.4669074,55
334160,944.4990601,907.3220508,55
334163,917.4557945,907.6500845,55
334166,925.7320746,907.6095727,55
334170,923.3710602,901.6548305,55
334173,923.0852669,901.7057547,55
334176,926.9988958,900.0496089,55
334180,945.6730912,897.9393328,55
334183,926.3350691,905.533741,55
334186,NaN,NaN,55
334190,NaN,NaN,55
334193,933.7384906,905.9949942,55
334196,925.5019305,903.0040018,55
334200,923.7580558,904.225869,55
334203,922.905798,902.0047955,55
334206,942.4794433,904.2418469,55
334210,948.2807734,907.3516445,55
334213,924.2679856,907.1002137,55
334216,927.9449894,902.9797411,55
334220,922.2759184,898.6903011,55
334223,923.7673163,903.1685772,55
334226,928.468055,908.2824248,55
334230,925.7238983,897.6777288,55
334233,932.6816412,905.6706641,55
334236,930.6445837,902.322815,55
334240,949.2264161,908.7427155,55
334243,928.330453,900.0090124,55
334246,926.7929005,904.382169,55
334250,929.9141011,904.842088,55
334253,923.3334956,902.9926505,55
334256,925.0791157,903.6489317,55
334260,953.199246,906.6238337,55
334263,944.4852928,905.3593312,55
334266,924.2966536,902.145848,55
334270,949.5291221,906.7538794,55
334273,943.8013783,913.8151464,55
334276,925.2852297,905.7694059,55
334280,942.3694203,911.7433464,55
334283,926.1821505,898.3293539,55
334286,921.2499929,899.0091638,55
334290,923.0357362,901.2743301,55
334293,921.6660732,898.7224024,55
334296,924.9575407,907.5908488,55
334300,925.0757169,906.0845573,55
334303,921.8266536,907.8004073,55
334306,926.1516699,905.5225933,55
334310,925.5258243,902.7650829,55
334313,923.9129278,900.4933827,55
334316,945.9565536,901.004449,55
334320,NaN,NaN,55
334323,NaN,NaN,55
334326,NaN,NaN,55
334330,924.0181785,902.7050505,55
334333,928.1890601,898.133019,55
334336,956.5549183,888.3813295,55
334340,1000.912986,864.1272979,55
334343,1055.056051,823.2865831,55
334346,1095.827897,790.470657,55
334350,1127.718224,759.2350368,55
334353,NaN,NaN,55
334356,NaN,NaN,55
334360,NaN,NaN,55
334363,NaN,NaN,55
334366,NaN,NaN,55
334370,NaN,NaN,55
334373,NaN,NaN,55
334376,NaN,NaN,55
334380,NaN,NaN,55
334383,NaN,NaN,55
334386,NaN,NaN,55
334390,1481.13877,519.5004767,55
334393,1490.868468,512.9714144,55
334396,NaN,NaN,55
334400,NaN,NaN,55
334403,1483.275612,521.18875,55
334406,1474.380972,526.3254117,55
334410,1473.382677,521.2769535,55
334413,NaN,NaN,55
334416,NaN,NaN,55
334420,NaN,NaN,55
334423,NaN,NaN,55
334426,NaN,NaN,55
334430,NaN,NaN,55
334433,NaN,NaN,55
334436,NaN,NaN,55
334440,NaN,NaN,55
334443,NaN,NaN,55
334446,1485.805483,512.8667338,55
334450,1487.528076,518.1332202,55
334453,NaN,NaN,55
334456,NaN,NaN,55
334460,NaN,NaN,55
334463,NaN,NaN,55
334466,NaN,NaN,55
334470,NaN,NaN,55
334473,NaN,NaN,55
334476,NaN,NaN,55
334480,NaN,NaN,55
334483,NaN,NaN,55
334486,NaN,NaN,55
334490,NaN,NaN,55
334493,NaN,NaN,55
334496,NaN,NaN,55
334500,NaN,NaN,55
334503,NaN,NaN,55
334506,NaN,NaN,55
334510,NaN,NaN,55
334513,NaN,NaN,55
334516,NaN,NaN,55
334520,NaN,NaN,55
334523,NaN,NaN,55
334526,NaN,NaN,55
334530,NaN,NaN,55
334533,NaN,NaN,55
334536,NaN,NaN,55
334540,NaN,NaN,55
334543,NaN,NaN,55
334546,NaN,NaN,55
334550,NaN,NaN,55
334553,NaN,NaN,55
334556,NaN,NaN,55
334560,NaN,NaN,55
334563,NaN,NaN,55
334566,NaN,NaN,55
334570,NaN,NaN,55
334573,NaN,NaN,55
334576,NaN,NaN,55
334580,NaN,NaN,55
334583,NaN,NaN,55
334586,NaN,NaN,55
334590,NaN,NaN,55
334593,NaN,NaN,55
334596,NaN,NaN,55
334600,NaN,NaN,55
334603,NaN,NaN,55
334606,NaN,NaN,55
334610,NaN,NaN,55
334613,NaN,NaN,55
334616,NaN,NaN,55
334620,1483.207308,513.9312556,55
334623,NaN,NaN,55
334626,NaN,NaN,55
334630,1482.57411,509.2772983,55
334633,1487.703256,509.6213547,55
334636,NaN,NaN,55
334640,NaN,NaN,55
334643,1482.751681,515.9333134,55
334646,1483.143655,510.2410658,55
334650,NaN,NaN,55
334653,NaN,NaN,55
334656,1482.993483,508.053819,55
334660,NaN,NaN,55
334663,NaN,NaN,55
334666,NaN,NaN,55
334670,NaN,NaN,55
334673,NaN,NaN,55
334676,NaN,NaN,55
334680,NaN,NaN,55
334683,NaN,NaN,55
334686,1483.378771,513.0710192,55
334690,1479.888209,513.1619821,55
334693,NaN,NaN,55
334696,NaN,NaN,55
334700,NaN,NaN,55
334703,NaN,NaN,55
334706,NaN,NaN,55
334710,NaN,NaN,55
334713,1480.602107,513.0473568,55
334716,1476.309379,514.8416753,55
334720,NaN,NaN,55
334723,NaN,NaN,55
334726,NaN,NaN,55
334730,NaN,NaN,55
334733,NaN,NaN,55
334736,NaN,NaN,55
334740,NaN,NaN,55
334743,NaN,NaN,55
334746,1478.819004,513.9288939,55
334750,NaN,NaN,55
334753,NaN,NaN,55
334756,1478.053043,514.2104957,55
334760,1482.923331,512.1470216,55
334763,NaN,NaN,55
334766,NaN,NaN,55
334770,NaN,NaN,55
334773,NaN,NaN,55
334776,NaN,NaN,55
334780,NaN,NaN,55
334783,NaN,NaN,55
334786,NaN,NaN,55
334789,NaN,NaN,55
334793,NaN,NaN,55
334796,NaN,NaN,55
334800,NaN,NaN,55
334803,1482.010121,514.688282,55
334806,NaN,NaN,55
334810,NaN,NaN,55
334813,NaN,NaN,55
334816,NaN,NaN,55
334819,NaN,NaN,55
334823,NaN,NaN,55
334826,1482.238111,516.1843395,55
334829,NaN,NaN,55
334833,NaN,NaN,55
334836,NaN,NaN,55
334840,NaN,NaN,55
334843,1478.439976,514.8803422,55
334846,1478.338066,511.0634568,55
334850,NaN,NaN,55
334853,NaN,NaN,55
334856,1478.69964,514.3566592,55
334859,NaN,NaN,55
334863,NaN,NaN,55
334866,NaN,NaN,55
334870,NaN,NaN,55
334873,1476.896122,523.038427,55
334876,1477.922439,521.8271784,55
334879,1478.660282,518.1699763,55
334883,1478.703563,520.4909562,55
334886,1481.206179,520.9156015,55
334889,NaN,NaN,55
334893,NaN,NaN,55
334896,1481.299965,516.7041979,55
334900,1481.30426,518.2077915,55
334903,1479.716754,518.180655,55
334906,NaN,NaN,55
334910,NaN,NaN,55
334913,NaN,NaN,55
334916,NaN,NaN,55
334920,NaN,NaN,55
334923,NaN,NaN,55
334926,1476.092264,518.9928483,55
334930,1474.682272,519.6043489,55
334933,NaN,NaN,55
334936,NaN,NaN,55
334939,1470.335736,523.7593108,55
334943,NaN,NaN,55
334946,NaN,NaN,55
334949,NaN,NaN,55
334953,NaN,NaN,55
334956,1275.297622,670.6006876,55
334959,1231.904916,702.562329,55
334963,NaN,NaN,55
334966,NaN,NaN,55
334970,NaN,NaN,55
334973,NaN,NaN,55
334976,NaN,NaN,55
334979,NaN,NaN,55
334983,NaN,NaN,55
334986,NaN,NaN,55
334989,NaN,NaN,55
334993,NaN,NaN,55
334996,1007.70594,700.836838,55
335000,1007.845088,706.7071206,55
335003,NaN,NaN,55
335006,NaN,NaN,55
335009,NaN,NaN,55
335013,NaN,NaN,55
335016,NaN,NaN,55
335019,NaN,NaN,55
335023,NaN,NaN,55
335026,NaN,NaN,55
335029,NaN,NaN,55
335033,NaN,NaN,55
335036,NaN,NaN,55
335039,NaN,NaN,55
335043,NaN,NaN,55
335046,NaN,NaN,55
335049,NaN,NaN,55
335053,NaN,NaN,55
335056,1038.283171,823.2528423,55
335059,NaN,NaN,55
335063,NaN,NaN,55
335066,NaN,NaN,55
335069,NaN,NaN,55
335073,NaN,NaN,55
335076,NaN,NaN,55
335079,NaN,NaN,55
335083,NaN,NaN,55
335086,NaN,NaN,55
335089,NaN,NaN,55
335093,NaN,NaN,55
335096,NaN,NaN,55
335099,NaN,NaN,55
335103,NaN,NaN,55
335106,NaN,NaN,55
335109,NaN,NaN,55
335113,NaN,NaN,55
335116,NaN,NaN,55
335119,NaN,NaN,55
335123,NaN,NaN,55
335126,NaN,NaN,55
335129,NaN,NaN,55
335133,NaN,NaN,55
335136,NaN,NaN,55
335139,NaN,NaN,55
335143,NaN,NaN,55
335146,NaN,NaN,55
335149,NaN,NaN,55
335153,NaN,NaN,55
335156,NaN,NaN,55
335159,NaN,NaN,55
335163,NaN,NaN,55
335166,NaN,NaN,55
335169,NaN,NaN,55
335173,NaN,NaN,55
335176,NaN,NaN,55
335179,NaN,NaN,55
335183,NaN,NaN,55
335186,NaN,NaN,55
335189,NaN,NaN,55
335193,NaN,NaN,55
335196,NaN,NaN,55
335199,NaN,NaN,55
335203,NaN,NaN,55
335206,NaN,NaN,55
335209,NaN,NaN,55
335213,NaN,NaN,55
335216,NaN,NaN,55
335219,NaN,NaN,55
335223,NaN,NaN,55
335226,NaN,NaN,55
335229,NaN,NaN,55
335233,NaN,NaN,55
335236,NaN,NaN,55
335239,937.8128565,867.0930781,55
335243,922.8653992,869.9533011,55
335246,918.0124302,875.7146153,55
335249,924.998818,868.7972885,55
335253,920.823324,870.9797156,55
335256,923.5417501,870.4179277,55
335259,920.9556588,872.9631589,55
335263,923.8845099,874.5633235,55
335266,928.5422274,873.4688835,55
335269,925.2292187,875.3110251,55
335273,922.9340924,877.7626208,55
335276,918.0680261,871.0502358,55
335279,927.7815436,877.6287856,55
335283,929.4707694,871.3041299,55
335286,919.4983723,874.421856,55
335289,922.6474791,870.6050816,55
335293,921.7763571,874.7761976,55
335296,921.5186977,873.6058677,55
335299,925.0176063,876.4138597,55
335303,922.8861205,875.1952472,55
335306,944.7589868,863.2808438,55
335309,978.0033932,842.0456983,55
335313,1009.025895,820.4373467,55
335316,1074.704396,755.4682485,55
335319,1098.298124,685.7880127,55
335323,1119.242609,533.329127,55
335326,1152.772601,491.7839875,55
335329,1194.126491,597.8541149,55
335333,1192.49436,558.4883578,55
335336,1207.768105,520.8269671,55
335339,1116.789749,508.6243735,55
335343,1289.038403,480.8301759,55
335346,1321.053487,466.3350526,55
335349,1349.387016,437.8568073,55
335353,1367.773872,432.9675413,55
335356,1391.352048,419.4146181,55
335359,NaN,NaN,55
335363,NaN,NaN,55
335366,NaN,NaN,55
335369,NaN,NaN,55
335373,NaN,NaN,55
335376,NaN,NaN,55
335379,1396.736677,415.0757099,55
335383,NaN,NaN,55
335386,NaN,NaN,55
335389,1419.353296,393.6891378,55
335393,NaN,NaN,55
335396,NaN,NaN,55
335399,NaN,NaN,55
335403,NaN,NaN,55
335406,NaN,NaN,55
335409,NaN,NaN,55
335413,NaN,NaN,55
335416,NaN,NaN,55
335419,NaN,NaN,55
335423,NaN,NaN,55
335426,NaN,NaN,55
335429,NaN,NaN,55
335433,NaN,NaN,55
335436,NaN,NaN,55
335439,NaN,NaN,55
335443,NaN,NaN,55
335446,1407.708411,412.5444674,55
335449,1410.159787,413.2377268,55
335453,1410.983886,413.0568708,55
335456,NaN,NaN,55
335459,NaN,NaN,55
335463,1407.930645,411.9909216,55
335466,1407.11741,409.7878815,55
335469,NaN,NaN,55
335473,NaN,NaN,55
335476,NaN,NaN,55
335479,NaN,NaN,55
335483,NaN,NaN,55
335486,NaN,NaN,55
335489,NaN,NaN,55
335493,NaN,NaN,55
335496,NaN,NaN,55
335499,NaN,NaN,55
335503,NaN,NaN,55
335506,NaN,NaN,55
335509,NaN,NaN,55
335513,NaN,NaN,55
335516,1400.822391,413.2561803,55
335519,NaN,NaN,55
335523,NaN,NaN,55
335526,NaN,NaN,55
335529,NaN,NaN,55
335533,NaN,NaN,55
335536,NaN,NaN,55
335539,NaN,NaN,55
335543,NaN,NaN,55
335546,NaN,NaN,55
335549,NaN,NaN,55
335553,NaN,NaN,55
335556,NaN,NaN,55
335559,NaN,NaN,55
335563,NaN,NaN,55
335566,NaN,NaN,55
335569,NaN,NaN,55
335573,1216.81117,444.8299461,55
335576,1158.077015,454.1455318,55
335579,1098.908818,445.4874382,55
335583,1056.262147,433.1897687,55
335586,983.6420348,441.5527772,55
335589,932.9665268,445.670596,55
335593,888.7567305,451.9639772,55
335596,NaN,NaN,55
335599,NaN,NaN,55
335603,NaN,NaN,55
335606,NaN,NaN,55
335609,NaN,NaN,55
335613,NaN,NaN,55
335616,NaN,NaN,55
335619,NaN,NaN,55
335623,NaN,NaN,55
335626,NaN,NaN,55
335629,NaN,NaN,55
335633,NaN,NaN,55
335636,NaN,NaN,55
335639,NaN,NaN,55
335643,NaN,NaN,55
335646,NaN,NaN,55
335649,NaN,NaN,55
335653,NaN,NaN,55
335656,NaN,NaN,55
335659,NaN,NaN,55
335663,NaN,NaN,55
335666,NaN,NaN,55
335669,NaN,NaN,55
335673,NaN,NaN,55
335676,NaN,NaN,55
335679,NaN,NaN,55
335683,NaN,NaN,55
335686,NaN,NaN,55
335689,NaN,NaN,55
335693,NaN,NaN,55
335696,NaN,NaN,55
335699,NaN,NaN,55
335703,NaN,NaN,55
335706,NaN,NaN,55
335709,NaN,NaN,55
335713,NaN,NaN,55
335716,NaN,NaN,55
335719,NaN,NaN,55
335723,NaN,NaN,55
335726,NaN,NaN,55
335729,NaN,NaN,55
335733,NaN,NaN,55
335736,NaN,NaN,55
335739,NaN,NaN,55
335743,NaN,NaN,55
335746,NaN,NaN,55
335749,NaN,NaN,55
335753,NaN,NaN,55
335756,NaN,NaN,55
335759,NaN,NaN,55
335763,NaN,NaN,55
335766,NaN,NaN,55
335769,NaN,NaN,55
335773,NaN,NaN,55
335776,NaN,NaN,55
335779,NaN,NaN,55
335783,NaN,NaN,55
335786,NaN,NaN,55
335789,NaN,NaN,55
335793,NaN,NaN,55
335796,NaN,NaN,55
335799,NaN,NaN,55
335803,NaN,NaN,55
335806,NaN,NaN,55
335809,NaN,NaN,55
335813,NaN,NaN,55
335816,NaN,NaN,55
335819,NaN,NaN,55
335823,NaN,NaN,55
335826,NaN,NaN,55
335829,NaN,NaN,55
335833,NaN,NaN,55
335836,NaN,NaN,55
335839,NaN,NaN,55
335843,NaN,NaN,55
335846,NaN,NaN,55
335849,NaN,NaN,55
335853,NaN,NaN,55
335856,NaN,NaN,55
335859,NaN,NaN,55
335863,NaN,NaN,55
335866,NaN,NaN,55
335869,NaN,NaN,55
335873,NaN,NaN,55
335876,NaN,NaN,55
335879,NaN,NaN,55
335883,NaN,NaN,55
335886,NaN,NaN,55
335889,NaN,NaN,55
335893,NaN,NaN,55
335896,NaN,NaN,55
335899,NaN,NaN,55
335903,NaN,NaN,55
335906,NaN,NaN,55
335909,NaN,NaN,55
335913,NaN,NaN,55
335916,NaN,NaN,55
335919,NaN,NaN,55
335923,NaN,NaN,55
335926,NaN,NaN,55
335929,NaN,NaN,55
335933,NaN,NaN,55
335936,NaN,NaN,55
335939,NaN,NaN,55
335943,NaN,NaN,55
335946,NaN,NaN,55
335949,NaN,NaN,55
335953,NaN,NaN,55
335956,NaN,NaN,55
335959,NaN,NaN,55
335963,NaN,NaN,55
335966,NaN,NaN,55
335969,NaN,NaN,55
335973,NaN,NaN,55
335976,NaN,NaN,55
335979,NaN,NaN,55
335983,NaN,NaN,55
335986,NaN,NaN,55
335989,NaN,NaN,55
335993,NaN,NaN,55
335996,NaN,NaN,55
335999,NaN,NaN,55
336003,NaN,NaN,55
336006,NaN,NaN,55
336009,NaN,NaN,55
336013,NaN,NaN,55
336016,NaN,NaN,55
336019,NaN,NaN,55
336023,NaN,NaN,55
336026,NaN,NaN,55
336029,NaN,NaN,55
336033,NaN,NaN,55
336036,NaN,NaN,55
336039,NaN,NaN,55
336043,NaN,NaN,55
336046,NaN,NaN,55
336049,NaN,NaN,55
336053,NaN,NaN,55
336056,NaN,NaN,55
336059,NaN,NaN,55
336063,NaN,NaN,55
336066,NaN,NaN,55
336069,NaN,NaN,55
336073,NaN,NaN,55
336076,NaN,NaN,55
336079,NaN,NaN,55
336083,NaN,NaN,55
336086,NaN,NaN,55
336089,NaN,NaN,55
336093,NaN,NaN,55
336096,NaN,NaN,55
336099,NaN,NaN,55
336103,NaN,NaN,55
336106,NaN,NaN,55
336109,NaN,NaN,55
336113,NaN,NaN,55
336116,NaN,NaN,55
336119,NaN,NaN,55
336123,NaN,NaN,55
336126,NaN,NaN,55
336129,NaN,NaN,55
336133,NaN,NaN,55
336136,NaN,NaN,55
336139,NaN,NaN,55
336143,NaN,NaN,55
336146,NaN,NaN,55
336149,NaN,NaN,55
336153,NaN,NaN,55
336156,NaN,NaN,55
336159,NaN,NaN,55
336163,NaN,NaN,55
336166,NaN,NaN,55
336169,NaN,NaN,55
336173,NaN,NaN,55
336176,NaN,NaN,55
336179,NaN,NaN,55
336183,NaN,NaN,55
336186,NaN,NaN,55
336189,NaN,NaN,55
336193,NaN,NaN,55
336196,NaN,NaN,55
336199,NaN,NaN,55
336203,NaN,NaN,55
336206,NaN,NaN,55
336209,NaN,NaN,55
336213,NaN,NaN,55
336216,NaN,NaN,55
336219,NaN,NaN,55
336223,NaN,NaN,55
336226,NaN,NaN,55
336229,NaN,NaN,55
336233,NaN,NaN,55
336236,NaN,NaN,55
336239,NaN,NaN,55
336243,NaN,NaN,55
336246,NaN,NaN,55
336249,NaN,NaN,55
336253,NaN,NaN,55
336256,NaN,NaN,55
336259,NaN,NaN,55
336263,NaN,NaN,55
336266,NaN,NaN,55
336269,NaN,NaN,55
336273,NaN,NaN,55
336276,NaN,NaN,55
336279,NaN,NaN,55
336283,NaN,NaN,55
336286,NaN,NaN,55
336289,NaN,NaN,55
336293,NaN,NaN,55
336296,NaN,NaN,55
336299,NaN,NaN,55
336303,NaN,NaN,55
336306,NaN,NaN,55
336309,NaN,NaN,55
336313,NaN,NaN,55
336316,NaN,NaN,55
336319,NaN,NaN,55
336323,NaN,NaN,55
336326,NaN,NaN,55
336329,NaN,NaN,55
336333,NaN,NaN,55
336336,NaN,NaN,55
336339,NaN,NaN,55
336343,NaN,NaN,55
336346,NaN,NaN,55
336349,NaN,NaN,55
336353,NaN,NaN,55
336356,NaN,NaN,55
336359,NaN,NaN,55
336363,NaN,NaN,55
336366,NaN,NaN,55
336369,NaN,NaN,55
340045,NaN,NaN,56
340049,NaN,NaN,56
340052,NaN,NaN,56
340055,NaN,NaN,56
340059,NaN,NaN,56
340062,NaN,NaN,56
340065,NaN,NaN,56
340069,NaN,NaN,56
340072,NaN,NaN,56
340075,NaN,NaN,56
340079,NaN,NaN,56
340082,NaN,NaN,56
340085,NaN,NaN,56
340089,NaN,NaN,56
340092,NaN,NaN,56
340095,NaN,NaN,56
340099,NaN,NaN,56
340102,NaN,NaN,56
340105,NaN,NaN,56
340109,NaN,NaN,56
340112,NaN,NaN,56
340115,NaN,NaN,56
340119,NaN,NaN,56
340122,NaN,NaN,56
340125,NaN,NaN,56
340129,NaN,NaN,56
340132,NaN,NaN,56
340135,1159.836726,462.6960223,56
340139,1163.669299,454.6242433,56
340142,1167.34176,440.4260613,56
340145,1163.903755,441.5109056,56
340149,1163.757879,440.6700645,56
340152,1159.626234,440.9170396,56
340155,1153.553476,429.987646,56
340159,1146.334773,437.611705,56
340162,NaN,NaN,56
340165,NaN,NaN,56
340169,NaN,NaN,56
340172,1167.837726,406.2541249,56
340175,1162.369654,415.5444393,56
340179,NaN,NaN,56
340182,1146.917788,434.042224,56
340185,1148.836877,426.4303648,56
340189,1144.948029,430.3651113,56
340192,NaN,NaN,56
340195,NaN,NaN,56
340199,NaN,NaN,56
340202,NaN,NaN,56
340205,NaN,NaN,56
340209,NaN,NaN,56
340212,NaN,NaN,56
340215,NaN,NaN,56
340219,NaN,NaN,56
340222,NaN,NaN,56
340225,NaN,NaN,56
340229,NaN,NaN,56
340232,NaN,NaN,56
340235,NaN,NaN,56
340239,NaN,NaN,56
340242,NaN,NaN,56
340245,NaN,NaN,56
340249,NaN,NaN,56
340252,1145.149857,425.4292639,56
340255,1144.396112,421.8129055,56
340259,NaN,NaN,56
340262,NaN,NaN,56
340265,1145.777934,418.2654167,56
340269,1145.317123,434.1153491,56
340272,1147.380031,430.5878611,56
340275,1145.971414,427.4096014,56
340279,1147.848283,428.9998302,56
340282,1145.661769,429.0272833,56
340285,NaN,NaN,56
340289,NaN,NaN,56
340292,NaN,NaN,56
340295,NaN,NaN,56
340299,NaN,NaN,56
340302,NaN,NaN,56
340305,NaN,NaN,56
340309,NaN,NaN,56
340312,NaN,NaN,56
340315,NaN,NaN,56
340319,NaN,NaN,56
340322,NaN,NaN,56
340325,1234.124888,447.5722745,56
340329,1285.181258,456.3615459,56
340332,1336.831309,461.4167789,56
340335,1378.297369,469.4453276,56
340339,1415.516363,469.1854555,56
340342,1449.680665,482.3904901,56
340345,1481.605219,486.6541471,56
340349,1507.861757,495.5868112,56
340352,1515.569667,488.9026305,56
340355,NaN,NaN,56
340359,NaN,NaN,56
340362,NaN,NaN,56
340365,NaN,NaN,56
340369,1478.702785,484.4542951,56
340372,NaN,NaN,56
340375,NaN,NaN,56
340379,1510.265874,490.1133772,56
340382,1513.196552,496.5393125,56
340385,NaN,NaN,56
340389,NaN,NaN,56
340392,NaN,NaN,56
340395,NaN,NaN,56
340399,NaN,NaN,56
340402,NaN,NaN,56
340405,NaN,NaN,56
340409,NaN,NaN,56
340412,NaN,NaN,56
340415,NaN,NaN,56
340419,NaN,NaN,56
340422,NaN,NaN,56
340425,1499.348584,489.8872376,56
340429,NaN,NaN,56
340432,NaN,NaN,56
340435,NaN,NaN,56
340439,NaN,NaN,56
340442,NaN,NaN,56
340445,NaN,NaN,56
340449,1493.151841,483.2138091,56
340452,NaN,NaN,56
340455,NaN,NaN,56
340459,NaN,NaN,56
340462,NaN,NaN,56
340465,NaN,NaN,56
340469,NaN,NaN,56
340472,NaN,NaN,56
340475,NaN,NaN,56
340479,NaN,NaN,56
340482,NaN,NaN,56
340485,NaN,NaN,56
340489,NaN,NaN,56
340492,NaN,NaN,56
340495,NaN,NaN,56
340499,NaN,NaN,56
340502,NaN,NaN,56
340505,NaN,NaN,56
340509,NaN,NaN,56
340512,NaN,NaN,56
340515,NaN,NaN,56
340519,NaN,NaN,56
340522,NaN,NaN,56
340525,NaN,NaN,56
340529,NaN,NaN,56
340532,NaN,NaN,56
340535,NaN,NaN,56
340539,1130.254817,789.4882939,56
340542,NaN,NaN,56
340545,NaN,NaN,56
340549,NaN,NaN,56
340552,NaN,NaN,56
340555,NaN,NaN,56
340559,NaN,NaN,56
340562,926.6765714,894.9056876,56
340565,917.9212599,896.9759538,56
340569,NaN,NaN,56
340572,NaN,NaN,56
340575,NaN,NaN,56
340579,NaN,NaN,56
340582,NaN,NaN,56
340585,NaN,NaN,56
340589,NaN,NaN,56
340592,NaN,NaN,56
340595,NaN,NaN,56
340599,NaN,NaN,56
340602,NaN,NaN,56
340605,NaN,NaN,56
340609,NaN,NaN,56
340612,NaN,NaN,56
340615,NaN,NaN,56
340619,NaN,NaN,56
340622,NaN,NaN,56
340625,NaN,NaN,56
340629,NaN,NaN,56
340632,NaN,NaN,56
340635,NaN,NaN,56
340639,NaN,NaN,56
340642,NaN,NaN,56
340645,NaN,NaN,56
340649,NaN,NaN,56
340652,NaN,NaN,56
340655,952.1469742,914.7200783,56
340659,953.4405674,914.6914734,56
340662,949.5456133,918.5574647,56
340665,961.2603912,914.4274766,56
340669,954.156975,913.4562865,56
340672,949.8829173,924.7975026,56
340675,951.9174673,911.1189325,56
340679,953.7943353,918.5141311,56
340682,951.8332611,910.5841184,56
340685,951.6471722,915.3464664,56
340689,956.0781455,919.0031049,56
340692,959.9426854,917.4794049,56
340695,959.5312103,920.6505036,56
340699,950.3087976,924.2353504,56
340702,951.6319332,919.9236135,56
340705,956.4160489,911.3020822,56
340709,959.7785416,911.6851417,56
340712,956.8948766,911.3678675,56
340715,955.0160002,918.3613442,56
340719,954.7203564,920.2170676,56
340722,958.9437023,915.6119314,56
340725,956.3774853,917.3934949,56
340729,956.9033851,915.9139674,56
340732,949.5579286,910.8773965,56
340735,952.8227588,916.9924129,56
340739,961.1801919,916.7440902,56
340742,959.6736843,921.7800071,56
340745,957.6589105,917.0640857,56
340749,946.0048592,916.5650668,56
340752,955.5853272,924.1777369,56
340755,962.9492004,918.9515915,56
340759,948.8442796,921.1231773,56
340762,925.5785085,912.7614465,56
340765,905.4047525,885.772569,56
340769,886.6530929,877.0044534,56
340772,878.1365701,869.5089977,56
340775,895.9526713,873.8069569,56
340779,911.6076569,877.6354458,56
340782,922.2671776,887.6720929,56
340785,919.4789686,884.8444282,56
340789,918.338424,890.3561663,56
340792,916.2787505,889.5075975,56
340795,914.6511021,881.5546465,56
340799,910.7590514,889.8284305,56
340802,904.7722227,887.4429691,56
340805,906.0152261,888.1466731,56
340809,903.5015264,880.5467629,56
340812,902.4805504,879.0964197,56
340815,896.6880336,879.9727724,56
340819,903.6424254,882.2013743,56
340822,894.503914,897.3043606,56
340825,908.2034772,882.2401931,56
340829,911.2316945,884.7108278,56
340832,906.4331245,880.6655759,56
340835,903.5329394,889.391223,56
340839,895.0499498,884.6114527,56
340842,894.7194019,885.5885235,56
340845,898.4853276,891.5055177,56
340849,902.5173504,890.7979292,56
340852,898.3048985,880.2407689,56
340855,904.4927415,882.3451493,56
340859,910.0461408,877.7483926,56
340862,902.3185462,888.5215697,56
340865,906.5148951,885.0075584,56
340869,899.4124379,884.1555553,56
340872,905.0169577,882.4858315,56
340875,902.4837,886.3161739,56
340879,895.4309754,885.5803018,56
340882,913.7845525,883.1700107,56
340885,941.6194652,862.7018537,56
340889,972.9127403,848.2143412,56
340892,1015.31202,821.0913618,56
340895,1055.925319,793.5067844,56
340899,1088.247914,772.1400641,56
340902,1109.903456,621.743435,56
340905,1153.501667,597.5358357,56
340909,1195.789408,578.5971267,56
340912,1247.013885,535.5522909,56
340915,1292.913643,472.2293092,56
340919,NaN,NaN,56
340922,NaN,NaN,56
340925,NaN,NaN,56
340929,NaN,NaN,56
340932,NaN,NaN,56
340935,NaN,NaN,56
340939,NaN,NaN,56
340942,NaN,NaN,56
340945,NaN,NaN,56
340949,NaN,NaN,56
340952,NaN,NaN,56
340955,NaN,NaN,56
340959,NaN,NaN,56
340962,NaN,NaN,56
340965,NaN,NaN,56
340969,NaN,NaN,56
340972,NaN,NaN,56
340975,NaN,NaN,56
340979,NaN,NaN,56
340982,NaN,NaN,56
340985,NaN,NaN,56
340989,NaN,NaN,56
340992,NaN,NaN,56
340995,NaN,NaN,56
340999,NaN,NaN,56
341002,NaN,NaN,56
341005,NaN,NaN,56
341009,NaN,NaN,56
341012,NaN,NaN,56
341015,NaN,NaN,56
341019,NaN,NaN,56
341022,NaN,NaN,56
341025,NaN,NaN,56
341029,NaN,NaN,56
341032,NaN,NaN,56
341035,NaN,NaN,56
341039,NaN,NaN,56
341042,NaN,NaN,56
341045,NaN,NaN,56
341049,NaN,NaN,56
341052,NaN,NaN,56
341055,NaN,NaN,56
341059,NaN,NaN,56
341062,NaN,NaN,56
341065,NaN,NaN,56
341069,NaN,NaN,56
341072,NaN,NaN,56
341075,NaN,NaN,56
341079,NaN,NaN,56
341082,NaN,NaN,56
341085,NaN,NaN,56
341089,NaN,NaN,56
341092,NaN,NaN,56
341095,NaN,NaN,56
341099,NaN,NaN,56
341102,NaN,NaN,56
341105,NaN,NaN,56
341109,NaN,NaN,56
341112,NaN,NaN,56
341115,NaN,NaN,56
341119,NaN,NaN,56
341122,NaN,NaN,56
341125,NaN,NaN,56
341129,NaN,NaN,56
341132,NaN,NaN,56
341135,NaN,NaN,56
341139,NaN,NaN,56
341142,NaN,NaN,56
341145,NaN,NaN,56
341149,NaN,NaN,56
341152,NaN,NaN,56
341155,NaN,NaN,56
341159,NaN,NaN,56
341162,NaN,NaN,56
341165,NaN,NaN,56
341169,NaN,NaN,56
341172,NaN,NaN,56
341175,NaN,NaN,56
341179,NaN,NaN,56
341182,NaN,NaN,56
341185,NaN,NaN,56
341189,NaN,NaN,56
341192,NaN,NaN,56
341195,NaN,NaN,56
341199,NaN,NaN,56
341202,NaN,NaN,56
341205,NaN,NaN,56
341209,NaN,NaN,56
341212,NaN,NaN,56
341215,NaN,NaN,56
341219,NaN,NaN,56
341222,NaN,NaN,56
341225,NaN,NaN,56
341229,NaN,NaN,56
341232,NaN,NaN,56
341235,NaN,NaN,56
341239,NaN,NaN,56
341242,788.2549791,868.3939007,56
341245,NaN,NaN,56
341249,NaN,NaN,56
341252,NaN,NaN,56
341255,NaN,NaN,56
341259,NaN,NaN,56
341262,NaN,NaN,56
341265,NaN,NaN,56
341269,NaN,NaN,56
341272,892.6265178,866.1590461,56
341275,NaN,NaN,56
341279,NaN,NaN,56
341282,889.406402,858.8799817,56
341285,NaN,NaN,56
341289,NaN,NaN,56
341292,NaN,NaN,56
341295,NaN,NaN,56
341299,NaN,NaN,56
341302,896.6036872,867.663018,56
341305,891.0084233,863.0197809,56
341309,NaN,NaN,56
341312,NaN,NaN,56
341315,NaN,NaN,56
341319,894.6739447,865.669807,56
341322,899.4502419,870.6192827,56
341325,896.8915261,872.2800655,56
341329,889.1171392,863.4541713,56
341332,897.7333469,881.641434,56
341335,898.1425924,862.1936039,56
341339,899.8145929,863.2537326,56
341342,894.1204829,864.0637625,56
341345,NaN,NaN,56
341349,893.205644,857.634352,56
341352,889.024124,869.3561546,56
341355,892.6517021,865.5658553,56
341359,897.0754138,862.5450832,56
341362,899.4372915,869.7477896,56
341365,893.8729939,864.7481619,56
341369,899.2656068,854.824323,56
341372,NaN,NaN,56
341375,NaN,NaN,56
341379,NaN,NaN,56
341382,904.9084431,864.2287354,56
341385,899.3674399,863.4800548,56
341389,892.3091621,867.5117888,56
341392,963.4756837,852.0309224,56
341395,1024.671733,792.9987657,56
341399,1079.450711,794.8946366,56
341402,1070.457462,791.7671863,56
341405,1103.643175,797.1001611,56
341409,1004.977826,867.634579,56
341412,997.9915464,867.4250742,56
341415,974.6959607,870.41428,56
341419,987.6902627,872.0043559,56
341422,982.3535165,877.4030598,56
341425,1017.262176,871.4261356,56
341429,NaN,NaN,56
341432,NaN,NaN,56
341435,NaN,NaN,56
341439,NaN,NaN,56
341442,NaN,NaN,56
341445,NaN,NaN,56
341449,NaN,NaN,56
341452,NaN,NaN,56
341455,NaN,NaN,56
341459,NaN,NaN,56
341462,NaN,NaN,56
341465,NaN,NaN,56
341469,NaN,NaN,56
341472,NaN,NaN,56
341475,NaN,NaN,56
341479,NaN,NaN,56
341482,NaN,NaN,56
341485,NaN,NaN,56
341489,NaN,NaN,56
341492,NaN,NaN,56
341495,NaN,NaN,56
341499,NaN,NaN,56
341502,NaN,NaN,56
341505,NaN,NaN,56
341509,NaN,NaN,56
341512,NaN,NaN,56
341515,NaN,NaN,56
341519,NaN,NaN,56
341522,NaN,NaN,56
341525,NaN,NaN,56
341529,NaN,NaN,56
341532,NaN,NaN,56
341535,NaN,NaN,56
341539,NaN,NaN,56
341542,NaN,NaN,56
341545,NaN,NaN,56
341549,NaN,NaN,56
341552,NaN,NaN,56
341555,NaN,NaN,56
341559,NaN,NaN,56
341562,NaN,NaN,56
341565,NaN,NaN,56
341569,NaN,NaN,56
341572,NaN,NaN,56
341575,NaN,NaN,56
341579,NaN,NaN,56
341582,NaN,NaN,56
341585,NaN,NaN,56
341589,NaN,NaN,56
341592,NaN,NaN,56
341595,NaN,NaN,56
341599,NaN,NaN,56
341602,NaN,NaN,56
341605,NaN,NaN,56
341609,NaN,NaN,56
341612,NaN,NaN,56
341615,NaN,NaN,56
341619,NaN,NaN,56
341622,NaN,NaN,56
341625,NaN,NaN,56
341629,NaN,NaN,56
341632,NaN,NaN,56
341635,NaN,NaN,56
341639,NaN,NaN,56
341642,NaN,NaN,56
341645,NaN,NaN,56
341649,NaN,NaN,56
341652,1487.642827,532.5771658,56
341655,NaN,NaN,56
341659,NaN,NaN,56
341662,1484.821522,538.6319876,56
341665,1479.475543,548.5551076,56
341669,NaN,NaN,56
341672,1488.050669,558.9191924,56
341675,1485.50315,555.1845542,56
341679,1487.583507,548.1945628,56
341682,1486.825207,546.6070754,56
341685,1485.547101,540.0804964,56
341689,1486.473924,536.3963926,56
341692,1482.253949,516.8202943,56
341695,1485.957195,519.1250615,56
341699,1481.149536,515.3851404,56
341702,1476.147629,519.5263691,56
341705,1483.922243,511.043258,56
341709,1483.005643,512.6224029,56
341712,1481.109591,512.6002588,56
341715,1480.3882,516.2977426,56
341719,1468.440501,531.5289595,56
341722,1470.403361,529.2780777,56
341725,NaN,NaN,56
341729,NaN,NaN,56
341732,NaN,NaN,56
341735,NaN,NaN,56
341739,NaN,NaN,56
341742,NaN,NaN,56
341745,1472.011906,527.4820535,56
341749,NaN,NaN,56
341752,NaN,NaN,56
341755,NaN,NaN,56
341759,NaN,NaN,56
341762,NaN,NaN,56
341765,NaN,NaN,56
341769,NaN,NaN,56
341772,NaN,NaN,56
341775,1468.720224,531.7176923,56
341779,1473.022297,532.0784309,56
341782,NaN,NaN,56
341785,NaN,NaN,56
341789,NaN,NaN,56
341792,NaN,NaN,56
341795,NaN,NaN,56
341799,NaN,NaN,56
341802,NaN,NaN,56
341805,NaN,NaN,56
341809,1466.492254,530.1570729,56
341812,NaN,NaN,56
341815,NaN,NaN,56
341819,1469.707231,529.0325153,56
341822,1470.974419,534.0318587,56
341825,NaN,NaN,56
341829,NaN,NaN,56
341832,NaN,NaN,56
341835,NaN,NaN,56
341839,NaN,NaN,56
341842,NaN,NaN,56
341845,NaN,NaN,56
341849,NaN,NaN,56
341852,NaN,NaN,56
341855,NaN,NaN,56
341859,NaN,NaN,56
341862,NaN,NaN,56
341865,NaN,NaN,56
341869,NaN,NaN,56
341872,NaN,NaN,56
341875,NaN,NaN,56
341879,NaN,NaN,56
341882,NaN,NaN,56
341885,NaN,NaN,56
341889,NaN,NaN,56
341892,NaN,NaN,56
341895,NaN,NaN,56
341899,NaN,NaN,56
341902,NaN,NaN,56
341905,NaN,NaN,56
341908,NaN,NaN,56
341912,NaN,NaN,56
341915,NaN,NaN,56
341918,NaN,NaN,56
341922,NaN,NaN,56
341925,NaN,NaN,56
341929,NaN,NaN,56
341932,NaN,NaN,56
341935,NaN,NaN,56
341938,NaN,NaN,56
347748,NaN,NaN,57
347751,NaN,NaN,57
347754,886.4268719,330.1265315,57
347758,NaN,NaN,57
347761,NaN,NaN,57
347764,NaN,NaN,57
347768,NaN,NaN,57
347771,NaN,NaN,57
347774,NaN,NaN,57
347778,885.2754767,330.8236202,57
347781,887.6924353,332.3137303,57
347784,NaN,NaN,57
347788,NaN,NaN,57
347791,NaN,NaN,57
347794,NaN,NaN,57
347798,NaN,NaN,57
347801,NaN,NaN,57
347804,NaN,NaN,57
347808,NaN,NaN,57
347811,NaN,NaN,57
347814,NaN,NaN,57
347818,NaN,NaN,57
347821,NaN,NaN,57
347824,881.6496566,333.5716814,57
347828,NaN,NaN,57
347831,NaN,NaN,57
347834,NaN,NaN,57
347838,NaN,NaN,57
347841,NaN,NaN,57
347844,NaN,NaN,57
347848,886.2052895,332.3227939,57
347851,887.8868683,331.2082463,57
347854,NaN,NaN,57
347858,NaN,NaN,57
347861,NaN,NaN,57
347864,NaN,NaN,57
347868,884.6773782,336.5684957,57
347871,NaN,NaN,57
347874,NaN,NaN,57
347878,883.3968847,331.1583672,57
347881,881.3055832,331.4107956,57
347884,NaN,NaN,57
347888,NaN,NaN,57
347891,879.7834219,335.9051615,57
347894,881.5725215,333.3501867,57
347898,NaN,NaN,57
347901,NaN,NaN,57
347904,NaN,NaN,57
347908,NaN,NaN,57
347911,887.6628111,335.2604055,57
347914,NaN,NaN,57
347918,NaN,NaN,57
347921,884.650591,333.7771599,57
347924,881.6179149,332.0352814,57
347928,884.4039496,332.8608954,57
347931,882.5291883,333.0295733,57
347934,883.6487817,333.9852414,57
347938,881.2256811,333.8742821,57
347941,880.1776627,346.605006,57
347944,NaN,NaN,57
347948,NaN,NaN,57
347951,NaN,NaN,57
347954,NaN,NaN,57
347958,NaN,NaN,57
347961,849.0502524,518.8737927,57
347964,851.6099756,525.9750103,57
347968,846.2083025,532.6554471,57
347971,844.74816,515.6492196,57
347974,843.5099891,505.8009883,57
347978,844.4151867,507.1092194,57
347981,843.860131,513.1134478,57
347984,845.2492413,503.5854146,57
347988,843.1800261,529.8374078,57
347991,844.4613648,532.7417485,57
347994,846.4025159,547.6338783,57
347998,846.0618257,544.3429554,57
348001,NaN,NaN,57
348004,NaN,NaN,57
348008,NaN,NaN,57
348011,NaN,NaN,57
348014,NaN,NaN,57
348018,841.5642293,538.2303295,57
348021,841.4865575,540.4771992,57
348024,842.8895864,546.1551263,57
348028,NaN,NaN,57
348031,NaN,NaN,57
348034,NaN,NaN,57
348038,NaN,NaN,57
348041,NaN,NaN,57
348044,NaN,NaN,57
348048,NaN,NaN,57
348051,NaN,NaN,57
348054,NaN,NaN,57
348058,NaN,NaN,57
348061,NaN,NaN,57
348064,NaN,NaN,57
348068,840.7959542,538.7130402,57
348071,843.1080422,544.8674328,57
348074,849.2089679,530.8346414,57
348078,851.7198035,546.7006494,57
348081,848.9741859,532.0010435,57
348084,NaN,NaN,57
348088,NaN,NaN,57
348091,NaN,NaN,57
348094,NaN,NaN,57
348098,NaN,NaN,57
348101,846.0438244,542.9791372,57
348104,839.8767127,545.9241261,57
348108,847.2754281,543.5696586,57
348111,849.8293186,548.8355903,57
348114,NaN,NaN,57
348118,NaN,NaN,57
348121,NaN,NaN,57
348124,NaN,NaN,57
348128,NaN,NaN,57
348131,NaN,NaN,57
348134,NaN,NaN,57
348138,963.5458308,832.83757,57
348141,956.6475519,824.8644107,57
348144,959.9610952,820.7704526,57
348148,951.8347463,824.8539494,57
348151,947.5639149,820.269731,57
348154,942.4906479,819.7596523,57
348158,948.2380974,832.4207453,57
348161,952.665468,846.2883287,57
348164,964.0523752,855.635868,57
348168,970.500067,861.3604229,57
348171,965.64949,856.999252,57
348174,967.9561076,856.8240858,57
348178,957.2014694,859.5065874,57
348181,951.8124503,850.9277198,57
348184,951.9683396,849.3892588,57
348188,955.9544374,846.2008964,57
348191,965.35207,850.5926185,57
348194,964.8897825,854.3145092,57
348198,961.5431064,850.039622,57
348201,956.932915,854.1911896,57
348204,958.5625363,859.5239051,57
348208,956.4590186,858.6770686,57
348211,963.4152987,863.4896807,57
348214,954.7082677,866.0220517,57
348218,964.5137649,857.9100777,57
348221,958.0042392,858.8530833,57
348224,957.8990427,861.6188843,57
348228,971.1728945,863.9043875,57
348231,962.3562826,856.2325855,57
348234,961.258678,859.3915149,57
348238,959.2918693,857.3113905,57
348241,962.6262522,858.9916446,57
348244,962.1350029,860.7279183,57
348248,962.0718256,860.2130695,57
348251,961.2485093,866.4093238,57
348254,961.6178224,860.5034311,57
348258,961.7820246,863.7981252,57
348261,963.8971524,859.044376,57
348264,957.6932374,862.7783163,57
348268,962.616216,857.3810666,57
348271,967.5916674,869.6484528,57
348274,958.7982314,853.4054192,57
348278,958.9464836,852.4586139,57
348281,950.2152094,858.9586434,57
348284,959.9340228,868.3384264,57
348288,964.5838575,861.4658519,57
348291,953.6503919,872.8903684,57
348294,959.189534,857.661127,57
348298,950.7412047,861.5866023,57
348301,959.8374391,871.4915378,57
348304,959.9918206,870.8242408,57
348308,953.8019763,868.1135624,57
348311,959.8047834,860.888129,57
348314,951.076319,868.0409105,57
348318,953.7729483,866.0246321,57
348321,956.9455619,866.9609821,57
348324,948.6043065,862.5292417,57
348328,962.361016,867.4855357,57
348331,951.0532949,860.4860268,57
348334,958.9481477,858.804695,57
348338,955.3173495,872.2973535,57
348341,968.5276549,865.3583933,57
348344,954.2522849,858.8947088,57
348348,959.2738711,863.1629575,57
348351,956.965229,868.4794577,57
348354,955.0286496,862.2977974,57
348358,962.9193275,864.1173428,57
348361,952.517633,863.81654,57
348364,957.4326884,865.9862454,57
348368,961.4193571,863.6365793,57
348371,961.5086958,867.0061142,57
348374,958.345976,865.3944395,57
348378,962.3901558,863.3459561,57
348381,950.3994366,864.5364264,57
348384,953.3617308,860.7604591,57
348388,956.2628975,857.7646214,57
348391,958.5491767,863.3028757,57
348394,953.9812561,863.6207118,57
348398,960.7263962,864.5871084,57
348401,953.6126322,864.2888745,57
348404,955.2678327,868.261003,57
348408,960.6174124,866.4951069,57
348411,955.4833895,866.9989398,57
348414,958.0734403,868.1650691,57
348418,952.4574939,862.5106137,57
348421,955.98226,865.6076338,57
348424,952.6875293,868.5610057,57
348428,956.4134702,862.607878,57
348431,928.6540308,849.600737,57
348434,907.2073988,833.2693489,57
348438,878.7996449,807.9549544,57
348441,861.5960175,785.5089865,57
348444,861.8313362,769.5570751,57
348448,853.4342271,760.080573,57
348451,NaN,NaN,57
348454,NaN,NaN,57
348458,NaN,NaN,57
348461,850.2408917,676.8956543,57
348464,846.7687385,667.2150919,57
348468,836.2002349,651.8196624,57
348471,833.4655532,623.9404129,57
348474,831.3736841,645.4294205,57
348478,834.8239937,649.3510398,57
348481,834.8194407,655.270651,57
348484,839.497916,659.6383388,57
348488,NaN,NaN,57
348491,NaN,NaN,57
348494,NaN,NaN,57
348498,NaN,NaN,57
348501,NaN,NaN,57
348504,NaN,NaN,57
348508,NaN,NaN,57
348511,833.1004414,640.2369916,57
348514,838.6582711,644.9706132,57
348518,831.5715295,638.962448,57
348521,840.1527175,641.2897298,57
348524,NaN,NaN,57
348528,NaN,NaN,57
348531,NaN,NaN,57
348534,NaN,NaN,57
348538,NaN,NaN,57
348541,NaN,NaN,57
348544,NaN,NaN,57
348548,839.7708936,643.6620615,57
348551,838.9483422,649.4963338,57
348554,838.0581999,638.9942819,57
348558,836.7473595,642.3137141,57
348561,NaN,NaN,57
348564,NaN,NaN,57
348568,NaN,NaN,57
348571,NaN,NaN,57
348574,NaN,NaN,57
348578,NaN,NaN,57
348581,NaN,NaN,57
348584,831.0965222,643.2229383,57
348588,841.1632916,644.9592504,57
348591,836.1205642,654.1316454,57
348594,837.693255,643.2864656,57
348598,NaN,NaN,57
348601,NaN,NaN,57
348604,NaN,NaN,57
348608,NaN,NaN,57
348611,NaN,NaN,57
348614,NaN,NaN,57
348618,NaN,NaN,57
348621,833.2791041,641.9107596,57
348624,847.6703162,645.3134095,57
348628,838.0496969,635.5664743,57
348631,839.7181628,643.0792097,57
348634,NaN,NaN,57
348638,NaN,NaN,57
348641,NaN,NaN,57
348644,NaN,NaN,57
348648,NaN,NaN,57
348651,NaN,NaN,57
348654,NaN,NaN,57
348658,839.8146261,649.9617401,57
348661,835.873244,640.9544032,57
348664,836.4577893,647.2875809,57
348668,846.8390494,642.2036267,57
348671,NaN,NaN,57
348674,NaN,NaN,57
348678,NaN,NaN,57
348681,NaN,NaN,57
348684,NaN,NaN,57
348688,NaN,NaN,57
348691,NaN,NaN,57
348694,993.7063967,671.5089906,57
348698,988.4153399,688.2941326,57
348701,983.8260075,686.8452008,57
348704,980.7374846,678.8857026,57
348708,981.7957055,671.6162474,57
348711,989.4122398,657.7351322,57
348714,993.5982304,662.1071507,57
348718,1000.345503,670.5285835,57
348721,1010.050648,674.7029182,57
348724,1003.838227,670.4388516,57
348728,1001.96351,675.200237,57
348731,998.262931,678.0563593,57
348734,1000.622432,674.8776132,57
348738,1000.605929,669.826635,57
348741,997.8432449,677.5447129,57
348744,999.134932,676.2830272,57
348748,999.6106617,677.0764396,57
348751,1000.662573,672.6461186,57
348754,999.0653631,676.2568082,57
348758,999.8939715,674.3712161,57
348761,996.9891428,678.919988,57
348764,1001.055583,674.8695273,57
348768,1003.559228,665.1009834,57
348771,1002.422006,675.0269477,57
348774,994.2187581,674.7067032,57
348778,1001.361133,680.0285822,57
348781,1000.256692,672.2765768,57
348784,1001.440367,673.3755326,57
348787,1002.233425,672.8622619,57
348791,1003.582519,671.4688825,57
348794,999.3394826,679.3693223,57
348798,999.9670035,677.8122109,57
348801,1001.10318,676.8928871,57
348804,1001.307782,677.4458676,57
348808,1002.110189,679.5673138,57
348811,999.5474196,681.0837714,57
348814,999.9327584,671.6603861,57
348818,998.8547395,677.4150115,57
348821,1000.393141,675.2659304,57
348824,999.9200689,674.1688511,57
348827,999.4630512,670.8774796,57
348831,999.0525621,675.9575562,57
348834,1002.804139,677.6039112,57
348838,1004.933808,677.0255099,57
348841,1006.353687,675.7068069,57
348844,996.4940878,679.1741065,57
348848,1001.68792,681.2088194,57
348851,1000.124007,680.2147611,57
348854,997.2875682,679.4358758,57
348857,1002.991417,675.6463409,57
348861,997.081811,692.8252054,57
348864,993.4284087,724.1266646,57
348868,976.2196889,782.0440972,57
348871,965.3103604,833.2054045,57
348874,944.2633983,849.4652206,57
348878,933.4258954,894.8871645,57
348881,919.8839467,905.3784434,57
348884,923.0200643,893.6353432,57
348888,930.4914655,891.0058639,57
348891,934.2535572,848.7712541,57
348894,935.0806909,845.6603971,57
348897,935.6665017,847.6789454,57
348901,933.9824823,858.9764412,57
348904,926.9799255,869.7673442,57
348908,926.0588472,874.7950319,57
348911,931.757535,878.4359452,57
348914,925.7543102,880.0032625,57
348918,925.1155983,879.1654355,57
348921,927.5030532,882.9643568,57
348924,926.4643613,877.7064029,57
348927,926.0046153,874.5721709,57
348931,932.0809024,875.6526788,57
348934,920.5246175,882.3636356,57
348938,927.7268757,872.8620873,57
348941,923.5795869,876.0687983,57
348944,928.8339533,876.7263365,57
348948,929.7043924,875.0946482,57
348951,927.3530278,871.8572948,57
348954,930.5052174,876.1315143,57
348957,931.4701512,875.6580656,57
348961,928.6376269,880.2245478,57
348964,928.6740785,875.7073297,57
348967,928.1232123,873.3938036,57
348971,928.0460929,875.0814269,57
348974,930.3641825,872.4465971,57
348978,921.2817042,879.5157264,57
348981,933.2201072,878.5002404,57
348984,927.418404,873.6737093,57
348987,934.1166977,877.5199055,57
348991,929.4306239,879.7535358,57
348994,926.3624929,880.066445,57
348998,928.7542008,886.476686,57
349001,922.5026915,885.653306,57
349004,926.1177254,880.2235703,57
349008,934.6576321,879.1479226,57
349011,930.3864843,880.7510728,57
349014,930.1063077,882.5351022,57
349018,921.3458958,877.2228819,57
349021,923.5447476,879.722091,57
349024,929.3798822,866.7243309,57
349028,927.6710964,887.6123395,57
349031,931.9544642,883.149337,57
349034,926.5567327,889.417154,57
349037,934.5734313,891.4225236,57
349041,931.1543222,880.5716627,57
349044,928.8673413,883.1731502,57
349048,931.3241988,875.33609,57
349051,919.726256,885.951186,57
349054,924.7984408,881.2998579,57
349057,920.6651803,877.5413633,57
349061,922.1144879,881.0794047,57
349064,921.8072156,884.7986459,57
349067,923.8298797,880.9885498,57
349071,931.2544843,881.403998,57
349074,929.212163,878.4484449,57
349078,929.823786,877.9478762,57
349081,928.7070905,881.1628967,57
349084,923.0785356,877.6459879,57
349087,920.4896805,882.370932,57
349091,919.2472509,882.6044622,57
349094,922.7489165,879.7805356,57
349097,921.4415022,878.3675555,57
349101,924.4388483,879.7459507,57
349104,921.2604792,875.8182825,57
349108,929.7122171,880.0076161,57
349111,927.4119302,879.2361014,57
349114,925.5303598,876.2121938,57
349118,924.359632,876.9414498,57
349121,932.1680807,887.2957378,57
349124,919.0454656,874.9100709,57
349127,922.7525181,887.1552989,57
349131,928.4792418,875.5396042,57
349134,930.0084967,876.1926713,57
349137,927.0918326,878.8117605,57
349141,926.8416087,880.7792105,57
349144,925.9466981,880.9793385,57
349148,925.7209764,879.4795117,57
349151,925.9505655,876.3300924,57
349154,929.8202735,883.3112853,57
349157,932.1752264,880.6007142,57
349161,923.323873,880.8555235,57
349164,926.4185333,877.8595701,57
349167,925.8684672,879.1441846,57
349171,924.9943226,887.23694,57
349174,920.696793,881.0841772,57
349178,930.7816998,885.3699533,57
349181,916.4475692,887.4544742,57
349184,920.9242684,877.8343745,57
349187,923.3201953,888.8683246,57
349191,926.3295987,878.7707477,57
349194,927.0000131,871.4221671,57
349197,928.7437415,870.322732,57
349201,926.5842495,872.3623942,57
349204,926.3472027,875.933369,57
349208,923.527201,874.0941669,57
349211,928.2277564,877.3976906,57
349214,920.7656041,879.3114155,57
349218,925.2576182,876.1281539,57
349221,920.6916903,875.1130168,57
349224,925.4195029,873.1552095,57
349227,921.9688459,874.4519371,57
349231,925.619849,874.9263437,57
349234,925.9950281,874.5569164,57
349237,923.3530352,877.44944,57
349241,922.7545958,871.4962715,57
349244,923.2533294,882.8897919,57
349248,922.2208345,878.2390207,57
349251,927.3387904,881.3846129,57
349254,923.5421542,881.7836731,57
349257,925.6205701,881.7678784,57
349261,920.3461963,876.3895551,57
349264,916.4021089,877.7507457,57
349267,921.1890956,875.795357,57
349271,926.7261317,872.6884511,57
349274,917.3620982,876.4189204,57
349278,901.4087974,879.9226275,57
349281,872.4424678,878.4325407,57
349284,838.185157,840.9178385,57
349287,821.5137898,835.6138121,57
349291,NaN,NaN,57
349294,NaN,NaN,57
349297,NaN,NaN,57
349301,NaN,NaN,57
349304,NaN,NaN,57
349307,NaN,NaN,57
349311,NaN,NaN,57
349314,NaN,NaN,57
349317,NaN,NaN,57
349321,NaN,NaN,57
349324,NaN,NaN,57
349327,NaN,NaN,57
349331,NaN,NaN,57
349334,NaN,NaN,57
349337,NaN,NaN,57
349341,NaN,NaN,57
349344,NaN,NaN,57
349348,NaN,NaN,57
349351,NaN,NaN,57
349354,NaN,NaN,57
349357,NaN,NaN,57
349361,NaN,NaN,57
349364,NaN,NaN,57
349367,NaN,NaN,57
349371,NaN,NaN,57
349374,NaN,NaN,57
349377,NaN,NaN,57
349381,NaN,NaN,57
349384,NaN,NaN,57
349387,NaN,NaN,57
349391,NaN,NaN,57
349394,NaN,NaN,57
349397,NaN,NaN,57
349401,NaN,NaN,57
349404,NaN,NaN,57
349407,NaN,NaN,57
349411,NaN,NaN,57
349414,NaN,NaN,57
349417,NaN,NaN,57
349421,NaN,NaN,57
349424,NaN,NaN,57
349427,NaN,NaN,57
349431,NaN,NaN,57
349434,NaN,NaN,57
349437,NaN,NaN,57
349441,NaN,NaN,57
349444,NaN,NaN,57
349447,NaN,NaN,57
349451,NaN,NaN,57
349454,NaN,NaN,57
349457,NaN,NaN,57
349461,971.1341638,568.7665246,57
349464,978.3593562,560.7099548,57
349467,971.7561982,549.7435766,57
349471,980.7085701,554.8190724,57
349474,981.704759,535.6507485,57
349477,1006.685415,494.9584564,57
349481,997.2729839,492.2713136,57
349484,997.1988167,487.1946843,57
349487,1032.202896,487.5447808,57
349491,NaN,NaN,57
349494,NaN,NaN,57
349497,NaN,NaN,57
349501,NaN,NaN,57
349504,NaN,NaN,57
349507,NaN,NaN,57
349511,NaN,NaN,57
349514,NaN,NaN,57
349517,942.3956629,540.4484564,57
349521,943.7538443,537.7201137,57
349524,953.2039854,534.9076219,57
349527,945.7921251,529.897837,57
349531,947.9491876,524.4499312,57
349534,943.5099612,517.9940414,57
349537,945.6276313,511.7568509,57
349541,946.2481643,518.5392128,57
349544,944.115015,514.6937649,57
349547,943.2578454,509.569593,57
349551,944.1076988,501.2696351,57
349554,943.904668,505.3689498,57
349557,950.815276,502.7395912,57
349561,945.132063,515.112581,57
349564,940.3105913,513.3967433,57
349567,913.4120532,514.8047225,57
349571,870.6609335,524.0493655,57
349574,808.7901057,512.4601265,57
349577,746.1137261,515.6668393,57
349581,691.0553898,507.6174305,57
349584,648.6489742,506.6974713,57
349587,599.044568,509.0576753,57
349591,555.8372528,515.6569705,57
349594,513.7077469,515.791519,57
349597,475.2054337,501.5145731,57
349601,454.5939428,513.5677874,57
349604,422.6060716,503.8230211,57
349607,387.5853713,488.5522603,57
349611,379.9509504,492.4443238,57
349614,365.4884827,483.8798508,57
349617,369.2790935,469.8686429,57
349621,379.7825878,472.1658352,57
349624,392.5897107,479.8747887,57
349627,399.0635371,497.1824411,57
349631,393.0443114,497.6738357,57
349634,397.4793967,502.799384,57
349637,362.4844913,471.6497954,57
349641,373.7721133,488.4320445,57
349644,395.7969528,506.5159379,57
349647,385.963086,494.6453403,57
349651,380.396251,488.3656906,57
349654,384.8005533,493.744214,57
349657,386.5412439,489.9734113,57
349661,385.49453,489.9505846,57
349664,373.1036045,471.9600782,57
349667,379.0800734,480.7265375,57
349671,387.4251974,490.357923,57
349674,386.1236148,498.5399416,57
349677,389.3770169,494.0330141,57
349681,388.5120853,493.5894954,57
349684,378.4768263,493.8609711,57
349687,371.8072282,475.8212093,57
349691,385.6826708,489.0924588,57
349694,382.2334604,489.5815754,57
349697,382.6370781,495.1112031,57
349701,384.6321864,490.7308731,57
349704,376.705033,475.3426895,57
349707,382.1944756,494.6208256,57
349711,375.4410522,476.7322715,57
349714,374.7301404,472.9047419,57
349717,383.6765547,491.2140812,57
349721,383.8404016,494.3639887,57
349724,379.0269932,493.4032849,57
349727,385.3420809,499.3793331,57
349731,381.51972,494.9116959,57
349734,386.2437536,494.3185523,57
349737,384.9596591,484.2899253,57
349741,383.2586334,487.1334994,57
349744,379.2324836,489.2075043,57
349747,384.29486,492.3223006,57
349751,384.6750354,490.9765071,57
349754,380.4450403,491.6221231,57
349757,386.3349924,491.046931,57
349761,384.4567282,488.4320624,57
349764,382.9742459,493.6191176,57
349767,382.8303003,492.0246377,57
349771,377.7398942,489.2427902,57
349774,364.2200054,478.4735674,57
349777,372.6562135,478.3158783,57
349781,384.0567301,492.0697482,57
349784,385.0458464,495.8965577,57
349787,393.3296421,499.1608137,57
349791,373.6106242,469.9505877,57
349794,376.3999378,483.0702286,57
349797,376.0138644,478.9355868,57
349801,378.8293601,489.6864174,57
349804,374.2852315,486.9726941,57
349807,373.5979261,453.2622684,57
349811,366.9675269,456.4647677,57
349814,366.1019606,452.5524008,57
349817,373.0183789,457.6050299,57
349821,368.2010779,447.5323884,57
349824,371.489863,461.3993466,57
349827,365.7579756,459.045066,57
349831,364.1434195,456.1382815,57
349834,370.4919543,456.8091754,57
349837,366.8059657,446.8088706,57
349841,368.2115806,454.1729273,57
349844,369.6204886,457.3706306,57
349847,365.1083539,454.0359469,57
349851,362.3584664,451.2857776,57
349854,368.6305305,456.1802196,57
349857,369.3217087,453.2159909,57
349861,364.0697063,455.2329384,57
349864,366.5649613,457.0033772,57
349867,361.9127511,457.3758252,57
349871,359.1424811,460.7614152,57
349874,360.0143892,457.0480476,57
349877,365.0121485,459.0052527,57
349881,366.4629766,460.4987392,57
349884,362.6958659,459.672108,57
349887,363.1738881,463.0544668,57
349891,372.1237391,454.931357,57
349894,374.0200082,462.3899758,57
349897,358.7991511,455.7020993,57
349901,NaN,NaN,57
349904,NaN,NaN,57
349907,365.340948,455.5775063,57
349911,364.3269212,459.0936625,57
349914,363.8063583,459.6835332,57
349917,371.7620911,452.8250344,57
349921,380.2739262,490.3308249,57
349924,377.4336304,496.0751805,57
349927,388.398605,485.6087237,57
349931,405.9898936,512.7242972,57
349934,408.5927196,509.98446,57
349937,373.3387506,475.2503113,57
349941,371.5687065,493.1610297,57
349944,370.9168893,482.4422327,57
349947,381.1055369,486.9899679,57
349951,385.0997729,496.3608698,57
349954,385.7067861,485.7469067,57
349957,NaN,NaN,57
349961,NaN,NaN,57
349964,NaN,NaN,57
349967,NaN,NaN,57
349971,NaN,NaN,57
349974,NaN,NaN,57
349977,NaN,NaN,57
349981,NaN,NaN,57
349984,NaN,NaN,57
349987,NaN,NaN,57
349991,NaN,NaN,57
349994,NaN,NaN,57
349997,NaN,NaN,57
350001,NaN,NaN,57
350004,NaN,NaN,57
350007,NaN,NaN,57
350011,NaN,NaN,57
350014,NaN,NaN,57
350017,NaN,NaN,57
350021,NaN,NaN,57
350024,NaN,NaN,57
350027,NaN,NaN,57
350031,NaN,NaN,57
350034,NaN,NaN,57
350037,NaN,NaN,57
350041,NaN,NaN,57
350044,NaN,NaN,57
350047,NaN,NaN,57
350051,NaN,NaN,57
350054,NaN,NaN,57
350057,NaN,NaN,57
350061,NaN,NaN,57
350064,NaN,NaN,57
350067,NaN,NaN,57
350071,NaN,NaN,57
350074,NaN,NaN,57
350077,NaN,NaN,57
350081,NaN,NaN,57
350084,NaN,NaN,57
350087,NaN,NaN,57
350091,NaN,NaN,57
350094,NaN,NaN,57
350097,NaN,NaN,57
350101,NaN,NaN,57
350104,NaN,NaN,57
350107,NaN,NaN,57
350111,NaN,NaN,57
350114,NaN,NaN,57
350117,NaN,NaN,57
350121,NaN,NaN,57
350124,NaN,NaN,57
350127,NaN,NaN,57
350131,NaN,NaN,57
350134,NaN,NaN,57
350137,NaN,NaN,57
350141,NaN,NaN,57
350144,NaN,NaN,57
350147,NaN,NaN,57
350151,NaN,NaN,57
350154,NaN,NaN,57
350157,NaN,NaN,57
350161,NaN,NaN,57
350164,NaN,NaN,57
350167,NaN,NaN,57
350171,NaN,NaN,57
350174,NaN,NaN,57
350177,NaN,NaN,57
350181,NaN,NaN,57
350184,NaN,NaN,57
350187,NaN,NaN,57
350191,NaN,NaN,57
350194,NaN,NaN,57
350197,NaN,NaN,57
350201,NaN,NaN,57
350204,NaN,NaN,57
350207,NaN,NaN,57
350211,NaN,NaN,57
350214,NaN,NaN,57
350217,NaN,NaN,57
350221,NaN,NaN,57
350224,NaN,NaN,57
350227,NaN,NaN,57
350231,NaN,NaN,57
350234,NaN,NaN,57
353914,NaN,NaN,58
353917,993.3501636,792.324733,58
353920,NaN,NaN,58
353923,981.3902743,784.531088,58
353927,988.4398744,776.5443502,58
353930,NaN,NaN,58
353933,992.912879,776.2907775,58
353937,987.4079006,785.0622562,58
353940,994.0352322,784.1609364,58
353943,992.6634541,784.1361314,58
353947,991.9634642,787.1553277,58
353950,990.6503944,783.0788761,58
353954,991.8895752,783.3315967,58
353957,993.1048633,783.375972,58
353960,996.0549372,780.2479547,58
353963,988.1242052,782.036493,58
353967,981.2057462,786.8433395,58
353970,992.0131976,786.9541265,58
353973,NaN,NaN,58
353977,NaN,NaN,58
353980,NaN,NaN,58
353984,NaN,NaN,58
353987,NaN,NaN,58
353990,NaN,NaN,58
353993,NaN,NaN,58
353997,NaN,NaN,58
354000,NaN,NaN,58
354003,NaN,NaN,58
354007,NaN,NaN,58
354010,NaN,NaN,58
354013,NaN,NaN,58
354017,NaN,NaN,58
354020,NaN,NaN,58
354023,988.4475206,788.1332258,58
354027,991.2452571,786.5632799,58
354030,1005.788606,789.064417,58
354033,991.3211926,783.0943397,58
354037,989.0669137,779.4609393,58
354040,985.3586419,784.1362127,58
354043,989.373773,789.4253371,58
354047,994.0695772,780.2113916,58
354050,994.7606823,780.4980153,58
354054,993.7414706,780.0637137,58
354057,995.9738361,773.0782238,58
354060,987.9837422,782.7299151,58
354063,991.1125444,779.7056033,58
354067,993.4108106,796.5588466,58
354070,991.0311247,779.1404402,58
354073,991.5320084,778.820705,58
354077,990.5230837,784.9076761,58
354080,984.1227418,781.745393,58
354083,993.2169359,781.1428203,58
354087,991.5921792,785.0673995,58
354090,990.0715672,787.7854731,58
354093,991.037896,785.6405392,58
354097,992.4200458,781.3157276,58
354100,992.7472272,787.2904702,58
354103,993.3028168,775.914232,58
354107,NaN,NaN,58
354110,995.3934916,777.3978244,58
354113,996.317099,778.0841406,58
354117,NaN,NaN,58
354120,996.0032857,784.9209795,58
354123,992.6265787,778.3400933,58
354127,988.2711799,781.1853272,58
354130,NaN,NaN,58
354133,1121.339024,705.9301869,58
354137,1164.165501,779.9363289,58
354140,NaN,NaN,58
354143,NaN,NaN,58
354147,1150.919452,704.2585892,58
354150,1114.261348,708.8356349,58
354153,1105.243047,706.9710212,58
354157,1124.11544,772.0117167,58
354160,1094.802655,863.9967876,58
354163,1083.232424,883.1161096,58
354167,1079.448519,884.7088262,58
354170,1119.985778,874.3531203,58
354173,NaN,NaN,58
354177,NaN,NaN,58
354180,NaN,NaN,58
354183,NaN,NaN,58
354187,NaN,NaN,58
354190,NaN,NaN,58
354193,NaN,NaN,58
354197,NaN,NaN,58
354200,NaN,NaN,58
354203,NaN,NaN,58
354207,NaN,NaN,58
354210,NaN,NaN,58
354213,NaN,NaN,58
354217,NaN,NaN,58
354220,NaN,NaN,58
354223,NaN,NaN,58
354227,NaN,NaN,58
354230,NaN,NaN,58
354233,NaN,NaN,58
354237,NaN,NaN,58
354240,NaN,NaN,58
354243,NaN,NaN,58
354247,NaN,NaN,58
354250,NaN,NaN,58
354253,NaN,NaN,58
354257,NaN,NaN,58
354260,1095.587109,872.8495717,58
354263,1098.280609,866.895087,58
354267,1099.602345,873.5288831,58
354270,NaN,NaN,58
354273,NaN,NaN,58
354277,1099.370039,868.3500681,58
354280,1103.038195,867.154637,58
354283,1106.618191,868.0458291,58
354287,1107.010897,870.9785034,58
354290,NaN,NaN,58
354293,NaN,NaN,58
354297,NaN,NaN,58
354300,NaN,NaN,58
354303,NaN,NaN,58
354307,NaN,NaN,58
354310,NaN,NaN,58
354313,NaN,NaN,58
354317,NaN,NaN,58
354320,NaN,NaN,58
354323,NaN,NaN,58
354327,NaN,NaN,58
354330,NaN,NaN,58
354333,NaN,NaN,58
354337,NaN,NaN,58
354340,NaN,NaN,58
354343,NaN,NaN,58
354347,NaN,NaN,58
354350,NaN,NaN,58
354353,NaN,NaN,58
354357,NaN,NaN,58
354360,NaN,NaN,58
354363,NaN,NaN,58
354367,NaN,NaN,58
354370,1118.615754,721.275602,58
354373,948.5122484,748.0277282,58
354377,1009.438123,708.0595138,58
354380,994.5844929,675.1687835,58
354383,972.9070026,647.0135956,58
354387,992.3448562,610.7029875,58
354390,925.0364572,577.4877417,58
354393,879.8944395,549.5573237,58
354397,881.4580017,520.422199,58
354400,783.4268851,525.3510636,58
354403,781.0930264,502.0128983,58
354407,783.7409321,509.913569,58
354410,783.2901746,512.1976764,58
354413,781.8951598,515.3233694,58
354417,786.2011627,514.6940982,58
354420,787.0188004,510.0610377,58
354423,783.2218025,509.2770134,58
354427,785.4343119,514.6506819,58
354430,788.653681,505.7185734,58
354433,785.4673971,508.0690038,58
354437,784.5346858,504.8101888,58
354440,784.573287,502.4559711,58
354443,790.1991477,504.6987598,58
354447,787.4963246,508.7942688,58
354450,787.3196583,501.1316991,58
354453,790.2986845,505.3823428,58
354457,787.1202686,512.5079172,58
354460,797.5268919,503.6417851,58
354463,787.746704,505.1890871,58
354467,783.6261135,500.3629437,58
354470,784.5025151,498.1884826,58
354473,792.1627054,502.9075586,58
354477,788.6118219,495.7911269,58
354480,792.2296623,511.6326782,58
354483,787.8223238,496.8389605,58
354487,786.2318492,498.7388126,58
354490,793.4675947,500.4321661,58
354493,791.7077795,501.3973805,58
354497,790.5825841,520.4816465,58
354500,785.0475043,508.4618646,58
354503,786.8644869,517.9838079,58
354507,793.2105777,518.2904909,58
354510,792.2120008,508.0438219,58
354513,796.898986,516.983465,58
354517,788.0659439,511.3919694,58
354520,791.9789885,506.2651975,58
354523,785.4252607,517.8325548,58
354527,784.8662527,508.9621176,58
354530,785.4941984,505.8775148,58
354533,780.0118199,505.4937758,58
354537,785.0383083,505.6878672,58
354540,783.2255501,507.4310408,58
354543,788.6887473,506.0188886,58
354547,787.6617609,510.9595294,58
354550,788.3058583,499.5893493,58
354553,786.6774135,497.5291929,58
354557,783.6272748,504.0287698,58
354560,786.1564998,498.5044357,58
354563,784.2267086,504.2979761,58
354567,784.8480215,499.058346,58
354570,784.2975364,509.3823455,58
354573,785.9692211,501.324845,58
354577,785.763695,505.3026989,58
354580,781.9030948,503.9165307,58
354583,785.5836349,506.1444432,58
354587,783.6773715,504.492505,58
354590,783.2132472,509.3556028,58
354593,791.2011381,508.6432826,58
354597,779.5732497,508.6594691,58
354600,788.1049107,503.2891748,58
354603,784.3358912,500.2499181,58
354607,788.2963028,508.1264713,58
354610,785.8201179,505.0457538,58
354613,782.780283,502.559816,58
354617,785.9432268,500.7935855,58
354620,787.4493036,498.8962307,58
354623,789.0448649,502.3328237,58
354627,784.0444014,506.4523991,58
354630,781.5934844,498.2994968,58
354633,784.775126,506.8094609,58
354637,783.187874,506.8038928,58
354640,781.5844712,500.3360756,58
354643,782.0045772,500.5224348,58
354647,784.2260127,498.0477092,58
354650,785.6483865,508.6910066,58
354653,786.7499897,498.7005807,58
354657,788.8692005,499.037404,58
354660,782.8350712,502.4570469,58
354663,787.7527946,504.2472902,58
354667,784.9006451,506.2726162,58
354670,785.5349968,497.2566647,58
354673,784.8976651,512.7925599,58
354677,785.6866361,508.4916228,58
354680,785.0324639,507.5185623,58
354683,786.2564973,510.296961,58
354687,786.2583472,521.9965556,58
354690,792.5719964,519.222816,58
354693,788.7631837,507.0674881,58
354697,787.0568141,505.4830693,58
354700,786.1191092,499.6565299,58
354703,780.0193946,506.6434242,58
354707,783.7574078,504.5418329,58
354710,785.2114168,505.6939953,58
354713,786.7403731,502.7581631,58
354717,784.8751388,505.8735326,58
354720,780.5720535,501.6060404,58
354723,781.943916,508.4741431,58
354727,776.4407968,508.9003229,58
354730,783.4355194,504.8936576,58
354733,774.7011829,505.1707039,58
354737,778.9000227,501.1489319,58
354740,775.5026366,498.4779668,58
354743,781.1878975,495.624118,58
354747,775.183568,507.69049,58
354750,779.4435898,499.8325022,58
354753,783.2906819,494.5230374,58
354757,NaN,NaN,58
354760,NaN,NaN,58
354763,NaN,NaN,58
354767,796.1448645,502.4751636,58
354770,791.02952,508.77552,58
354773,787.9608707,499.4469841,58
354777,790.3425797,513.3478418,58
354780,791.9455444,503.0334731,58
354783,790.1653923,505.142241,58
354787,791.0078707,509.3861378,58
354790,788.3052159,505.7651206,58
354793,785.6764688,508.6815654,58
354797,791.5815478,507.0383938,58
354800,783.004642,508.7736242,58
354803,NaN,NaN,58
354807,NaN,NaN,58
354810,NaN,NaN,58
354813,NaN,NaN,58
354817,786.3557149,513.406037,58
354820,791.1665571,512.6045389,58
354823,789.0481774,508.3972642,58
354827,791.1270066,511.5094039,58
354830,792.2715861,509.4991132,58
354833,789.0040676,500.2372867,58
354837,790.9449059,518.0468619,58
354840,788.3929885,509.6655867,58
354843,801.0529955,498.671787,58
354847,793.8808952,557.6932178,58
354850,814.383933,591.394754,58
354853,825.5394229,641.8201579,58
354857,836.7490645,687.2348274,58
354860,854.4904586,713.3150829,58
354863,857.7477819,715.049523,58
354867,868.3782305,725.6162858,58
354870,871.5569883,724.5491809,58
354873,885.4123035,753.7134267,58
354877,901.1125414,774.78438,58
354880,924.5339868,821.8912255,58
354883,935.7584938,861.0077101,58
354887,947.8376707,893.7674292,58
354890,930.9090766,886.7447629,58
354893,918.0630876,876.5593358,58
354897,911.2580318,842.7983651,58
354900,904.6699602,827.4661705,58
354903,911.1811203,832.9721691,58
354907,915.3404291,850.2049694,58
354910,916.7875927,851.4462832,58
354913,924.5957127,864.007855,58
354917,927.13824,875.358021,58
354920,927.1714265,867.1244792,58
354923,920.2849344,866.9043184,58
354927,922.5498691,859.7015046,58
354930,920.8784743,860.9044126,58
354933,920.1586613,862.7578661,58
354937,925.4274916,857.2460193,58
354940,918.2688926,864.062305,58
354943,925.1032,858.0124646,58
354947,918.824377,858.8701783,58
354950,922.9597092,868.1541034,58
354953,914.7724869,863.6902968,58
354957,931.9388146,860.8103717,58
354960,918.6433443,861.9837732,58
354963,927.0593139,871.6229438,58
354967,918.7408847,864.6141721,58
354970,926.9273988,851.4092786,58
354973,922.858206,865.2084752,58
354977,921.3220447,860.3188479,58
354980,915.1248648,858.8655241,58
354983,926.9687718,863.0579988,58
354987,921.6248097,861.6209876,58
354990,916.902147,859.3816264,58
354993,921.026472,862.9309315,58
354997,918.1134569,862.7312781,58
355000,920.4728799,860.2858311,58
355003,920.4824758,857.4057622,58
355007,922.9293708,860.3841905,58
355010,924.1519095,860.2322883,58
355013,921.5735686,859.2696879,58
355017,923.5362891,859.6161256,58
355020,924.5158051,860.6587724,58
355023,921.1272672,862.8850255,58
355027,920.2049582,858.4423497,58
355030,918.9744488,863.5594149,58
355033,918.9750343,868.2096011,58
355037,921.7635143,862.7251454,58
355040,923.5747789,866.0930658,58
355043,924.3677299,865.7958202,58
355047,922.9927267,866.0200251,58
355050,922.941412,864.1015137,58
355053,924.7652952,861.6241044,58
355057,922.2554804,871.7930358,58
355060,920.3444494,865.300797,58
355063,919.0206255,859.7227433,58
355067,926.7882769,865.7704876,58
355070,929.3052917,867.5329961,58
355073,925.861798,865.3197506,58
355077,929.3377899,867.140896,58
355080,928.6234658,867.8802458,58
355083,928.308267,865.4158656,58
355087,926.2591263,868.0418537,58
355090,920.8343285,859.4701043,58
355093,923.2548445,861.059731,58
355097,925.0962861,864.6412523,58
355100,920.1944808,863.9974601,58
355103,926.392279,863.8021399,58
355107,919.1183294,864.4446946,58
355110,925.4411108,861.9412407,58
355113,926.5269009,867.8023528,58
355117,924.7697776,861.2258943,58
355120,922.4532782,864.0601553,58
355123,929.2336404,863.3554625,58
355127,925.4678826,867.2427981,58
355130,925.6691625,870.2474305,58
355133,925.8038319,869.663335,58
355137,913.2915738,868.7658988,58
355140,920.2315884,860.1884869,58
355143,903.3556988,846.0641963,58
355147,873.5017757,817.6033373,58
355150,849.5693039,776.0889479,58
355153,819.7272516,729.2209249,58
355157,803.6974825,699.993108,58
355160,797.1505127,680.5947318,58
355163,794.2761935,661.3703556,58
355167,789.2358583,649.8319289,58
355170,783.9607082,634.0597898,58
355173,781.5839083,613.1222654,58
355177,785.087435,606.6306028,58
355180,781.1826801,589.9136554,58
355183,781.0495088,577.3027656,58
355187,784.8279426,573.277006,58
355190,779.6317012,584.4751031,58
355193,781.3340579,584.2813414,58
355197,787.7851382,597.5725364,58
355200,783.5408361,591.5116077,58
355203,782.4184673,581.8630301,58
355207,782.6822818,583.1413271,58
355210,778.12434,577.8316312,58
355213,779.0728872,574.5113291,58
355217,779.6283417,575.169178,58
355220,780.9658903,581.4326328,58
355223,785.2720769,574.0000894,58
355227,781.915161,582.7837627,58
355230,785.2286727,578.6123064,58
355233,784.3260871,583.2455262,58
355237,785.6819173,579.4016769,58
355240,776.1859702,561.9450791,58
355243,787.9822733,575.5048964,58
355247,784.207435,577.7901216,58
355250,783.7611294,578.6756052,58
355253,785.8331805,573.9826093,58
355257,783.5499639,578.9851955,58
355260,786.2659891,581.543068,58
355263,783.3371633,580.1442243,58
355267,788.9307726,574.8824195,58
355270,785.1781697,576.9370028,58
355273,787.2344674,567.4590895,58
355277,787.599362,574.6245637,58
355280,787.8986351,576.8020681,58
355283,789.4849862,579.4837166,58
355287,785.687208,581.5329616,58
355290,786.3545967,571.2086567,58
355293,787.2009249,571.9870556,58
355297,786.6753986,570.7403443,58
355300,785.933482,569.4676332,58
355303,788.0768152,570.5870041,58
355307,777.4816031,567.1273987,58
355310,775.4258418,566.9148867,58
355313,787.1073205,578.4564616,58
355317,791.5483556,574.0191384,58
355320,792.2347316,568.5535144,58
355323,792.7085017,573.9290806,58
355327,778.3084885,566.7083007,58
355330,NaN,NaN,58
355333,NaN,NaN,58
355337,NaN,NaN,58
355340,NaN,NaN,58
355343,NaN,NaN,58
355347,NaN,NaN,58
355350,776.7229267,564.1155812,58
355353,777.5393818,562.4165304,58
355357,784.4035057,576.6546516,58
355360,771.1114694,565.3594584,58
355363,NaN,NaN,58
355367,NaN,NaN,58
355370,NaN,NaN,58
355373,NaN,NaN,58
355377,NaN,NaN,58
355380,NaN,NaN,58
355383,NaN,NaN,58
355387,776.0690366,568.4707903,58
355390,771.9153112,568.2380396,58
355393,776.399723,567.9926203,58
355397,778.6146971,568.7026361,58
355400,774.4854442,565.5565651,58
355403,NaN,NaN,58
355407,NaN,NaN,58
355410,NaN,NaN,58
355413,NaN,NaN,58
355417,NaN,NaN,58
355420,788.722306,578.2816287,58
355423,787.545752,579.2457455,58
355427,791.8992071,577.5091271,58
355430,778.3436096,581.2981102,58
355433,786.4983193,583.1905023,58
355437,787.7359765,589.6391428,58
355440,788.7536898,588.1369213,58
355443,785.4743727,601.3437945,58
355447,789.3435841,593.7864116,58
355450,772.5677527,567.8970452,58
355453,759.5077915,577.1006365,58
355457,748.486636,568.2196392,58
355460,748.4472886,566.5912212,58
355463,NaN,NaN,58
355467,NaN,NaN,58
355470,NaN,NaN,58
355473,NaN,NaN,58
355477,NaN,NaN,58
355480,NaN,NaN,58
355483,NaN,NaN,58
355487,NaN,NaN,58
355490,NaN,NaN,58
355493,NaN,NaN,58
355497,NaN,NaN,58
355500,NaN,NaN,58
355503,NaN,NaN,58
355507,NaN,NaN,58
355510,NaN,NaN,58
355513,NaN,NaN,58
355517,NaN,NaN,58
355520,NaN,NaN,58
355523,NaN,NaN,58
355527,NaN,NaN,58
355530,NaN,NaN,58
355533,NaN,NaN,58
355537,NaN,NaN,58
355540,NaN,NaN,58
355543,NaN,NaN,58
355547,NaN,NaN,58
355550,NaN,NaN,58
355553,NaN,NaN,58
355557,NaN,NaN,58
355560,NaN,NaN,58
359233,970.0892165,557.8944246,59
359236,977.5612161,585.0850565,59
359239,967.5127233,582.892247,59
359243,936.5709324,599.1495421,59
359246,941.4836623,620.3690514,59
359249,893.7770283,649.5468381,59
359253,927.8621326,658.8987292,59
359256,933.4117317,654.7643574,59
359259,876.2352302,641.2641999,59
359263,883.085569,636.4844663,59
359266,914.6623492,639.7440204,59
359269,894.2981714,641.6942068,59
359273,853.5494953,644.1965144,59
359276,843.7700339,646.4870075,59
359279,860.5039497,650.6878706,59
359283,865.5456274,650.5505957,59
359286,840.4806352,650.533192,59
359289,858.9996845,647.8507474,59
359293,847.1354789,642.0501173,59
359296,916.2719133,646.4774248,59
359299,929.0688243,648.2072009,59
359303,920.3946296,641.510568,59
359306,941.0594288,646.3230274,59
359309,936.007408,617.5216283,59
359313,938.420037,611.8186153,59
359316,918.1286021,650.7379063,59
359319,926.0565388,635.9864238,59
359323,865.330639,655.7501137,59
359326,936.4311799,650.8989601,59
359329,941.2316885,655.2547957,59
359333,NaN,NaN,59
359336,NaN,NaN,59
359339,900.4628781,650.7865548,59
359343,936.5679325,660.2914826,59
359346,941.1670671,651.961422,59
359349,893.3033181,655.294558,59
359353,866.5217926,653.6326467,59
359356,872.21475,653.934277,59
359359,NaN,NaN,59
359363,NaN,NaN,59
359366,886.3885208,649.6328126,59
359369,881.0065437,656.0454149,59
359373,933.6618104,655.1646718,59
359376,929.4468547,647.4847278,59
359379,914.316923,655.0907377,59
359383,943.3392609,642.7296769,59
359386,914.4074234,638.8769827,59
359389,938.3270023,651.5531665,59
359393,937.5737751,645.0590758,59
359396,913.531604,644.0723403,59
359399,898.9327101,655.5246122,59
359403,938.1845096,657.3680832,59
359406,963.0943376,627.4946744,59
359409,941.4311011,645.1789534,59
359413,942.1738007,636.5580103,59
359416,941.7931853,650.0210722,59
359419,933.9143039,641.1128936,59
359423,905.0250358,635.596909,59
359426,917.6312041,650.8368796,59
359429,927.7954698,644.2744246,59
359433,884.0052106,506.9903413,59
359436,792.2901507,376.7129322,59
359439,788.1725109,397.4606334,59
359443,793.5225794,438.6555387,59
359446,781.2901963,508.3824881,59
359449,761.243992,606.7407829,59
359453,747.5553602,661.2687861,59
359456,748.8185249,699.9958085,59
359459,741.1496615,728.2488054,59
359463,NaN,NaN,59
359466,NaN,NaN,59
359469,NaN,NaN,59
359473,NaN,NaN,59
359476,NaN,NaN,59
359479,NaN,NaN,59
359483,NaN,NaN,59
359486,NaN,NaN,59
359489,NaN,NaN,59
359493,NaN,NaN,59
359496,740.9245524,708.66041,59
359499,753.908605,712.9888674,59
359503,748.0761217,694.1603707,59
359506,NaN,NaN,59
359509,756.8645789,707.1912999,59
359513,752.2926987,695.3554379,59
359516,759.4218276,697.555081,59
359519,758.548316,695.5140227,59
359523,748.9981234,703.7422065,59
359526,753.5129538,693.2543888,59
359529,756.8639903,691.1736363,59
359533,752.9282,694.9223306,59
359536,754.5426568,693.5215868,59
359539,752.307046,701.4300052,59
359543,749.9000112,692.6122426,59
359546,752.6113313,711.2904656,59
359549,754.173639,699.2541061,59
359553,753.3216731,694.8256038,59
359556,759.6130062,682.8144033,59
359559,754.6361739,697.7896337,59
359563,752.7330071,702.1127568,59
359566,756.0187489,700.809113,59
359569,748.2611855,698.2531031,59
359573,748.4246137,705.6385052,59
359576,756.1220874,701.2151423,59
359579,742.1695481,703.8256809,59
359583,758.4140847,690.8476764,59
359586,755.6197979,695.8263559,59
359589,760.0779958,707.4171358,59
359593,765.1215587,686.6625065,59
359596,746.8793901,705.542268,59
359599,750.4176728,688.6041175,59
359603,NaN,NaN,59
359606,749.1550328,699.9902922,59
359609,756.8789336,699.8127024,59
359613,NaN,NaN,59
359616,757.8170928,693.8276492,59
359619,757.5894442,699.3004755,59
359623,757.504537,703.7097233,59
359626,766.9731787,701.4178129,59
359629,751.9049373,706.6158357,59
359633,749.18896,693.9829554,59
359636,763.0009587,698.3462381,59
359639,756.0201173,719.7945122,59
359643,743.4633851,705.1768062,59
359646,753.4800731,707.4534086,59
359649,750.9898029,700.2377877,59
359653,753.6745858,686.2294667,59
359656,747.2420985,717.4365032,59
359659,754.1697371,692.8451902,59
359663,747.1017701,714.6905962,59
359666,753.3095806,708.6203512,59
359669,753.3518386,699.1260407,59
359673,753.8328552,716.0630854,59
359676,748.6441832,703.5255983,59
359679,757.3952653,708.271683,59
359683,748.0269794,713.6566445,59
359686,761.4185728,704.411182,59
359689,741.2280786,709.9086207,59
359693,728.84577,696.0118753,59
359696,691.2913802,676.6354772,59
359699,679.5408123,661.2656392,59
359703,665.0688687,669.815585,59
359706,676.0026685,663.2872235,59
359709,677.9676247,655.7581285,59
359713,693.3388135,677.5371864,59
359716,693.0816307,665.6568337,59
359719,685.991747,676.991667,59
359723,689.2674006,673.0006565,59
359726,707.7269342,683.5188318,59
359729,672.7398908,676.7298648,59
359733,695.879572,666.5080146,59
359736,684.9556244,679.4942425,59
359739,683.9544086,671.7584868,59
359743,682.7049798,652.399726,59
359746,682.9176959,682.4304594,59
359749,684.1857961,671.8376529,59
359753,679.2083173,669.6301914,59
359756,NaN,NaN,59
359759,NaN,NaN,59
359763,NaN,NaN,59
359766,NaN,NaN,59
359769,674.199837,668.7292839,59
359773,693.8775874,678.827,59
359776,685.6561849,671.4234706,59
359779,686.1200701,657.7540219,59
359783,689.3374537,677.7786341,59
359786,686.1268344,667.5582386,59
359789,682.0778123,657.664086,59
359793,686.471584,672.7466084,59
359796,681.6853093,697.8250588,59
359799,689.683824,661.0994107,59
359803,682.786675,663.9369676,59
359806,698.3759208,670.554156,59
359809,687.4314556,661.6173476,59
359813,689.2237918,683.1558159,59
359816,691.4204492,674.266788,59
359819,683.296437,671.1432481,59
359823,682.925001,656.3085234,59
359826,NaN,NaN,59
359829,680.8090666,667.5997289,59
359833,NaN,NaN,59
359836,683.7901726,683.0802701,59
359839,676.1098566,668.8727875,59
359843,689.5291127,657.4232565,59
359846,690.7773789,658.7629962,59
359849,683.4316735,669.5375241,59
359853,681.2862413,667.119523,59
359856,677.9487107,673.6180416,59
359859,675.4819641,674.1875679,59
359863,680.3689801,655.6282032,59
359866,681.0836562,675.116563,59
359869,687.9341976,682.2242403,59
359873,685.3715843,655.8242404,59
359876,679.0411923,662.0354159,59
359879,676.745707,656.0385789,59
359883,675.4272759,661.429363,59
359886,672.9333267,663.096321,59
359889,678.0455519,658.0891875,59
359893,685.6451068,674.9173734,59
359896,678.6371275,660.6637753,59
359899,685.7344848,674.6401275,59
359903,680.5798826,687.0283879,59
359906,NaN,NaN,59
359909,NaN,NaN,59
359913,NaN,NaN,59
359916,NaN,NaN,59
359919,NaN,NaN,59
359923,NaN,NaN,59
359926,NaN,NaN,59
359929,NaN,NaN,59
359933,NaN,NaN,59
359936,NaN,NaN,59
359939,NaN,NaN,59
359943,NaN,NaN,59
359946,1121.908323,800.2648793,59
359949,1146.499988,805.2214491,59
359953,NaN,NaN,59
359956,NaN,NaN,59
359959,1146.25917,803.4817003,59
359963,1109.363175,803.7493433,59
359966,1112.065958,801.1235322,59
359969,1121.96366,802.0931674,59
359973,1117.963429,798.3932843,59
359976,1077.847267,858.5950188,59
359979,NaN,NaN,59
359983,NaN,NaN,59
359986,NaN,NaN,59
359989,NaN,NaN,59
359993,NaN,NaN,59
359996,NaN,NaN,59
359999,NaN,NaN,59
360003,NaN,NaN,59
360006,NaN,NaN,59
360009,NaN,NaN,59
360013,NaN,NaN,59
360016,NaN,NaN,59
360019,NaN,NaN,59
360023,NaN,NaN,59
360026,NaN,NaN,59
360029,1063.404462,688.7515614,59
360033,1079.352143,665.877412,59
360036,1100.45823,636.4766634,59
360039,1118.067297,615.6960139,59
360043,1134.129742,594.60351,59
360046,1144.450062,563.3530912,59
360049,NaN,NaN,59
360053,NaN,NaN,59
360056,1169.31826,514.9325445,59
360059,1167.836697,511.8254826,59
360063,1160.26516,508.6754486,59
360066,1161.931856,512.9176785,59
360069,1156.949035,522.4172236,59
360073,1159.658245,520.6454924,59
360076,1161.350689,523.1424395,59
360079,1164.309845,512.1942333,59
360083,1177.944146,486.4459008,59
360086,1180.154504,486.0937882,59
360089,1179.722668,480.6949415,59
360093,1184.001523,490.709576,59
360096,1175.301541,487.2056202,59
360099,1177.379844,484.8590834,59
360103,1176.042308,484.9062052,59
360106,1179.825795,481.9036911,59
360109,1171.557505,492.0157566,59
360113,1178.687027,486.5011373,59
360116,1168.023438,498.2502735,59
360119,1166.18419,503.1659368,59
360123,1170.493014,494.7166826,59
360126,1165.48534,504.3857492,59
360129,1176.139218,493.5203028,59
360133,1173.261691,490.9145915,59
360136,1170.983053,501.4611916,59
360139,1171.748817,499.9679259,59
360143,1169.575157,504.7625593,59
360146,1170.155977,497.5057712,59
360149,1163.73291,492.2887373,59
360153,1162.292931,507.1061486,59
360156,1164.007365,501.6826573,59
360159,1169.187028,488.9772692,59
360163,1163.858408,502.8144616,59
360166,1161.271823,507.4785081,59
360169,1164.488295,504.163903,59
360173,1169.822,510.0109835,59
360176,1163.869241,506.7532006,59
360179,1170.378204,498.4423164,59
360183,1167.373489,501.1271484,59
360186,1163.941129,507.2107308,59
360189,1163.047936,502.0001308,59
360193,1163.327614,501.0179031,59
360196,1168.034726,502.8350552,59
360199,1165.233113,502.3314356,59
360203,1170.805101,508.4765288,59
360206,1169.943632,499.4307186,59
360209,1165.514382,504.3113775,59
360213,1158.211554,504.3881131,59
360216,1164.616278,505.0240356,59
360219,1165.154399,497.4233476,59
360223,1162.475205,505.9086953,59
360226,1164.284014,507.4288368,59
360229,1164.512971,502.4094848,59
360233,1163.526558,512.9861585,59
360236,1160.679236,502.6168961,59
360239,1166.683279,509.6173446,59
360243,1164.074273,499.8664804,59
360246,1166.566991,504.6924178,59
360249,1160.00078,510.4339653,59
360253,1164.045843,505.7643042,59
360256,1158.452044,509.8954535,59
360259,1162.225393,508.3579319,59
360263,1159.844415,507.4514124,59
360266,1159.058812,504.5513443,59
360269,1165.195488,511.7564341,59
360273,1185.122956,507.983919,59
360276,1229.23117,501.6905959,59
360279,1275.578435,511.6018127,59
360283,1320.28225,508.1999683,59
360286,1355.016613,512.0612678,59
360289,1396.903872,509.067078,59
360293,1430.278454,509.2573261,59
360296,1461.82478,507.8542752,59
360299,1507.812938,495.5814004,59
360303,1550.030172,486.8921185,59
360306,1560.68149,503.3186687,59
360309,1559.037512,509.4819645,59
360313,1544.216637,504.176331,59
360316,1530.014783,509.0316375,59
360319,1547.2362,527.2801443,59
360323,1547.787295,522.5560705,59
360326,1558.835542,523.1136487,59
360329,NaN,NaN,59
360333,NaN,NaN,59
360336,NaN,NaN,59
360339,1561.098945,512.6575713,59
360343,1561.716653,515.6962437,59
360346,1555.725861,511.1435603,59
360349,1547.337452,508.6191012,59
360353,1550.818894,511.307573,59
360356,1553.046302,516.6168808,59
360359,1548.326609,514.4675851,59
360363,1549.816164,514.9311738,59
360366,1544.537716,507.984594,59
360369,1554.924789,513.2634084,59
360373,1552.090342,513.2098703,59
360376,1551.545463,509.8491482,59
360379,1557.618705,509.6188243,59
360383,1557.138221,511.2120352,59
360386,1554.469538,510.4635225,59
360389,NaN,NaN,59
360393,NaN,NaN,59
360396,NaN,NaN,59
360399,NaN,NaN,59
360403,1551.749835,515.5296495,59
360406,1550.902393,512.0521077,59
360409,1551.885119,508.789228,59
360413,1555.21859,507.2079547,59
360416,1550.806783,519.172844,59
360419,NaN,NaN,59
360423,NaN,NaN,59
360426,1553.487274,514.4172895,59
360429,1552.534987,510.4273235,59
360433,1555.996078,513.615504,59
360436,1554.42552,509.9914147,59
360439,1553.124418,517.0092123,59
360443,1554.190707,513.154191,59
360446,1551.242691,510.4159862,59
360449,1553.81604,515.2591271,59
360453,1557.41184,514.6683397,59
360456,1556.902003,511.7735956,59
360459,1553.155544,511.1267554,59
360463,1553.941822,513.406182,59
360466,1551.675963,518.5319704,59
360469,1550.444117,510.6964611,59
360473,1557.964293,515.3598639,59
360476,1556.47797,513.9101534,59
360479,1554.204912,515.4457016,59
360483,1552.829367,509.358461,59
360486,1555.93598,509.3395719,59
360489,1549.842249,509.709125,59
360493,1554.234216,515.9173143,59
360496,1553.411,508.8229801,59
360499,1554.379201,510.7527611,59
360503,1552.597466,514.4066388,59
360506,1552.106557,514.9088701,59
360509,1554.019965,505.4534467,59
360513,1554.897244,511.2554412,59
360516,1555.036252,503.4412424,59
360519,1553.69358,506.9368883,59
360523,1558.493031,513.4662981,59
360526,1552.612892,515.0049792,59
360529,1555.298962,516.4185081,59
360533,1555.164397,513.0265276,59
360536,1557.343181,512.6206334,59
360539,1552.281917,510.2692191,59
360543,1555.27367,510.299779,59
360546,1555.68397,517.0008886,59
360549,1553.989861,517.2527678,59
360553,1554.76307,515.5477809,59
360556,1555.009255,511.7033665,59
360559,NaN,NaN,59
360563,NaN,NaN,59
360566,1555.992645,508.630092,59
360569,1552.978468,510.4362261,59
360573,NaN,NaN,59
360576,NaN,NaN,59
360579,1559.568548,506.3253664,59
360583,1554.778986,514.1006069,59
360586,1554.717042,514.1017853,59
360589,NaN,NaN,59
360593,NaN,NaN,59
360596,1555.360395,511.2414478,59
360599,NaN,NaN,59
360603,NaN,NaN,59
360606,1560.965253,508.1002895,59
360609,1557.298548,511.0500109,59
360613,1557.396988,514.4316869,59
360616,NaN,NaN,59
360619,NaN,NaN,59
360623,1560.389537,512.026724,59
360626,1560.088905,510.5960598,59
360629,NaN,NaN,59
360633,NaN,NaN,59
360636,1556.06859,512.9512451,59
360639,1556.518794,516.8007643,59
360643,1560.92364,511.4511194,59
360646,1557.856012,510.6804575,59
360649,NaN,NaN,59
360653,NaN,NaN,59
360656,1558.690204,511.3744144,59
360659,NaN,NaN,59
360663,NaN,NaN,59
360666,NaN,NaN,59
360669,NaN,NaN,59
360673,NaN,NaN,59
360676,NaN,NaN,59
360679,1556.280804,510.3729051,59
360683,NaN,NaN,59
360686,NaN,NaN,59
360689,NaN,NaN,59
360693,NaN,NaN,59
360696,1559.362246,515.7653165,59
360699,1556.301172,513.6657109,59
360702,1559.055697,517.5374466,59
360706,1558.701811,509.3393587,59
360709,1559.526878,509.9131811,59
360713,1557.890365,509.3054539,59
360716,NaN,NaN,59
360719,NaN,NaN,59
360723,NaN,NaN,59
360726,NaN,NaN,59
360729,NaN,NaN,59
360733,NaN,NaN,59
360736,NaN,NaN,59
360739,NaN,NaN,59
360743,NaN,NaN,59
360746,NaN,NaN,59
360749,NaN,NaN,59
360753,NaN,NaN,59
360756,NaN,NaN,59
360759,NaN,NaN,59
360763,1556.479971,503.877055,59
360766,1555.083279,515.1151715,59
360769,NaN,NaN,59
360773,NaN,NaN,59
360776,NaN,NaN,59
360779,NaN,NaN,59
360783,NaN,NaN,59
360786,NaN,NaN,59
360789,NaN,NaN,59
360793,NaN,NaN,59
360796,1558.649619,514.4967934,59
360799,NaN,NaN,59
360803,NaN,NaN,59
360806,NaN,NaN,59
360809,NaN,NaN,59
360813,NaN,NaN,59
360816,NaN,NaN,59
360819,1554.116576,516.1376841,59
360823,1556.422807,518.4496164,59
360826,NaN,NaN,59
360829,NaN,NaN,59
360833,NaN,NaN,59
360836,NaN,NaN,59
360839,NaN,NaN,59
360842,NaN,NaN,59
360846,1555.828631,514.2669356,59
360849,1557.268066,515.3051003,59
364532,1147.264142,448.5886809,60
364535,1147.340425,446.2050873,60
364539,1144.731007,452.4894009,60
364542,1139.264742,452.2188084,60
364545,1136.659529,450.1639126,60
364549,1133.909462,446.026028,60
364552,1138.584657,448.9827364,60
364555,1140.237596,452.0256874,60
364559,1138.446007,447.4306307,60
364562,1139.700956,446.8038514,60
364565,1139.743556,449.2533932,60
364569,1139.831026,445.0561479,60
364572,1141.074158,448.4589783,60
364575,1143.31994,449.7294022,60
364579,1140.951007,449.7017368,60
364582,1139.316575,449.0979952,60
364585,1145.741699,439.0649605,60
364589,1137.697524,457.3925291,60
364592,1145.059777,440.0445857,60
364595,1139.888225,447.6986008,60
364599,1143.059636,453.0252931,60
364602,1140.05281,452.5768199,60
364605,1145.200163,443.491817,60
364609,1139.670182,442.0747108,60
364612,1144.243087,444.330315,60
364615,1141.4895,452.740793,60
364619,1136.336364,448.6310444,60
364622,1139.466826,449.553398,60
364625,1141.410015,455.0577928,60
364629,1142.560457,448.7250861,60
364632,1138.023868,451.6482582,60
364635,1140.356125,447.7196959,60
364639,1142.013041,446.5648697,60
364642,1140.673724,453.0936555,60
364645,1138.679382,447.79587,60
364649,1144.409361,449.4984118,60
364652,1141.843487,443.022709,60
364655,1140.327998,452.8060914,60
364659,1139.48901,455.7425,60
364662,1139.962977,447.4389069,60
364665,1142.035187,451.1268581,60
364669,1138.77991,452.013212,60
364672,1137.987559,451.0593082,60
364675,1139.742194,450.302706,60
364679,1143.262181,450.0034055,60
364682,1139.633706,453.202413,60
364685,1137.770242,449.8878324,60
364689,1139.473941,452.3693585,60
364692,1140.25677,450.42713,60
364695,1140.082274,449.8981226,60
364699,1139.816859,455.318821,60
364702,1142.725716,449.7070792,60
364705,1142.693214,455.5564442,60
364709,1139.565129,451.4507706,60
364712,1141.954586,450.1776926,60
364715,1144.207769,444.8903889,60
364719,1141.155334,449.2920539,60
364722,1142.192387,452.4161185,60
364725,1138.456336,452.233168,60
364729,1138.737317,454.3081434,60
364732,1141.030237,448.2030976,60
364735,1139.495897,452.0540506,60
364739,1143.997381,447.8841537,60
364742,1139.510312,442.1100077,60
364745,1140.818226,447.5254414,60
364749,1140.318612,457.5692052,60
364752,1133.556084,451.5193434,60
364755,1140.962188,455.9084139,60
364759,1138.301532,459.3074809,60
364762,1143.311339,445.1303643,60
364765,1138.166924,454.5868088,60
364769,1140.246464,451.8500815,60
364772,1144.297612,455.5987858,60
364775,1142.82949,449.8965763,60
364779,1141.859234,448.4027284,60
364782,1144.75416,444.4428314,60
364785,1141.801762,449.999002,60
364789,1138.864512,452.960496,60
364792,1145.406212,452.191541,60
364795,1140.113004,452.4387481,60
364799,1139.167759,455.8999164,60
364802,1138.259891,449.7251845,60
364805,1138.943541,447.0462766,60
364809,1139.029597,452.2534292,60
364812,1138.899864,449.3910778,60
364815,1140.72215,442.9495184,60
364819,1141.450185,451.7948278,60
364822,1141.090055,453.9050316,60
364825,1138.8051,451.951256,60
364829,1139.889164,454.6320118,60
364832,1139.658788,456.7839463,60
364835,1132.863022,473.0841662,60
364839,1110.468502,505.6360146,60
364842,1089.048228,576.1663462,60
364845,NaN,NaN,60
364849,1020.055633,686.6182371,60
364852,NaN,NaN,60
364855,NaN,NaN,60
364859,NaN,NaN,60
364862,NaN,NaN,60
364865,NaN,NaN,60
364869,NaN,NaN,60
364872,NaN,NaN,60
364875,NaN,NaN,60
364879,NaN,NaN,60
364882,NaN,NaN,60
364885,1036.777644,887.3254521,60
364889,1037.668456,896.5513746,60
364892,1022.746777,903.2122767,60
364895,1038.581696,913.0542868,60
364899,1035.114818,917.1767038,60
364902,1032.648508,915.9329814,60
364905,1028.123947,914.0726093,60
364909,1025.661346,917.4862884,60
364912,1085.932055,912.4693145,60
364915,1087.449551,904.9996634,60
364919,1079.120064,908.4571003,60
364922,NaN,NaN,60
364925,NaN,NaN,60
364929,NaN,NaN,60
364932,NaN,NaN,60
364935,NaN,NaN,60
364939,NaN,NaN,60
364942,NaN,NaN,60
364945,NaN,NaN,60
364949,NaN,NaN,60
364952,NaN,NaN,60
364955,NaN,NaN,60
364959,1065.855452,910.1387239,60
364962,1088.200698,911.5542241,60
364965,1050.346949,909.6432934,60
364969,1092.913786,864.0101673,60
364972,1054.969257,923.4929154,60
364975,1111.870102,868.3254786,60
364979,1069.649635,912.3890042,60
364982,1060.099357,911.3533185,60
364985,1072.099628,910.583872,60
364989,1065.314423,912.2331432,60
364992,1052.674472,912.172545,60
364995,NaN,NaN,60
364999,NaN,NaN,60
365002,NaN,NaN,60
365005,NaN,NaN,60
365009,NaN,NaN,60
365012,NaN,NaN,60
365015,NaN,NaN,60
365019,NaN,NaN,60
365022,NaN,NaN,60
365025,NaN,NaN,60
365029,NaN,NaN,60
365032,1045.337529,918.8055054,60
365035,1056.199706,919.2837119,60
365039,1081.812526,916.8386599,60
365042,1033.021263,920.4083038,60
365045,1079.730761,919.5138101,60
365049,1061.912358,929.3227817,60
365052,1033.659505,908.3667498,60
365055,1062.177103,950.4418438,60
365059,1023.120643,1028.719169,60
365062,NaN,NaN,60
365065,NaN,NaN,60
365069,NaN,NaN,60
365072,NaN,NaN,60
365075,NaN,NaN,60
365079,NaN,NaN,60
365082,NaN,NaN,60
365085,NaN,NaN,60
365089,NaN,NaN,60
365092,NaN,NaN,60
365095,NaN,NaN,60
365099,NaN,NaN,60
365102,NaN,NaN,60
365105,NaN,NaN,60
365109,NaN,NaN,60
365112,NaN,NaN,60
365115,NaN,NaN,60
365119,NaN,NaN,60
365122,NaN,NaN,60
365125,NaN,NaN,60
365129,NaN,NaN,60
365132,NaN,NaN,60
365135,NaN,NaN,60
365139,NaN,NaN,60
365142,NaN,NaN,60
365145,NaN,NaN,60
365149,NaN,NaN,60
365152,NaN,NaN,60
365155,NaN,NaN,60
365159,NaN,NaN,60
365162,NaN,NaN,60
365165,NaN,NaN,60
365169,NaN,NaN,60
365172,NaN,NaN,60
365175,NaN,NaN,60
365179,NaN,NaN,60
365182,NaN,NaN,60
365185,NaN,NaN,60
365189,NaN,NaN,60
365192,NaN,NaN,60
365195,NaN,NaN,60
365199,NaN,NaN,60
365202,NaN,NaN,60
365205,NaN,NaN,60
365209,NaN,NaN,60
365212,NaN,NaN,60
365215,NaN,NaN,60
365219,NaN,NaN,60
365222,NaN,NaN,60
365225,NaN,NaN,60
365229,NaN,NaN,60
365232,1129.033848,509.5399374,60
365235,1121.427568,511.2537619,60
365239,1111.046209,533.0878024,60
365242,1127.529019,514.2641913,60
365245,1129.566806,509.8064126,60
365249,1125.188118,511.3019755,60
365252,1131.149502,514.5996269,60
365255,1131.411045,496.1815537,60
365259,1131.926853,500.5683687,60
365262,1129.800763,499.3468439,60
365265,1133.027103,490.6418944,60
365269,1136.7783,488.025156,60
365272,1136.405904,483.8381855,60
365275,1137.191227,483.3610556,60
365279,1133.877813,485.7882517,60
365282,1135.238281,483.8651703,60
365285,1138.152543,484.9962775,60
365289,1132.595146,485.9944766,60
365292,1129.115001,487.5915986,60
365295,1133.868568,484.0650553,60
365299,1140.169388,477.0288574,60
365302,1137.478422,491.0228152,60
365305,1136.298169,487.6444666,60
365309,1133.879857,483.1149577,60
365312,1138.189061,487.7690677,60
365315,1136.33164,489.2013528,60
365319,1137.531732,486.0330456,60
365322,1140.604088,492.6168603,60
365325,1137.151412,492.4586906,60
365329,1138.284913,483.5805273,60
365332,1139.700082,482.0855964,60
365335,1134.562625,494.7982004,60
365339,1137.092378,494.1648275,60
365342,1137.204496,490.0836728,60
365345,1134.775284,486.9480944,60
365349,1144.71738,483.8934582,60
365352,1143.824992,487.4202204,60
365355,1142.417683,489.7525669,60
365359,1143.291357,488.4109984,60
365362,1132.615606,481.4159366,60
365365,1140.119487,491.6453624,60
365369,1140.0473,484.833059,60
365372,1141.23659,478.4910909,60
365375,1139.579382,487.7100447,60
365379,1140.271701,485.1485037,60
365382,1141.604634,481.416616,60
365385,1135.383102,490.174233,60
365389,1138.802518,486.1272721,60
365392,1138.006319,488.3139924,60
365395,1138.209592,490.5059889,60
365399,1137.788915,490.4406898,60
365402,1138.236416,491.7190864,60
365405,1139.841872,484.9629413,60
365408,1137.35616,485.6603026,60
365412,1141.427712,489.9150859,60
365415,1138.614733,489.5423801,60
365419,1143.743253,484.7105211,60
365422,1136.178988,497.8492137,60
365425,1143.292945,483.7271623,60
365429,1139.568499,488.0081352,60
365432,1138.887962,489.6996094,60
365435,1141.988662,486.7487282,60
365439,1142.914675,489.2486778,60
365442,1139.80043,489.2558984,60
365445,1137.973101,491.686812,60
365449,1138.807986,493.5205373,60
365452,1138.442943,486.0949799,60
365455,1142.831857,491.5872778,60
365459,1140.078204,488.6637193,60
365462,1142.627384,495.8666027,60
365465,1135.321442,491.984382,60
365469,1138.783445,488.4946159,60
365472,1136.030081,479.0644216,60
365475,1143.298997,491.1514405,60
365479,1138.143552,494.6297775,60
365482,1143.037997,482.6879551,60
365485,1138.040176,486.2995614,60
365489,1141.057399,492.0177447,60
365492,1136.731815,501.5440585,60
365495,1143.487836,490.1844899,60
365499,1141.103132,482.5287726,60
365502,1135.247746,487.2073021,60
365505,1136.533995,490.7214661,60
365508,1143.159123,488.2436796,60
365512,1140.034943,483.7551199,60
365515,1133.28655,491.8561646,60
365518,1138.349333,487.3379997,60
365522,1139.726733,498.8519878,60
365525,1140.433462,494.5552395,60
365529,1144.888924,487.7050232,60
365532,1138.862938,490.9518891,60
365535,1138.679128,487.1227604,60
365539,1141.834481,494.347239,60
365542,1137.570767,487.3999475,60
365545,1141.344033,484.1309762,60
365549,1135.994792,502.1790556,60
365552,1145.562346,485.6427056,60
365555,1133.825744,508.3786352,60
365559,1139.266934,489.6985037,60
365562,1139.273204,491.6766719,60
365565,1142.508106,490.0371493,60
365569,1139.153718,493.52186,60
365572,1141.952719,493.6809641,60
365575,1146.225047,484.0888222,60
365579,1143.337031,491.9027215,60
365582,1139.844228,491.2270039,60
365585,1143.854782,487.8767732,60
365589,1143.211197,496.9850096,60
365592,1144.164031,489.9723817,60
370651,NaN,NaN,61
370654,1142.041147,965.4843852,61
370658,NaN,NaN,61
370661,NaN,NaN,61
370664,NaN,NaN,61
370668,NaN,NaN,61
370671,NaN,NaN,61
370675,1111.914473,1008.575853,61
370678,1127.965938,959.2184921,61
370681,1097.170569,1002.59778,61
370684,1073.245174,1007.157313,61
370688,1035.489354,1010.500854,61
370691,NaN,NaN,61
370694,NaN,NaN,61
370698,NaN,NaN,61
370701,NaN,NaN,61
370704,NaN,NaN,61
370708,NaN,NaN,61
370711,NaN,NaN,61
370714,NaN,NaN,61
370718,NaN,NaN,61
370721,NaN,NaN,61
370724,NaN,NaN,61
370728,NaN,NaN,61
370731,NaN,NaN,61
370734,NaN,NaN,61
370738,NaN,NaN,61
370741,NaN,NaN,61
370744,NaN,NaN,61
370748,NaN,NaN,61
370751,NaN,NaN,61
370754,NaN,NaN,61
370758,NaN,NaN,61
370761,NaN,NaN,61
370764,NaN,NaN,61
370768,NaN,NaN,61
370771,NaN,NaN,61
370774,NaN,NaN,61
370778,NaN,NaN,61
370781,NaN,NaN,61
370784,NaN,NaN,61
370788,NaN,NaN,61
370791,NaN,NaN,61
370794,NaN,NaN,61
370798,NaN,NaN,61
370801,NaN,NaN,61
370804,NaN,NaN,61
370808,NaN,NaN,61
370811,NaN,NaN,61
370814,NaN,NaN,61
370818,NaN,NaN,61
370821,NaN,NaN,61
370824,NaN,NaN,61
370828,NaN,NaN,61
370831,NaN,NaN,61
370834,NaN,NaN,61
370838,NaN,NaN,61
370841,NaN,NaN,61
370844,NaN,NaN,61
370848,NaN,NaN,61
370851,NaN,NaN,61
370854,NaN,NaN,61
370858,NaN,NaN,61
370861,NaN,NaN,61
370864,NaN,NaN,61
370868,NaN,NaN,61
370871,NaN,NaN,61
370874,NaN,NaN,61
370878,NaN,NaN,61
370881,NaN,NaN,61
370884,NaN,NaN,61
370888,NaN,NaN,61
370891,NaN,NaN,61
370894,NaN,NaN,61
370898,NaN,NaN,61
370901,NaN,NaN,61
370904,NaN,NaN,61
370908,NaN,NaN,61
370911,NaN,NaN,61
370914,NaN,NaN,61
370918,NaN,NaN,61
370921,NaN,NaN,61
370924,NaN,NaN,61
370928,NaN,NaN,61
370931,NaN,NaN,61
370934,NaN,NaN,61
370938,1073.384794,931.5243026,61
370941,1083.258283,931.8843787,61
370944,NaN,NaN,61
370948,NaN,NaN,61
370951,NaN,NaN,61
370954,NaN,NaN,61
370958,NaN,NaN,61
370961,NaN,NaN,61
370964,NaN,NaN,61
370968,NaN,NaN,61
370971,NaN,NaN,61
370974,NaN,NaN,61
370978,NaN,NaN,61
370981,NaN,NaN,61
370984,NaN,NaN,61
370988,NaN,NaN,61
370991,NaN,NaN,61
370994,NaN,NaN,61
370998,NaN,NaN,61
371001,NaN,NaN,61
371004,NaN,NaN,61
371008,NaN,NaN,61
371011,NaN,NaN,61
371014,NaN,NaN,61
371018,NaN,NaN,61
371021,NaN,NaN,61
371024,NaN,NaN,61
371028,839.37663,620.8334374,61
371031,NaN,NaN,61
371034,NaN,NaN,61
371038,672.384325,545.201923,61
371041,583.2510757,531.3045641,61
371044,551.9678576,512.4465787,61
371048,527.058934,496.5321603,61
371051,505.863098,470.3243529,61
371054,497.1279317,455.3102007,61
371058,NaN,NaN,61
371061,NaN,NaN,61
371064,491.496649,488.1486873,61
371068,496.0557082,495.4971351,61
371071,497.8948111,500.2219712,61
371074,494.4318868,496.9773034,61
371078,488.4755561,494.350065,61
371081,485.8899502,479.4199604,61
371084,482.8339563,477.4466463,61
371088,480.9208017,473.9513372,61
371091,482.2014272,474.0060634,61
371094,487.9529247,479.3355581,61
371098,487.8325002,483.5435927,61
371101,487.5699045,480.7077573,61
371104,483.9720094,491.8323643,61
371108,489.1321883,482.6670643,61
371111,488.7562784,484.3507798,61
371114,NaN,NaN,61
371118,NaN,NaN,61
371121,494.2989494,486.9582789,61
371124,489.4287795,482.7176937,61
371128,NaN,NaN,61
371131,NaN,NaN,61
371134,483.4301828,484.9498174,61
371138,488.6555673,484.8464095,61
371141,491.4540469,484.1680554,61
371144,NaN,NaN,61
371148,NaN,NaN,61
371151,488.3835292,481.7169209,61
371154,487.8994742,487.0593321,61
371158,NaN,NaN,61
371161,NaN,NaN,61
371164,487.0101462,486.0189534,61
371168,486.4802263,480.7870482,61
371171,NaN,NaN,61
371174,NaN,NaN,61
371178,NaN,NaN,61
371181,NaN,NaN,61
371184,NaN,NaN,61
371188,NaN,NaN,61
371191,485.3916553,484.1185897,61
371194,483.3145882,482.111092,61
371198,NaN,NaN,61
371201,NaN,NaN,61
371204,481.9860755,479.3440519,61
371208,485.8749595,487.0990963,61
371211,488.8670504,488.8115791,61
371214,NaN,NaN,61
371218,NaN,NaN,61
371221,485.2481355,485.0216428,61
371224,483.1172081,491.0501201,61
371228,477.1739463,484.4449431,61
371231,456.8830238,483.7123169,61
371234,426.8506092,487.5967976,61
371238,390.6823839,482.5161131,61
371241,343.3673597,462.1896057,61
371244,333.6635359,456.485983,61
371248,333.3053639,451.5658991,61
371251,330.9943009,448.6155355,61
371254,NaN,NaN,61
371258,NaN,NaN,61
371261,347.9781367,453.9901179,61
371264,NaN,NaN,61
371268,NaN,NaN,61
371271,NaN,NaN,61
371274,NaN,NaN,61
371278,NaN,NaN,61
371281,NaN,NaN,61
371284,NaN,NaN,61
371288,NaN,NaN,61
371291,NaN,NaN,61
371294,NaN,NaN,61
371298,NaN,NaN,61
371301,NaN,NaN,61
371304,NaN,NaN,61
371308,NaN,NaN,61
371311,NaN,NaN,61
371314,NaN,NaN,61
371318,NaN,NaN,61
371321,NaN,NaN,61
371324,NaN,NaN,61
371328,NaN,NaN,61
371331,NaN,NaN,61
371334,NaN,NaN,61
371338,NaN,NaN,61
371341,NaN,NaN,61
371344,NaN,NaN,61
371348,NaN,NaN,61
371351,NaN,NaN,61
371354,NaN,NaN,61
371358,NaN,NaN,61
371361,NaN,NaN,61
371364,NaN,NaN,61
371368,NaN,NaN,61
371371,NaN,NaN,61
371374,NaN,NaN,61
371378,NaN,NaN,61
371381,NaN,NaN,61
371384,NaN,NaN,61
371388,NaN,NaN,61
371391,NaN,NaN,61
371394,NaN,NaN,61
371398,NaN,NaN,61
371401,NaN,NaN,61
371404,NaN,NaN,61
371408,NaN,NaN,61
371411,NaN,NaN,61
371414,NaN,NaN,61
371418,NaN,NaN,61
371421,NaN,NaN,61
371424,NaN,NaN,61
371428,NaN,NaN,61
371431,NaN,NaN,61
371434,NaN,NaN,61
371438,NaN,NaN,61
371441,NaN,NaN,61
371444,NaN,NaN,61
371448,NaN,NaN,61
371451,NaN,NaN,61
371454,NaN,NaN,61
371458,NaN,NaN,61
371461,NaN,NaN,61
371464,NaN,NaN,61
371468,NaN,NaN,61
371471,NaN,NaN,61
371474,NaN,NaN,61
375134,NaN,NaN,62
375137,NaN,NaN,62
375141,NaN,NaN,62
375144,NaN,NaN,62
375147,NaN,NaN,62
375151,NaN,NaN,62
375154,NaN,NaN,62
375157,NaN,NaN,62
375160,NaN,NaN,62
375164,NaN,NaN,62
375167,NaN,NaN,62
375170,NaN,NaN,62
375174,NaN,NaN,62
375177,NaN,NaN,62
375181,NaN,NaN,62
375184,1221.44659,791.6759966,62
375187,NaN,NaN,62
375191,NaN,NaN,62
375194,1218.187565,794.1888869,62
375197,1215.137593,790.9602826,62
375200,NaN,NaN,62
375204,NaN,NaN,62
375207,1218.820322,797.2785549,62
375211,NaN,NaN,62
375214,NaN,NaN,62
375217,NaN,NaN,62
375221,NaN,NaN,62
375224,NaN,NaN,62
375227,NaN,NaN,62
375231,NaN,NaN,62
375234,NaN,NaN,62
375237,NaN,NaN,62
375241,NaN,NaN,62
375244,NaN,NaN,62
375247,NaN,NaN,62
375251,NaN,NaN,62
375254,NaN,NaN,62
375257,NaN,NaN,62
375260,NaN,NaN,62
375264,NaN,NaN,62
375267,NaN,NaN,62
375270,NaN,NaN,62
375274,NaN,NaN,62
375277,NaN,NaN,62
375280,NaN,NaN,62
375284,NaN,NaN,62
375287,NaN,NaN,62
375290,NaN,NaN,62
375294,NaN,NaN,62
375297,NaN,NaN,62
375300,NaN,NaN,62
375304,NaN,NaN,62
375307,NaN,NaN,62
375311,1188.033506,731.2221567,62
375314,NaN,NaN,62
375317,NaN,NaN,62
375320,NaN,NaN,62
375324,1151.115822,877.3164746,62
375327,NaN,NaN,62
375330,NaN,NaN,62
375334,1120.990106,882.7148743,62
375337,1136.973393,880.1194808,62
375340,1138.846532,872.9381521,62
375344,1137.250523,866.3632933,62
375347,NaN,NaN,62
375350,NaN,NaN,62
375354,NaN,NaN,62
375357,NaN,NaN,62
375360,NaN,NaN,62
375364,NaN,NaN,62
375367,NaN,NaN,62
375370,NaN,NaN,62
375374,NaN,NaN,62
375377,NaN,NaN,62
375380,NaN,NaN,62
375384,NaN,NaN,62
375387,NaN,NaN,62
375390,NaN,NaN,62
375394,NaN,NaN,62
375397,NaN,NaN,62
375400,NaN,NaN,62
375404,NaN,NaN,62
375407,NaN,NaN,62
375410,NaN,NaN,62
375414,NaN,NaN,62
375417,NaN,NaN,62
375420,NaN,NaN,62
375424,1175.406752,884.9146777,62
375427,1139.50841,884.6286655,62
375430,1133.396898,883.4298838,62
375434,NaN,NaN,62
375437,NaN,NaN,62
375440,NaN,NaN,62
375444,NaN,NaN,62
375447,1132.992685,885.7483678,62
375450,1134.127773,882.3377673,62
375454,1135.391378,889.0892106,62
375457,1135.975732,881.5370965,62
375460,NaN,NaN,62
375464,NaN,NaN,62
375467,NaN,NaN,62
375470,NaN,NaN,62
375474,NaN,NaN,62
375477,NaN,NaN,62
375480,NaN,NaN,62
375484,NaN,NaN,62
375487,NaN,NaN,62
375490,NaN,NaN,62
375494,NaN,NaN,62
375497,NaN,NaN,62
375500,NaN,NaN,62
375504,NaN,NaN,62
375507,NaN,NaN,62
375510,NaN,NaN,62
375514,NaN,NaN,62
375517,NaN,NaN,62
375520,NaN,NaN,62
375524,NaN,NaN,62
375527,NaN,NaN,62
375530,NaN,NaN,62
375534,NaN,NaN,62
375537,NaN,NaN,62
375540,NaN,NaN,62
375544,NaN,NaN,62
375547,NaN,NaN,62
375550,NaN,NaN,62
375554,NaN,NaN,62
375557,NaN,NaN,62
375560,1034.31299,561.8491993,62
375564,1042.949597,564.3723084,62
375567,1043.675643,572.3269496,62
375570,1051.512175,570.7532815,62
375574,1045.336813,568.0175912,62
375577,1045.210094,566.2916328,62
375580,NaN,NaN,62
375584,NaN,NaN,62
375587,NaN,NaN,62
375590,NaN,NaN,62
375594,NaN,NaN,62
375597,NaN,NaN,62
375600,NaN,NaN,62
375604,NaN,NaN,62
375607,NaN,NaN,62
375610,NaN,NaN,62
375614,NaN,NaN,62
375617,NaN,NaN,62
375620,NaN,NaN,62
375624,NaN,NaN,62
375627,NaN,NaN,62
375630,NaN,NaN,62
375634,NaN,NaN,62
375637,NaN,NaN,62
375640,NaN,NaN,62
375644,NaN,NaN,62
375647,1045.3511,557.1118873,62
375650,1043.887324,554.9449331,62
375654,1043.717432,553.6460622,62
375657,1045.310394,555.3469773,62
375660,1064.576894,553.9264279,62
375664,1046.531659,552.8390469,62
375667,1045.546396,557.1005446,62
375670,1046.120266,554.2697426,62
375674,1059.721703,549.8488841,62
375677,NaN,NaN,62
375680,NaN,NaN,62
375684,NaN,NaN,62
375687,NaN,NaN,62
375690,NaN,NaN,62
375694,NaN,NaN,62
375697,NaN,NaN,62
375700,NaN,NaN,62
375704,NaN,NaN,62
375707,NaN,NaN,62
375710,1174.035452,504.7646174,62
375714,NaN,NaN,62
375717,NaN,NaN,62
375720,NaN,NaN,62
375724,NaN,NaN,62
375727,1148.699198,523.2723536,62
375730,1146.293234,516.0840548,62
375734,1152.638977,520.9004642,62
375737,1160.254961,517.7931097,62
375740,1163.315073,523.0636076,62
375744,1166.072381,521.594867,62
375747,1165.902445,523.1425854,62
375750,1166.19138,518.9669343,62
375754,1164.082164,523.4823769,62
375757,1171.369456,497.9423577,62
375760,1174.444273,499.5533139,62
375764,1175.213366,497.1848462,62
375767,1183.013089,498.9323333,62
375770,1183.607682,495.8845427,62
375774,1181.699672,497.9232802,62
375777,1185.627291,497.0212766,62
375780,1186.375276,497.8849175,62
375784,1178.893417,503.1767735,62
375787,1181.570081,499.6644677,62
375790,1179.71512,501.6487033,62
375794,1182.727695,510.4984847,62
375797,1189.285563,504.1055602,62
375800,1177.540197,503.6288829,62
375804,1181.743781,510.4395144,62
375807,1180.042395,495.6736338,62
375810,1182.29116,501.5599481,62
375814,1186.463913,499.3983426,62
375817,1181.096153,495.3834369,62
375820,1184.191801,508.0997961,62
375824,1186.35212,507.3285118,62
375827,1188.478076,502.7985383,62
375830,1180.224142,512.0180819,62
375834,1185.069004,504.3545292,62
375837,1187.09769,509.1440644,62
375840,1181.180344,506.0164298,62
375844,1175.028469,509.9204709,62
375847,1180.930306,509.3854535,62
375850,1184.975188,507.3656324,62
375854,1180.896575,508.1938557,62
375857,1178.207586,501.2900782,62
375860,1178.107983,507.9157935,62
375864,1179.450161,510.1332533,62
375867,1181.779885,509.3839462,62
375870,1184.436873,499.4677709,62
375874,1181.653769,506.0481009,62
375877,1181.097881,512.6593803,62
375880,1183.302315,516.329686,62
375884,1178.187732,513.0614913,62
375887,1183.364271,509.6594303,62
375890,1187.456191,512.5194841,62
375894,1184.416683,513.9339976,62
375897,1177.888302,506.5431099,62
375900,1185.967417,506.91338,62
375904,1176.648415,517.7680299,62
375907,1177.450087,506.910129,62
375910,1182.436338,501.5642519,62
375914,1183.213067,504.4794494,62
375917,1179.84984,513.4919713,62
375920,1184.476004,514.0020583,62
375924,1188.703202,501.31579,62
375927,1186.075679,514.968507,62
375930,1177.451365,504.935548,62
375934,1176.35936,501.1097712,62
375937,1179.638062,509.8556435,62
375940,1183.568684,516.3149653,62
375944,1175.440919,529.385272,62
375947,1178.415324,507.2150238,62
375950,1178.442516,524.1811546,62
375954,1185.53468,519.6796794,62
375957,1181.436034,511.6216071,62
375960,1177.204462,507.8610083,62
375964,1181.635183,507.1012519,62
375967,1182.901085,505.6377038,62
375970,1180.441301,508.0753351,62
375974,1175.749689,522.3527873,62
375977,1181.65186,494.1363778,62
375980,1178.015882,500.6978566,62
375984,1176.226627,517.1629121,62
375987,1178.198661,518.6602554,62
375990,1172.210576,501.3754612,62
375994,1181.247003,512.473012,62
375997,1179.240316,503.4687962,62
376000,1175.739683,507.6061425,62
376004,1182.827968,504.3850158,62
376007,1180.59224,517.6217695,62
376010,1182.856093,511.9275258,62
376014,1186.53999,496.7205611,62
376017,1186.226604,500.4931188,62
376020,1182.262195,499.2852074,62
376024,1177.78924,502.2198888,62
376027,1186.486446,503.7009454,62
376030,1181.930762,492.9347636,62
376034,1180.47896,494.418928,62
376037,1175.654131,495.8233061,62
376040,1178.336106,491.9204288,62
376044,1185.091264,488.0544169,62
376047,1179.645065,492.9035365,62
376050,1178.26518,500.1328592,62
376054,1177.302932,500.678662,62
376057,1184.039368,480.1765563,62
376060,1178.427839,496.2752649,62
376064,1175.616131,498.5254152,62
376067,1175.989126,495.4833601,62
376070,1176.015125,494.3892017,62
376074,1177.074047,489.9068999,62
376077,1177.695542,496.1842526,62
376080,1180.369011,489.6467748,62
376084,1175.530685,488.8311723,62
376087,1176.890986,498.4039955,62
376090,1177.308157,499.6561,62
376094,1182.74546,499.5552039,62
376097,1174.209467,496.5172553,62
376100,1181.771072,487.9013367,62
376104,1176.36886,500.385237,62
376107,1175.776664,483.5132605,62
376110,1180.195218,492.411666,62
376114,1178.672974,511.6910214,62
376117,1172.297003,502.0991235,62
376120,1176.306597,503.5732378,62
376124,1170.204594,513.0471091,62
376127,1174.672083,512.015756,62
376130,1172.916351,510.3052265,62
376134,1169.82837,495.6512644,62
376137,1169.822893,486.9595182,62
376140,1181.490622,502.2548777,62
376144,1175.33906,489.8708088,62
376147,1177.525616,492.5688924,62
376150,1175.452024,487.4092149,62
376154,1177.657777,498.5775362,62
376157,1182.259299,495.0976892,62
376160,1171.457665,494.26657,62
376164,1175.506247,488.8615218,62
376167,1168.304402,495.8607128,62
376170,1181.334865,493.1784705,62
376174,1186.581099,488.6763085,62
376177,1171.734723,516.2572772,62
376180,1175.910844,490.3190678,62
376184,1176.813861,498.337555,62
376187,1177.190338,493.4845682,62
376190,1180.264893,493.3388288,62
376194,1178.210237,486.2388581,62
376197,1177.354713,487.0864477,62
376200,1173.955684,478.8178567,62
376204,1174.790263,485.7140863,62
376207,1176.240056,492.8521374,62
376210,1173.444736,491.4924354,62
376214,1176.515744,490.9678799,62
376217,1169.829681,496.1648507,62
376220,1177.062129,490.3317074,62
376224,1172.439962,508.2930353,62
376227,1171.98554,488.3094102,62
376230,1175.694861,478.878575,62
376234,1173.133662,495.361938,62
376237,1167.819282,497.2826227,62
376240,1172.305333,497.3431366,62
376244,1170.552266,506.3875999,62
376247,1169.732053,503.761019,62
376250,1165.253208,496.7196815,62
376254,1175.205292,506.9432218,62
376257,1174.70788,492.230306,62
376260,1176.796536,502.6887791,62
376264,1173.758027,502.0577765,62
376267,1173.489225,490.0546524,62
376270,1170.108241,511.2685713,62
376274,1165.715838,506.5599646,62
376277,1167.998956,491.727848,62
376280,1174.664895,489.3193976,62
376284,1171.157523,489.2569169,62
376287,1165.826538,489.4318504,62
376290,1169.255883,484.4074985,62
376294,1164.735298,507.8905261,62
376297,1167.030079,492.1120685,62
376300,1167.819343,505.539349,62
376304,1166.478887,502.790267,62
376307,1168.823794,491.7942452,62
376310,1169.764662,496.0703134,62
376314,1173.674506,496.2050858,62
376317,1168.921309,505.0016933,62
376320,1159.786114,515.1593648,62
376324,1158.503815,506.8906188,62
376327,1155.57247,512.6649098,62
376330,1151.941777,515.5042066,62
380003,NaN,NaN,63
380006,NaN,NaN,63
380010,NaN,NaN,63
380013,NaN,NaN,63
380017,NaN,NaN,63
380020,NaN,NaN,63
380023,NaN,NaN,63
380027,NaN,NaN,63
380030,1042.781996,535.9896729,63
380033,1038.638752,533.0069371,63
380036,1048.465145,532.8035518,63
380040,1040.530004,534.8976221,63
380043,1032.702311,532.8505543,63
380047,1033.887512,528.5924377,63
380050,1027.433343,530.8183646,63
380053,1018.35934,530.3423518,63
380056,1017.07009,530.9020047,63
380060,NaN,NaN,63
380063,NaN,NaN,63
380066,NaN,NaN,63
380070,NaN,NaN,63
380073,NaN,NaN,63
380077,NaN,NaN,63
380080,NaN,NaN,63
380083,NaN,NaN,63
380086,NaN,NaN,63
380090,NaN,NaN,63
380093,NaN,NaN,63
380096,NaN,NaN,63
380100,NaN,NaN,63
380103,NaN,NaN,63
380106,1018.483269,531.5384535,63
380110,1012.235343,533.4294209,63
380113,1023.498624,533.3016639,63
380117,1023.467051,531.634892,63
380120,1009.865564,535.7537306,63
380123,1016.388332,531.8688194,63
380126,1013.52427,537.3833414,63
380130,1016.405799,535.0292285,63
380133,1027.207035,531.1438413,63
380136,NaN,NaN,63
380140,NaN,NaN,63
380143,NaN,NaN,63
380147,NaN,NaN,63
380150,NaN,NaN,63
380153,NaN,NaN,63
380156,NaN,NaN,63
380160,NaN,NaN,63
380163,NaN,NaN,63
380166,NaN,NaN,63
380170,NaN,NaN,63
380173,NaN,NaN,63
380176,NaN,NaN,63
380180,NaN,NaN,63
380183,NaN,NaN,63
380186,1006.260263,541.6032405,63
380190,1012.412328,539.9932058,63
380193,1009.838359,531.2957654,63
380196,1019.321523,537.6257536,63
380200,1065.501926,541.2104525,63
380203,1040.604757,562.5235117,63
380206,1132.649762,612.6785324,63
380210,1123.304024,683.729917,63
380213,1050.395848,744.5776103,63
380217,1063.882199,793.165905,63
380220,NaN,NaN,63
380223,NaN,NaN,63
380226,NaN,NaN,63
380230,NaN,NaN,63
380233,NaN,NaN,63
380236,NaN,NaN,63
380240,NaN,NaN,63
380243,NaN,NaN,63
380246,NaN,NaN,63
380250,NaN,NaN,63
380253,NaN,NaN,63
380256,NaN,NaN,63
380260,NaN,NaN,63
380263,NaN,NaN,63
380266,NaN,NaN,63
380270,NaN,NaN,63
380273,NaN,NaN,63
380276,NaN,NaN,63
380280,1142.13404,920.8456722,63
380283,1136.27286,928.533015,63
380286,1143.633167,926.0965067,63
380290,1130.011832,924.3738137,63
380293,1141.401148,923.1806413,63
380296,1141.972433,927.3045308,63
380300,1140.869292,925.2365645,63
380303,1136.399509,928.862068,63
380306,1140.056735,930.0158025,63
380310,1143.517573,931.8021176,63
380313,NaN,NaN,63
380316,NaN,NaN,63
380320,NaN,NaN,63
380323,NaN,NaN,63
380326,NaN,NaN,63
380330,NaN,NaN,63
380333,NaN,NaN,63
380336,NaN,NaN,63
380340,NaN,NaN,63
380343,NaN,NaN,63
380346,NaN,NaN,63
380350,NaN,NaN,63
380353,NaN,NaN,63
380356,NaN,NaN,63
380360,NaN,NaN,63
380363,NaN,NaN,63
380366,NaN,NaN,63
380370,NaN,NaN,63
380373,NaN,NaN,63
380376,NaN,NaN,63
380380,NaN,NaN,63
380383,1184.643995,928.8355483,63
380386,NaN,NaN,63
380390,NaN,NaN,63
380393,1172.138604,928.8355684,63
380396,1176.747432,924.7550593,63
380400,1176.64491,930.2017476,63
380403,1185.275545,930.3380951,63
380406,1174.980057,931.7661196,63
380410,1168.868996,929.615084,63
380413,1167.367902,909.1379698,63
380416,1109.365509,836.6488644,63
380420,NaN,NaN,63
380423,NaN,NaN,63
380426,NaN,NaN,63
380430,NaN,NaN,63
380433,NaN,NaN,63
380436,NaN,NaN,63
380440,NaN,NaN,63
380443,NaN,NaN,63
380446,NaN,NaN,63
380450,NaN,NaN,63
380453,NaN,NaN,63
380456,NaN,NaN,63
380460,NaN,NaN,63
380463,NaN,NaN,63
380466,NaN,NaN,63
380470,NaN,NaN,63
380473,NaN,NaN,63
380476,NaN,NaN,63
380480,865.7454551,716.7523038,63
380483,860.7069301,719.971602,63
380486,856.5394792,725.9147783,63
380490,867.7682387,732.9270847,63
380493,NaN,NaN,63
380496,NaN,NaN,63
380500,NaN,NaN,63
380503,NaN,NaN,63
380506,NaN,NaN,63
380510,NaN,NaN,63
380513,NaN,NaN,63
380516,NaN,NaN,63
380520,869.2728962,719.7803979,63
380523,870.8397762,729.3038834,63
380526,NaN,NaN,63
380530,NaN,NaN,63
380533,872.224688,728.3037656,63
380536,NaN,NaN,63
380540,NaN,NaN,63
380543,867.6417454,726.6861016,63
380546,867.3536956,734.1289502,63
380550,867.7316304,716.1907312,63
380553,866.0179834,711.9000475,63
380556,860.5075008,722.1519355,63
380560,871.8829671,728.7079699,63
380563,874.5119242,724.2968615,63
380566,NaN,NaN,63
380570,NaN,NaN,63
380573,NaN,NaN,63
380576,NaN,NaN,63
380580,765.4986317,585.9846836,63
380583,NaN,NaN,63
380586,NaN,NaN,63
380590,NaN,NaN,63
380593,772.3414487,525.7217386,63
380596,768.4399747,519.3885508,63
380600,862.7561607,532.2668687,63
380603,864.6680826,516.3305029,63
380606,NaN,NaN,63
380610,NaN,NaN,63
380613,874.6867995,529.3765272,63
380616,853.0202572,517.4208223,63
380620,856.0968205,513.2596939,63
380623,969.4615561,401.7947844,63
380626,961.3397585,508.6259537,63
380630,951.1605057,506.1677155,63
380633,NaN,NaN,63
380636,NaN,NaN,63
380640,772.1477304,523.1020957,63
380643,768.5490068,525.122004,63
380646,771.2510249,525.3174367,63
380650,773.5165093,528.6389861,63
380653,772.0101029,530.3944194,63
380656,761.7751809,523.5937162,63
380660,767.5737269,530.7290903,63
380663,775.4730117,524.2701073,63
380666,768.9910567,518.532029,63
380670,772.7733163,533.1378271,63
380673,771.1182844,521.2429262,63
380676,770.1272167,528.2623784,63
380680,769.8340741,526.2263054,63
380683,767.3540663,518.9978107,63
380686,773.1955,521.3811911,63
380690,768.5079874,516.9743358,63
380693,770.7738616,521.8953027,63
380696,767.6249724,515.8151619,63
380700,767.3950683,519.5064406,63
380703,774.305283,517.1544506,63
380706,765.9557028,520.2673832,63
380710,774.0906521,513.3965642,63
380713,769.6678938,524.5568801,63
380716,765.2290937,525.6329493,63
380720,765.5419082,522.9876205,63
380723,766.1632302,520.5879399,63
380726,763.9552667,529.1722587,63
380730,771.0362857,512.3436763,63
380733,771.2440314,530.7215565,63
380736,769.1104039,522.7423741,63
380740,768.1994712,517.1568471,63
380743,765.6618681,512.9708935,63
380746,775.4775254,511.5745567,63
380750,772.9589528,527.5294572,63
380753,763.536192,514.4692071,63
380756,773.3760297,518.0432553,63
380760,764.6388702,513.2992388,63
380763,765.4468748,529.7631673,63
380766,768.0472051,525.9445144,63
380770,768.2081803,516.3242672,63
380773,766.4520977,525.4217033,63
380776,772.3203977,524.0953226,63
380780,763.1576075,521.0689523,63
380783,NaN,NaN,63
380786,NaN,NaN,63
380790,757.8907196,518.0222084,63
380793,766.3868612,529.963627,63
380796,NaN,NaN,63
380800,764.9411269,526.9376285,63
380803,NaN,NaN,63
380806,767.8094874,521.7063185,63
380810,NaN,NaN,63
380813,770.1451311,521.7446969,63
380816,762.683802,527.8008323,63
380820,762.53664,521.4267773,63
380823,758.5972191,526.6922448,63
380826,1006.8887,516.3554938,63
380830,1043.677652,517.0975556,63
380833,1022.370182,515.0700683,63
380836,1018.083565,507.7833118,63
380840,970.7676399,412.3042596,63
380843,1007.118513,512.8002629,63
380846,1004.494761,514.5774083,63
380850,1017.202384,511.6784951,63
380853,1024.663202,515.6147945,63
380856,1027.496055,516.6314184,63
380860,1025.542612,514.0833094,63
380863,756.7965252,521.3179582,63
380866,765.2884913,522.9596967,63
380870,763.2790294,522.4510094,63
380873,761.6911596,517.6128784,63
380876,762.4311916,508.1868151,63
380880,758.1976158,527.8306405,63
380883,NaN,NaN,63
380886,765.3486754,527.950638,63
380890,760.264079,535.6812064,63
380893,NaN,NaN,63
380896,NaN,NaN,63
380900,NaN,NaN,63
380903,NaN,NaN,63
380906,1000.899207,511.1487877,63
380910,992.3255126,508.8063488,63
380913,993.1400071,506.2149384,63
380916,1000.270709,516.7880092,63
380920,988.9377413,505.567328,63
380923,994.4809519,512.8188745,63
380926,977.1058738,510.7333789,63
380930,1045.704306,508.3940814,63
380933,1043.14009,517.5581284,63
380936,969.4725087,516.2324524,63
380940,765.7219169,527.1651829,63
380943,NaN,NaN,63
380946,750.4468211,520.0474393,63
380950,NaN,NaN,63
380953,NaN,NaN,63
380956,NaN,NaN,63
380960,775.8812813,553.4905867,63
380963,NaN,NaN,63
380966,NaN,NaN,63
380970,NaN,NaN,63
380973,865.396898,715.5268981,63
380976,869.5769803,734.3488965,63
380980,869.307643,765.9461101,63
380983,NaN,NaN,63
380986,875.0049415,782.8107961,63
380990,870.3591056,786.1885321,63
380993,NaN,NaN,63
380996,NaN,NaN,63
381000,NaN,NaN,63
381003,NaN,NaN,63
381006,NaN,NaN,63
381010,NaN,NaN,63
381013,896.6251296,782.9360025,63
381016,968.7000892,789.3211151,63
381020,990.9092278,789.2823537,63
381023,1059.687322,780.2771819,63
381026,NaN,NaN,63
381030,NaN,NaN,63
381033,NaN,NaN,63
381036,NaN,NaN,63
381040,NaN,NaN,63
381043,NaN,NaN,63
381046,NaN,NaN,63
381050,NaN,NaN,63
381053,NaN,NaN,63
381056,NaN,NaN,63
381060,NaN,NaN,63
381063,NaN,NaN,63
381066,NaN,NaN,63
381070,NaN,NaN,63
381073,NaN,NaN,63
381076,NaN,NaN,63
381080,NaN,NaN,63
381083,NaN,NaN,63
381086,882.2137393,791.4601576,63
381090,881.3797629,790.4891724,63
381093,NaN,NaN,63
381096,NaN,NaN,63
381100,NaN,NaN,63
381103,NaN,NaN,63
381106,NaN,NaN,63
381110,NaN,NaN,63
381113,NaN,NaN,63
381116,NaN,NaN,63
381120,NaN,NaN,63
381123,NaN,NaN,63
381126,NaN,NaN,63
381130,NaN,NaN,63
381133,NaN,NaN,63
381136,NaN,NaN,63
381140,NaN,NaN,63
381143,NaN,NaN,63
381146,NaN,NaN,63
381150,NaN,NaN,63
381153,NaN,NaN,63
381156,NaN,NaN,63
381160,NaN,NaN,63
381163,NaN,NaN,63
381166,NaN,NaN,63
381170,NaN,NaN,63
381173,NaN,NaN,63
381176,NaN,NaN,63
381180,NaN,NaN,63
381183,NaN,NaN,63
381186,NaN,NaN,63
381190,NaN,NaN,63
381193,NaN,NaN,63
381196,NaN,NaN,63
381200,1012.021735,823.7167801,63
381203,1004.05219,823.4117116,63
381206,1000.408439,818.1827163,63
381210,1007.435344,821.3814756,63
381213,991.28683,831.1625674,63
381216,996.4211835,827.4696135,63
381220,997.2666124,830.4002486,63
381223,970.0946473,826.8258044,63
381226,961.47055,821.9114858,63
381230,951.9341655,830.0247607,63
381233,971.6162554,823.477473,63
381236,NaN,NaN,63
381240,890.0549359,823.3662455,63
381243,893.8959368,828.9735813,63
381246,883.8821514,830.7409607,63
381250,884.5947076,830.2505784,63
381253,887.9767869,816.14016,63
381256,886.4124176,826.7167482,63
381260,887.9144578,822.6850914,63
381263,884.7570355,830.4134445,63
381266,891.2836539,827.1959023,63
381270,885.7724864,827.7606133,63
381273,886.4550376,828.3131684,63
381276,889.0061513,828.9115928,63
381280,882.6860164,828.2579429,63
381283,886.1439785,826.8682117,63
381286,876.9474667,828.6520327,63
381290,888.8324757,827.7745829,63
381293,888.3881623,831.5943132,63
381296,884.0305275,830.3858062,63
381300,880.4425057,832.367645,63
381303,893.7846342,832.9641086,63
381306,NaN,NaN,63
381310,NaN,NaN,63
381313,1025.441297,756.256168,63
381316,1065.962993,763.3362775,63
381320,1102.290453,730.4587869,63
381323,986.2647385,713.7334222,63
381326,1039.379331,685.2896187,63
381330,1214.423025,651.5660556,63
381333,1236.763747,484.7300472,63
381336,1284.886075,612.8338609,63
381340,1332.28118,603.4591192,63
381343,1411.795272,596.9548193,63
381346,1451.264608,583.6087658,63
381350,1480.858231,572.966601,63
381353,1485.011171,563.5050844,63
381356,1506.719636,569.3791945,63
381360,NaN,NaN,63
381363,NaN,NaN,63
381366,1509.576791,562.0059966,63
381370,1492.395847,562.3078943,63
381373,1488.902739,569.1372526,63
381376,1489.115101,566.9098705,63
381380,1505.36758,562.3257928,63
381383,1513.613916,561.6111633,63
381386,1518.019343,558.2208386,63
381390,NaN,NaN,63
381393,NaN,NaN,63
381396,1516.762466,556.7725108,63
381400,1510.361232,559.4491903,63
381403,NaN,NaN,63
381406,NaN,NaN,63
381410,1507.927066,564.6658001,63
381413,1505.358679,565.1833375,63
381416,NaN,NaN,63
381420,NaN,NaN,63
381423,1509.041408,565.1912608,63
381426,1509.219765,565.3784803,63
381430,NaN,NaN,63
381433,NaN,NaN,63
381436,1510.503767,562.8663104,63
381440,1508.30879,564.5978478,63
381443,1507.052095,562.1452378,63
381446,NaN,NaN,63
381450,NaN,NaN,63
381453,1510.551387,560.3935552,63
381456,1505.533725,563.0749799,63
381460,NaN,NaN,63
381463,NaN,NaN,63
381466,1505.653632,563.4277071,63
381470,1504.816906,565.2044868,63
381473,NaN,NaN,63
381476,NaN,NaN,63
381480,1508.845296,560.8134814,63
381483,1506.331005,562.7035874,63
381486,NaN,NaN,63
381490,NaN,NaN,63
381493,1506.77393,564.3121387,63
381496,1505.425156,565.4545337,63
381500,NaN,NaN,63
381503,NaN,NaN,63
381506,1508.584411,562.0925287,63
381510,1506.45858,564.5836338,63
381513,1509.757226,560.1066457,63
381516,NaN,NaN,63
381520,NaN,NaN,63
381523,1514.436599,565.0231231,63
381526,1508.580008,558.8013381,63
381530,NaN,NaN,63
381533,NaN,NaN,63
381536,NaN,NaN,63
381540,NaN,NaN,63
381543,NaN,NaN,63
381546,NaN,NaN,63
381550,NaN,NaN,63
381553,NaN,NaN,63
381556,NaN,NaN,63
381560,NaN,NaN,63
381563,NaN,NaN,63
381566,NaN,NaN,63
381570,NaN,NaN,63
381573,NaN,NaN,63
381576,NaN,NaN,63
381580,NaN,NaN,63
381583,1502.488255,555.9202821,63
381586,NaN,NaN,63
381590,NaN,NaN,63
381593,1507.420706,562.554848,63
381596,1503.646572,565.2333107,63
381600,1504.386982,560.9972397,63
381603,1511.825493,564.1139812,63
381606,1513.348354,563.3290953,63
381610,1511.832073,563.94135,63
381613,1505.861253,563.7066622,63
381616,1507.348403,564.4412559,63
381620,1509.369121,559.7044425,63
381623,1511.115282,562.9272537,63
381626,NaN,NaN,63
381630,NaN,NaN,63
381633,1505.779583,556.5909785,63
381636,NaN,NaN,63
381640,NaN,NaN,63
381643,NaN,NaN,63
381646,NaN,NaN,63
381650,NaN,NaN,63
381653,NaN,NaN,63
381656,NaN,NaN,63
381660,NaN,NaN,63
381663,1504.290761,552.2169894,63
381666,1507.936446,555.4205398,63
381670,NaN,NaN,63
381673,NaN,NaN,63
381676,NaN,NaN,63
381680,NaN,NaN,63
381683,1503.299034,550.9607935,63
381686,NaN,NaN,63
381690,NaN,NaN,63
381693,1509.487314,555.8053953,63
381696,1505.65537,564.3386585,63
381700,1508.582327,563.4815941,63
381703,1503.572566,560.4064846,63
381706,1506.389111,562.4955517,63
381710,1507.367165,561.3817159,63
381713,1504.746142,561.3380477,63
381716,1506.90461,556.4082847,63
381720,1508.912611,557.4233452,63
381723,1508.734197,566.0848467,63
381726,1505.267816,560.7713247,63
381730,1507.537187,560.1293347,63
381733,1500.367807,553.5924573,63
381736,1503.800611,551.5755137,63
381740,1502.83419,551.379746,63
381743,NaN,NaN,63
381746,NaN,NaN,63
381750,NaN,NaN,63
381753,NaN,NaN,63
381756,NaN,NaN,63
381760,NaN,NaN,63
385452,NaN,NaN,64
385456,NaN,NaN,64
385459,1112.552684,596.7942704,64
385462,1127.552435,596.3693719,64
385466,1113.786208,595.3375986,64
385469,1120.299161,597.4776637,64
385472,1115.363842,593.8713865,64
385476,1123.368076,595.0849983,64
385479,1105.504047,596.5592264,64
385482,1115.964918,599.9291736,64
385486,1117.872861,596.4948114,64
385489,NaN,NaN,64
385492,NaN,NaN,64
385496,NaN,NaN,64
385499,NaN,NaN,64
385502,NaN,NaN,64
385506,NaN,NaN,64
385509,NaN,NaN,64
385512,NaN,NaN,64
385516,NaN,NaN,64
385519,NaN,NaN,64
385522,NaN,NaN,64
385526,NaN,NaN,64
385529,NaN,NaN,64
385532,NaN,NaN,64
385536,1113.445472,596.6496538,64
385539,1086.879731,601.2714126,64
385542,1109.687295,602.3369859,64
385546,1093.03187,598.5315275,64
385549,1102.494279,600.8246399,64
385552,1084.748009,599.0030592,64
385556,1082.347659,600.9741585,64
385559,1083.952785,599.595043,64
385562,1101.096462,597.0066479,64
385566,NaN,NaN,64
385569,NaN,NaN,64
385572,NaN,NaN,64
385576,NaN,NaN,64
385579,NaN,NaN,64
385582,NaN,NaN,64
385586,NaN,NaN,64
385589,NaN,NaN,64
385592,NaN,NaN,64
385596,NaN,NaN,64
385599,NaN,NaN,64
385602,NaN,NaN,64
385606,NaN,NaN,64
385609,NaN,NaN,64
385612,1107.154661,599.3359547,64
385616,NaN,NaN,64
385619,NaN,NaN,64
385622,1129.397572,601.2576277,64
385626,1125.632598,606.0017706,64
385629,1136.129858,597.6788865,64
385632,1161.676276,598.5397752,64
385636,1162.613871,600.2685525,64
385639,1162.002437,595.0711728,64
385642,1109.162853,599.6926612,64
385646,NaN,NaN,64
385649,NaN,NaN,64
385652,NaN,NaN,64
385656,NaN,NaN,64
385659,NaN,NaN,64
385662,NaN,NaN,64
385666,NaN,NaN,64
385669,NaN,NaN,64
385672,NaN,NaN,64
385676,NaN,NaN,64
385679,NaN,NaN,64
385682,NaN,NaN,64
385686,NaN,NaN,64
385689,NaN,NaN,64
385692,NaN,NaN,64
385696,NaN,NaN,64
385699,NaN,NaN,64
385702,NaN,NaN,64
385706,NaN,NaN,64
385709,1045.516753,515.7457683,64
385712,1051.251245,514.9544488,64
385716,1049.234152,521.9957268,64
385719,1051.005332,520.3278963,64
385722,1050.496606,519.5988327,64
385726,1054.285987,519.3230515,64
385729,1053.541674,520.4291938,64
385732,1054.445395,522.1560948,64
385736,NaN,NaN,64
385739,NaN,NaN,64
385742,NaN,NaN,64
385746,NaN,NaN,64
385749,NaN,NaN,64
385752,NaN,NaN,64
385756,NaN,NaN,64
385759,NaN,NaN,64
385762,NaN,NaN,64
385766,NaN,NaN,64
385769,NaN,NaN,64
385772,NaN,NaN,64
385776,NaN,NaN,64
385779,NaN,NaN,64
385782,NaN,NaN,64
385786,NaN,NaN,64
385789,NaN,NaN,64
385792,1055.809444,519.8981709,64
385796,1056.279288,518.9945332,64
385799,NaN,NaN,64
385802,NaN,NaN,64
385806,1058.283728,516.8010407,64
385809,1059.401982,513.9795941,64
385812,1057.97105,520.8491707,64
385816,1054.141953,515.3466408,64
385819,1056.772694,518.5415941,64
385822,NaN,NaN,64
385826,NaN,NaN,64
385829,NaN,NaN,64
385832,NaN,NaN,64
385836,NaN,NaN,64
385839,NaN,NaN,64
385842,NaN,NaN,64
385846,NaN,NaN,64
385849,NaN,NaN,64
385852,NaN,NaN,64
385856,NaN,NaN,64
385859,NaN,NaN,64
385862,NaN,NaN,64
385866,NaN,NaN,64
385869,NaN,NaN,64
385872,NaN,NaN,64
385876,NaN,NaN,64
385879,NaN,NaN,64
385882,1119.143888,857.1237091,64
385886,NaN,NaN,64
385889,NaN,NaN,64
385892,1084.509538,867.7879838,64
385896,1091.034317,878.5263794,64
385899,NaN,NaN,64
385902,NaN,NaN,64
385906,1092.956926,897.4572717,64
385909,1117.644793,890.5051491,64
385912,1085.153193,886.8214335,64
385916,1113.460601,889.3022323,64
385919,NaN,NaN,64
385922,NaN,NaN,64
385926,NaN,NaN,64
385929,NaN,NaN,64
385932,NaN,NaN,64
385936,NaN,NaN,64
385939,NaN,NaN,64
385942,NaN,NaN,64
385946,NaN,NaN,64
385949,NaN,NaN,64
385952,NaN,NaN,64
385956,NaN,NaN,64
385959,NaN,NaN,64
385962,NaN,NaN,64
385966,NaN,NaN,64
385969,NaN,NaN,64
385972,NaN,NaN,64
385976,NaN,NaN,64
385979,NaN,NaN,64
385982,NaN,NaN,64
385986,NaN,NaN,64
385989,NaN,NaN,64
385992,NaN,NaN,64
385996,NaN,NaN,64
385999,NaN,NaN,64
386002,NaN,NaN,64
386006,1110.138261,883.2550849,64
386009,1109.09226,885.5811802,64
386012,1121.194969,883.8074089,64
386016,1111.083849,881.5422285,64
386019,1098.643707,884.1321925,64
386022,1093.236898,882.0806887,64
386026,1108.614537,884.6100299,64
386029,1086.062554,880.868258,64
386032,NaN,NaN,64
386036,NaN,NaN,64
386039,NaN,NaN,64
386042,NaN,NaN,64
386046,NaN,NaN,64
386049,NaN,NaN,64
386052,NaN,NaN,64
386056,NaN,NaN,64
386059,NaN,NaN,64
386062,NaN,NaN,64
386066,NaN,NaN,64
386069,NaN,NaN,64
386072,NaN,NaN,64
386076,NaN,NaN,64
386079,NaN,NaN,64
386082,NaN,NaN,64
386086,NaN,NaN,64
386089,NaN,NaN,64
386092,NaN,NaN,64
386096,NaN,NaN,64
386099,NaN,NaN,64
386102,NaN,NaN,64
386106,NaN,NaN,64
386109,NaN,NaN,64
386112,NaN,NaN,64
386116,NaN,NaN,64
386119,NaN,NaN,64
386122,NaN,NaN,64
386126,NaN,NaN,64
386129,NaN,NaN,64
386132,1035.950348,581.9745613,64
386136,1035.172076,545.3801538,64
386139,1047.119562,516.1599959,64
386142,1048.385842,505.3402096,64
386146,1071.016511,489.9152596,64
386149,1080.432754,480.7661743,64
386152,NaN,NaN,64
386156,NaN,NaN,64
386159,NaN,NaN,64
386162,NaN,NaN,64
386166,NaN,NaN,64
386169,NaN,NaN,64
386172,NaN,NaN,64
386176,NaN,NaN,64
386179,NaN,NaN,64
386182,NaN,NaN,64
386186,NaN,NaN,64
386189,NaN,NaN,64
386192,NaN,NaN,64
386196,NaN,NaN,64
386199,NaN,NaN,64
386202,NaN,NaN,64
386206,NaN,NaN,64
386209,NaN,NaN,64
386212,NaN,NaN,64
386216,NaN,NaN,64
386219,NaN,NaN,64
386222,NaN,NaN,64
386226,NaN,NaN,64
386229,NaN,NaN,64
386232,NaN,NaN,64
386236,NaN,NaN,64
386239,NaN,NaN,64
386242,987.7402096,475.6135401,64
386246,990.3404932,477.017274,64
386249,991.5923273,473.1261046,64
386252,NaN,NaN,64
386256,NaN,NaN,64
386259,989.2006662,475.4378727,64
386262,990.6190825,478.0826181,64
386266,993.9807664,473.9693919,64
386269,697.194774,353.2841231,64
386272,NaN,NaN,64
386276,NaN,NaN,64
386279,774.0206505,461.8846961,64
386282,785.4132375,458.3288851,64
386286,NaN,NaN,64
386289,NaN,NaN,64
386292,776.0753112,454.9832845,64
386296,NaN,NaN,64
386299,NaN,NaN,64
386302,781.4479144,473.3708147,64
386306,788.1758279,473.8191631,64
386309,993.2351009,476.4497587,64
386312,993.7679848,478.0216378,64
386316,991.4085758,476.3651489,64
386319,986.6238069,476.4962354,64
386322,990.5331811,482.7523667,64
386326,994.1231266,470.2538379,64
386329,988.3974724,474.6191247,64
386332,991.3351457,475.6750442,64
386336,993.090138,472.068602,64
386339,990.3843018,478.5451932,64
386342,993.2785602,477.2029962,64
386346,618.6948312,206.9692077,64
386349,NaN,NaN,64
386352,NaN,NaN,64
386356,775.307863,457.7515032,64
386359,NaN,NaN,64
386362,NaN,NaN,64
386366,NaN,NaN,64
386369,781.5441084,471.5148831,64
386372,782.1501898,456.788814,64
386376,NaN,NaN,64
386379,NaN,NaN,64
386382,NaN,NaN,64
386386,NaN,NaN,64
386389,NaN,NaN,64
386392,NaN,NaN,64
386396,NaN,NaN,64
386399,NaN,NaN,64
386402,NaN,NaN,64
386406,NaN,NaN,64
386409,NaN,NaN,64
386412,NaN,NaN,64
386416,NaN,NaN,64
386419,NaN,NaN,64
386422,NaN,NaN,64
386426,NaN,NaN,64
386429,NaN,NaN,64
386432,NaN,NaN,64
386436,NaN,NaN,64
386439,NaN,NaN,64
386442,NaN,NaN,64
386446,NaN,NaN,64
386449,NaN,NaN,64
386452,NaN,NaN,64
386456,1199.078245,800.9665309,64
386459,1113.959348,801.9880273,64
386462,1087.517059,815.3410854,64
386466,1106.403707,816.7256987,64
386469,1092.90623,811.1844542,64
386472,1113.614949,825.9937538,64
386476,1075.022384,808.0049524,64
386479,1078.307767,805.2212894,64
386482,1077.993583,812.9210527,64
386486,1049.6734,806.3747601,64
386489,NaN,NaN,64
386492,NaN,NaN,64
386496,NaN,NaN,64
386499,NaN,NaN,64
386502,NaN,NaN,64
386506,NaN,NaN,64
386509,NaN,NaN,64
386512,NaN,NaN,64
386516,NaN,NaN,64
386519,NaN,NaN,64
386522,NaN,NaN,64
386526,1081.053245,807.0720586,64
386529,1075.452389,709.0535594,64
386532,1077.795508,810.4150172,64
386536,1089.148179,809.5704843,64
386539,1142.999994,811.6153346,64
391838,NaN,NaN,65
391841,NaN,NaN,65
391845,NaN,NaN,65
391848,NaN,NaN,65
391851,NaN,NaN,65
391855,NaN,NaN,65
391858,NaN,NaN,65
391861,NaN,NaN,65
391865,NaN,NaN,65
391868,NaN,NaN,65
391871,NaN,NaN,65
391875,NaN,NaN,65
391878,NaN,NaN,65
391881,NaN,NaN,65
391885,NaN,NaN,65
391888,NaN,NaN,65
391891,NaN,NaN,65
391895,NaN,NaN,65
391898,NaN,NaN,65
391901,NaN,NaN,65
391905,NaN,NaN,65
391908,NaN,NaN,65
391911,NaN,NaN,65
391915,NaN,NaN,65
391918,NaN,NaN,65
391921,NaN,NaN,65
391925,NaN,NaN,65
391928,NaN,NaN,65
391931,NaN,NaN,65
391935,NaN,NaN,65
391938,NaN,NaN,65
391941,NaN,NaN,65
391945,NaN,NaN,65
391948,NaN,NaN,65
391951,NaN,NaN,65
391955,NaN,NaN,65
391958,NaN,NaN,65
391961,NaN,NaN,65
391965,NaN,NaN,65
391968,NaN,NaN,65
391971,NaN,NaN,65
391975,NaN,NaN,65
391978,NaN,NaN,65
391981,NaN,NaN,65
391985,NaN,NaN,65
391988,NaN,NaN,65
391991,NaN,NaN,65
391995,NaN,NaN,65
391998,NaN,NaN,65
392001,NaN,NaN,65
392005,NaN,NaN,65
392008,NaN,NaN,65
392011,NaN,NaN,65
392015,NaN,NaN,65
392018,NaN,NaN,65
392021,NaN,NaN,65
392025,NaN,NaN,65
392028,NaN,NaN,65
392031,NaN,NaN,65
392035,NaN,NaN,65
392038,NaN,NaN,65
392041,NaN,NaN,65
392045,NaN,NaN,65
392048,NaN,NaN,65
392051,NaN,NaN,65
392055,NaN,NaN,65
392058,NaN,NaN,65
392061,NaN,NaN,65
392065,NaN,NaN,65
392068,NaN,NaN,65
392071,NaN,NaN,65
392075,NaN,NaN,65
392078,NaN,NaN,65
392081,NaN,NaN,65
392085,NaN,NaN,65
392088,NaN,NaN,65
392091,NaN,NaN,65
392095,NaN,NaN,65
392098,NaN,NaN,65
392101,NaN,NaN,65
392105,NaN,NaN,65
392108,NaN,NaN,65
392111,NaN,NaN,65
392115,NaN,NaN,65
392118,NaN,NaN,65
392121,NaN,NaN,65
392125,NaN,NaN,65
392128,NaN,NaN,65
392131,NaN,NaN,65
392135,NaN,NaN,65
392138,NaN,NaN,65
392141,NaN,NaN,65
392145,NaN,NaN,65
392148,NaN,NaN,65
392151,NaN,NaN,65
392155,NaN,NaN,65
392158,NaN,NaN,65
392161,NaN,NaN,65
392165,1064.390167,750.7261036,65
392168,NaN,NaN,65
392171,NaN,NaN,65
392175,NaN,NaN,65
392178,NaN,NaN,65
392181,NaN,NaN,65
392185,NaN,NaN,65
392188,NaN,NaN,65
392191,NaN,NaN,65
392195,NaN,NaN,65
392198,NaN,NaN,65
392201,NaN,NaN,65
392205,NaN,NaN,65
392208,NaN,NaN,65
392211,NaN,NaN,65
392215,NaN,NaN,65
392218,NaN,NaN,65
392221,NaN,NaN,65
392225,NaN,NaN,65
392228,NaN,NaN,65
392231,NaN,NaN,65
392235,NaN,NaN,65
392238,NaN,NaN,65
392241,NaN,NaN,65
392245,NaN,NaN,65
392248,NaN,NaN,65
392251,NaN,NaN,65
392255,NaN,NaN,65
392258,NaN,NaN,65
392261,NaN,NaN,65
392265,NaN,NaN,65
392268,NaN,NaN,65
392271,NaN,NaN,65
392275,NaN,NaN,65
392278,NaN,NaN,65
392281,NaN,NaN,65
392285,NaN,NaN,65
392288,NaN,NaN,65
392291,NaN,NaN,65
392295,NaN,NaN,65
392298,NaN,NaN,65
392301,NaN,NaN,65
392305,NaN,NaN,65
392308,NaN,NaN,65
392311,NaN,NaN,65
392315,NaN,NaN,65
392318,NaN,NaN,65
392321,NaN,NaN,65
392325,NaN,NaN,65
392328,NaN,NaN,65
392331,NaN,NaN,65
392335,NaN,NaN,65
392338,NaN,NaN,65
392341,NaN,NaN,65
392345,NaN,NaN,65
392348,NaN,NaN,65
392351,NaN,NaN,65
392355,NaN,NaN,65
392358,NaN,NaN,65
392361,NaN,NaN,65
392365,NaN,NaN,65
392368,NaN,NaN,65
392371,NaN,NaN,65
392375,NaN,NaN,65
392378,NaN,NaN,65
392381,NaN,NaN,65
392385,NaN,NaN,65
392388,NaN,NaN,65
392391,NaN,NaN,65
392395,NaN,NaN,65
392398,NaN,NaN,65
392401,NaN,NaN,65
392405,NaN,NaN,65
392408,NaN,NaN,65
392411,NaN,NaN,65
392415,NaN,NaN,65
392418,NaN,NaN,65
392421,NaN,NaN,65
392425,NaN,NaN,65
392428,NaN,NaN,65
392431,NaN,NaN,65
392435,NaN,NaN,65
392438,NaN,NaN,65
392441,NaN,NaN,65
392445,NaN,NaN,65
392448,NaN,NaN,65
392451,NaN,NaN,65
392455,NaN,NaN,65
392458,NaN,NaN,65
392461,NaN,NaN,65
392465,NaN,NaN,65
392468,NaN,NaN,65
392471,NaN,NaN,65
392475,NaN,NaN,65
392478,NaN,NaN,65
392481,NaN,NaN,65
392485,NaN,NaN,65
392488,NaN,NaN,65
392491,NaN,NaN,65
392495,NaN,NaN,65
392498,NaN,NaN,65
392501,NaN,NaN,65
392505,NaN,NaN,65
392508,NaN,NaN,65
392511,NaN,NaN,65
392515,NaN,NaN,65
392518,NaN,NaN,65
392521,NaN,NaN,65
392525,NaN,NaN,65
392528,NaN,NaN,65
392531,NaN,NaN,65
392535,NaN,NaN,65
392538,NaN,NaN,65
392541,NaN,NaN,65
392545,NaN,NaN,65
392548,NaN,NaN,65
392551,NaN,NaN,65
392555,NaN,NaN,65
392558,NaN,NaN,65
392561,NaN,NaN,65
392565,NaN,NaN,65
392568,NaN,NaN,65
392571,NaN,NaN,65
392575,NaN,NaN,65
392578,NaN,NaN,65
392581,NaN,NaN,65
392585,NaN,NaN,65
392588,NaN,NaN,65
392591,NaN,NaN,65
392595,NaN,NaN,65
392598,NaN,NaN,65
392601,NaN,NaN,65
392605,NaN,NaN,65
392608,NaN,NaN,65
392611,NaN,NaN,65
392615,NaN,NaN,65
392618,NaN,NaN,65
392621,NaN,NaN,65
392625,NaN,NaN,65
392628,NaN,NaN,65
392631,NaN,NaN,65
392635,NaN,NaN,65
392638,NaN,NaN,65
392641,NaN,NaN,65
392645,NaN,NaN,65
392648,NaN,NaN,65
392651,NaN,NaN,65
392655,NaN,NaN,65
392658,NaN,NaN,65
392661,NaN,NaN,65
392665,NaN,NaN,65
392668,NaN,NaN,65
392671,NaN,NaN,65
392675,NaN,NaN,65
392678,NaN,NaN,65
392681,NaN,NaN,65
392685,NaN,NaN,65
392688,NaN,NaN,65
392691,NaN,NaN,65
392695,NaN,NaN,65
392698,NaN,NaN,65
392701,NaN,NaN,65
392705,NaN,NaN,65
392708,NaN,NaN,65
392711,NaN,NaN,65
392715,NaN,NaN,65
392718,NaN,NaN,65
392721,NaN,NaN,65
392725,NaN,NaN,65
392728,NaN,NaN,65
392731,NaN,NaN,65
392735,NaN,NaN,65
392738,NaN,NaN,65
392741,NaN,NaN,65
392745,NaN,NaN,65
392748,NaN,NaN,65
392751,NaN,NaN,65
392755,NaN,NaN,65
392758,NaN,NaN,65
392761,NaN,NaN,65
392765,NaN,NaN,65
392768,NaN,NaN,65
392771,NaN,NaN,65
392775,NaN,NaN,65
392778,NaN,NaN,65
392781,NaN,NaN,65
392785,NaN,NaN,65
392788,NaN,NaN,65
392791,NaN,NaN,65
392795,NaN,NaN,65
392798,NaN,NaN,65
392801,NaN,NaN,65
392805,NaN,NaN,65
392808,NaN,NaN,65
392811,NaN,NaN,65
392815,NaN,NaN,65
392818,NaN,NaN,65
392821,NaN,NaN,65
392825,NaN,NaN,65
392828,NaN,NaN,65
392831,NaN,NaN,65
392835,NaN,NaN,65
392838,NaN,NaN,65
392841,NaN,NaN,65
392845,NaN,NaN,65
392848,NaN,NaN,65
392851,NaN,NaN,65
392855,NaN,NaN,65
392858,NaN,NaN,65
392861,NaN,NaN,65
392865,NaN,NaN,65
392868,NaN,NaN,65
392871,NaN,NaN,65
392875,NaN,NaN,65
392878,NaN,NaN,65
392881,NaN,NaN,65
392885,NaN,NaN,65
392888,NaN,NaN,65
392891,NaN,NaN,65
392895,NaN,NaN,65
392898,NaN,NaN,65
392901,NaN,NaN,65
392905,NaN,NaN,65
392908,NaN,NaN,65
392911,NaN,NaN,65
392915,NaN,NaN,65
392918,NaN,NaN,65
392921,NaN,NaN,65
392925,NaN,NaN,65
392928,NaN,NaN,65
392931,NaN,NaN,65
392935,NaN,NaN,65
392938,NaN,NaN,65
392941,NaN,NaN,65
392945,NaN,NaN,65
392948,NaN,NaN,65
392951,NaN,NaN,65
392955,NaN,NaN,65
392958,NaN,NaN,65
392961,NaN,NaN,65
392965,NaN,NaN,65
392968,NaN,NaN,65
392971,NaN,NaN,65
392975,NaN,NaN,65
392978,NaN,NaN,65
392981,NaN,NaN,65
392985,NaN,NaN,65
392988,NaN,NaN,65
392991,NaN,NaN,65
392995,NaN,NaN,65
392998,NaN,NaN,65
393001,NaN,NaN,65
393005,NaN,NaN,65
393008,NaN,NaN,65
393011,NaN,NaN,65
393015,NaN,NaN,65
393018,NaN,NaN,65
393021,NaN,NaN,65
393025,NaN,NaN,65
393028,NaN,NaN,65
393031,NaN,NaN,65
393035,NaN,NaN,65
393038,NaN,NaN,65
393041,NaN,NaN,65
393045,NaN,NaN,65
393048,NaN,NaN,65
393051,NaN,NaN,65
393055,NaN,NaN,65
393058,NaN,NaN,65
393061,NaN,NaN,65
393065,NaN,NaN,65
393068,NaN,NaN,65
393071,NaN,NaN,65
393075,NaN,NaN,65
393078,NaN,NaN,65
393081,NaN,NaN,65
393085,NaN,NaN,65
393088,NaN,NaN,65
393091,NaN,NaN,65
393095,NaN,NaN,65
393098,NaN,NaN,65
393101,NaN,NaN,65
393105,NaN,NaN,65
393108,NaN,NaN,65
393111,NaN,NaN,65
393115,NaN,NaN,65
393118,NaN,NaN,65
393121,NaN,NaN,65
393125,NaN,NaN,65
393128,NaN,NaN,65
393131,NaN,NaN,65
393135,NaN,NaN,65
393138,NaN,NaN,65
393141,NaN,NaN,65
393145,NaN,NaN,65
393148,NaN,NaN,65
393151,NaN,NaN,65
393155,NaN,NaN,65
393158,NaN,NaN,65
393161,NaN,NaN,65
393165,NaN,NaN,65
393168,NaN,NaN,65
393171,NaN,NaN,65
393175,NaN,NaN,65
393178,NaN,NaN,65
393181,NaN,NaN,65
393185,NaN,NaN,65
393188,NaN,NaN,65
393191,NaN,NaN,65
393195,NaN,NaN,65
393198,NaN,NaN,65
393201,NaN,NaN,65
393205,NaN,NaN,65
393208,NaN,NaN,65
393211,NaN,NaN,65
393215,NaN,NaN,65
393218,NaN,NaN,65
393221,NaN,NaN,65
393225,NaN,NaN,65
393228,NaN,NaN,65
393231,NaN,NaN,65
393235,NaN,NaN,65
393238,NaN,NaN,65
393241,NaN,NaN,65
393245,NaN,NaN,65
393248,NaN,NaN,65
393251,NaN,NaN,65
393255,NaN,NaN,65
393258,NaN,NaN,65
393261,NaN,NaN,65
393265,NaN,NaN,65
393268,NaN,NaN,65
393271,NaN,NaN,65
393275,NaN,NaN,65
393278,NaN,NaN,65
393281,NaN,NaN,65
393285,NaN,NaN,65
393288,NaN,NaN,65
393291,NaN,NaN,65
393295,NaN,NaN,65
393298,NaN,NaN,65
396971,1278.975379,587.7633581,66
396974,1281.602385,587.5209977,66
396977,1274.820174,586.8782264,66
396981,1267.328392,588.8251421,66
396984,1183.786538,669.4511869,66
396987,1268.483378,588.6984808,66
396991,1275.002067,583.2593941,66
396994,1054.549173,756.7217966,66
396997,1259.642564,596.2798665,66
397001,1159.577051,673.7706093,66
397004,NaN,NaN,66
397007,NaN,NaN,66
397011,NaN,NaN,66
397014,NaN,NaN,66
397017,NaN,NaN,66
397021,NaN,NaN,66
397024,NaN,NaN,66
397027,NaN,NaN,66
397031,NaN,NaN,66
397034,NaN,NaN,66
397037,NaN,NaN,66
397041,1120.343333,754.7410949,66
397044,1187.296882,670.7566905,66
397047,1082.8781,747.9323221,66
397051,1190.919425,667.5122709,66
397054,1197.641981,659.1879106,66
397057,1094.251992,759.1953382,66
397061,1274.766426,590.1275059,66
397064,1108.000859,753.4701416,66
397067,1193.337361,671.0671675,66
397071,1165.488101,750.6175029,66
397074,1156.360636,758.4259822,66
397077,NaN,NaN,66
397081,NaN,NaN,66
397084,NaN,NaN,66
397087,NaN,NaN,66
397091,NaN,NaN,66
397094,NaN,NaN,66
397097,NaN,NaN,66
397101,NaN,NaN,66
397104,NaN,NaN,66
397107,NaN,NaN,66
397111,NaN,NaN,66
397114,1265.117402,594.0018065,66
397117,1259.239194,602.1433632,66
397121,1265.795602,590.5249598,66
397124,1256.197843,583.8312156,66
397127,1049.171531,762.3614594,66
397131,1097.54361,756.5106461,66
397134,1261.558167,598.7571661,66
397137,1049.51871,757.8794583,66
397141,1036.388923,762.8995779,66
397144,1050.06946,756.9069327,66
397147,1049.471751,757.4702692,66
397151,NaN,NaN,66
397154,NaN,NaN,66
397157,NaN,NaN,66
397161,NaN,NaN,66
397164,NaN,NaN,66
397167,NaN,NaN,66
397171,NaN,NaN,66
397174,NaN,NaN,66
397177,NaN,NaN,66
397181,NaN,NaN,66
397184,NaN,NaN,66
397187,1277.444688,587.5814394,66
397191,1047.882169,761.4890214,66
397194,1264.323482,596.0480988,66
397197,1161.915647,672.8479114,66
397201,1055.215489,763.6663558,66
397204,1049.808466,761.1878142,66
397207,1059.241279,760.0380144,66
397211,1046.5137,758.9158332,66
397214,1199.398723,761.1933763,66
397217,1174.625059,756.1461519,66
397221,1151.015326,747.5709923,66
397224,NaN,NaN,66
397227,NaN,NaN,66
397231,NaN,NaN,66
397234,NaN,NaN,66
397237,NaN,NaN,66
397241,NaN,NaN,66
397244,NaN,NaN,66
397247,NaN,NaN,66
397251,NaN,NaN,66
397254,NaN,NaN,66
397257,NaN,NaN,66
397261,NaN,NaN,66
397264,NaN,NaN,66
397267,NaN,NaN,66
397271,NaN,NaN,66
397274,NaN,NaN,66
397277,NaN,NaN,66
397281,NaN,NaN,66
397284,1086.699931,790.247014,66
397287,1084.509603,786.3539537,66
397291,1086.955965,786.4806364,66
397294,1101.198415,790.4871389,66
397297,1111.530842,798.2154096,66
397301,1110.278507,803.7180911,66
397304,1112.942382,799.7006355,66
397307,1104.681345,792.0131238,66
397311,1115.321777,795.3358687,66
397314,1108.598598,796.2250425,66
397317,NaN,NaN,66
397321,NaN,NaN,66
397324,NaN,NaN,66
397327,NaN,NaN,66
397331,NaN,NaN,66
397334,NaN,NaN,66
397337,NaN,NaN,66
397341,NaN,NaN,66
397344,NaN,NaN,66
397347,NaN,NaN,66
397351,NaN,NaN,66
397354,NaN,NaN,66
397357,NaN,NaN,66
397361,NaN,NaN,66
397364,NaN,NaN,66
397367,NaN,NaN,66
397371,NaN,NaN,66
397374,NaN,NaN,66
397377,NaN,NaN,66
397381,NaN,NaN,66
397384,NaN,NaN,66
397387,NaN,NaN,66
397391,1084.120616,797.8613317,66
397394,1080.004332,800.0707893,66
397397,1080.56239,795.3028859,66
397401,1085.244197,799.7330286,66
397404,1124.516638,794.8170343,66
397407,1058.458261,785.3506969,66
397411,1045.220678,764.1080905,66
397414,1085.96465,721.8255498,66
397417,1007.030778,690.9822517,66
397421,999.2848167,655.9831606,66
397424,NaN,NaN,66
397427,NaN,NaN,66
397431,NaN,NaN,66
397434,NaN,NaN,66
397437,NaN,NaN,66
397441,NaN,NaN,66
397444,NaN,NaN,66
397447,NaN,NaN,66
397451,NaN,NaN,66
397454,NaN,NaN,66
397457,NaN,NaN,66
397461,NaN,NaN,66
397464,NaN,NaN,66
397467,NaN,NaN,66
397471,NaN,NaN,66
397474,NaN,NaN,66
397477,NaN,NaN,66
397481,1025.272081,528.9905726,66
397484,1016.812109,531.4691265,66
397487,1009.143766,529.8032351,66
397491,1021.031576,534.2057558,66
397494,1026.321192,531.7389378,66
397497,1017.511316,532.6284823,66
397501,1018.849168,534.3736982,66
397504,1012.821159,532.831232,66
397507,1027.002138,534.2676753,66
397511,NaN,NaN,66
397514,NaN,NaN,66
397517,NaN,NaN,66
397521,NaN,NaN,66
397524,NaN,NaN,66
397527,NaN,NaN,66
397531,NaN,NaN,66
397534,NaN,NaN,66
397537,NaN,NaN,66
397541,NaN,NaN,66
397544,NaN,NaN,66
397547,NaN,NaN,66
397551,NaN,NaN,66
397554,NaN,NaN,66
397557,NaN,NaN,66
397561,NaN,NaN,66
397564,NaN,NaN,66
397567,NaN,NaN,66
397571,NaN,NaN,66
397574,NaN,NaN,66
397577,NaN,NaN,66
397581,NaN,NaN,66
397584,NaN,NaN,66
397587,1023.959098,529.6781232,66
397591,1028.952127,526.2464359,66
397594,1027.283841,526.0975388,66
397597,1025.00516,524.0619848,66
397601,1008.066162,531.2977614,66
397604,1006.644549,529.1571075,66
397607,959.3048454,536.3547688,66
397611,989.4757752,553.0523381,66
397614,1006.740213,583.2838273,66
397617,NaN,NaN,66
397621,NaN,NaN,66
397624,NaN,NaN,66
397627,NaN,NaN,66
397631,NaN,NaN,66
397634,NaN,NaN,66
397637,NaN,NaN,66
397641,NaN,NaN,66
397644,NaN,NaN,66
397647,NaN,NaN,66
397651,NaN,NaN,66
397654,NaN,NaN,66
397657,NaN,NaN,66
397661,NaN,NaN,66
397664,NaN,NaN,66
397667,NaN,NaN,66
397671,NaN,NaN,66
397674,NaN,NaN,66
397677,NaN,NaN,66
397681,NaN,NaN,66
397684,NaN,NaN,66
397687,NaN,NaN,66
397691,1136.824295,902.6059979,66
397694,1113.180365,897.0716872,66
397697,1137.724412,897.9316331,66
397701,NaN,NaN,66
397704,NaN,NaN,66
397707,NaN,NaN,66
397711,NaN,NaN,66
397714,NaN,NaN,66
397717,NaN,NaN,66
397721,NaN,NaN,66
397724,NaN,NaN,66
397727,NaN,NaN,66
397731,NaN,NaN,66
397734,NaN,NaN,66
397737,NaN,NaN,66
397741,NaN,NaN,66
397744,NaN,NaN,66
397747,NaN,NaN,66
397751,NaN,NaN,66
397754,NaN,NaN,66
397757,NaN,NaN,66
397761,NaN,NaN,66
397764,NaN,NaN,66
397767,NaN,NaN,66
397771,NaN,NaN,66
397774,NaN,NaN,66
397777,NaN,NaN,66
397781,NaN,NaN,66
397784,NaN,NaN,66
397787,NaN,NaN,66
397791,NaN,NaN,66
397794,NaN,NaN,66
397797,NaN,NaN,66
397801,NaN,NaN,66
397804,NaN,NaN,66
397807,NaN,NaN,66
397811,NaN,NaN,66
397814,NaN,NaN,66
397817,1132.726583,857.1702876,66
397821,1154.673486,902.0885029,66
397824,1151.879147,900.6228474,66
397827,1113.206147,836.822517,66
397831,1075.609391,817.3867032,66
397834,1152.783926,864.2978937,66
397837,1032.2681,855.3185482,66
397841,1069.858517,794.2963695,66
397844,1112.191775,864.7529001,66
397847,1200.985702,859.4802152,66
397851,NaN,NaN,66
397854,NaN,NaN,66
397857,NaN,NaN,66
397861,NaN,NaN,66
397864,NaN,NaN,66
397867,NaN,NaN,66
397871,NaN,NaN,66
397874,NaN,NaN,66
397877,NaN,NaN,66
397881,NaN,NaN,66
397884,NaN,NaN,66
397887,NaN,NaN,66
397891,NaN,NaN,66
397894,NaN,NaN,66
397897,NaN,NaN,66
397901,NaN,NaN,66
397904,NaN,NaN,66
397907,NaN,NaN,66
397911,NaN,NaN,66
397914,NaN,NaN,66
397917,NaN,NaN,66
397921,NaN,NaN,66
397924,NaN,NaN,66
397927,NaN,NaN,66
397931,NaN,NaN,66
397934,NaN,NaN,66
397937,NaN,NaN,66
397941,NaN,NaN,66
397944,NaN,NaN,66
397947,NaN,NaN,66
397951,NaN,NaN,66
397954,NaN,NaN,66
397957,NaN,NaN,66
397961,NaN,NaN,66
397964,NaN,NaN,66
397967,NaN,NaN,66
397971,1134.996544,864.7322146,66
397974,NaN,NaN,66
397977,NaN,NaN,66
397981,NaN,NaN,66
397984,NaN,NaN,66
397987,NaN,NaN,66
397991,NaN,NaN,66
397994,NaN,NaN,66
397997,NaN,NaN,66
398001,NaN,NaN,66
398004,NaN,NaN,66
398007,NaN,NaN,66
398011,NaN,NaN,66
398014,NaN,NaN,66
398017,NaN,NaN,66
398021,NaN,NaN,66
398024,NaN,NaN,66
398027,NaN,NaN,66
398031,NaN,NaN,66
398034,NaN,NaN,66
398037,NaN,NaN,66
398041,NaN,NaN,66
398044,NaN,NaN,66
398047,NaN,NaN,66
398051,NaN,NaN,66
398054,NaN,NaN,66
398057,NaN,NaN,66
398061,NaN,NaN,66
398064,1432.476491,601.6364639,66
398067,1482.900424,583.9169645,66
398071,NaN,NaN,66
398074,NaN,NaN,66
398077,NaN,NaN,66
398081,NaN,NaN,66
398084,NaN,NaN,66
398087,NaN,NaN,66
398091,NaN,NaN,66
398094,NaN,NaN,66
398097,NaN,NaN,66
398101,NaN,NaN,66
398104,NaN,NaN,66
398107,NaN,NaN,66
398111,NaN,NaN,66
398114,NaN,NaN,66
398117,NaN,NaN,66
398121,NaN,NaN,66
398124,NaN,NaN,66
398127,NaN,NaN,66
398131,NaN,NaN,66
398134,NaN,NaN,66
398137,NaN,NaN,66
398141,NaN,NaN,66
398144,NaN,NaN,66
398147,NaN,NaN,66
398151,NaN,NaN,66
398154,NaN,NaN,66
398157,NaN,NaN,66
398161,NaN,NaN,66
398164,NaN,NaN,66
398167,NaN,NaN,66
398171,NaN,NaN,66
398174,NaN,NaN,66
398177,NaN,NaN,66
398181,NaN,NaN,66
398184,NaN,NaN,66
398187,NaN,NaN,66
398191,NaN,NaN,66
398194,NaN,NaN,66
398197,NaN,NaN,66
398201,NaN,NaN,66
398204,NaN,NaN,66
398207,NaN,NaN,66
398211,NaN,NaN,66
398214,NaN,NaN,66
398217,NaN,NaN,66
398221,NaN,NaN,66
398224,NaN,NaN,66
398227,NaN,NaN,66
398231,NaN,NaN,66
398234,NaN,NaN,66
398237,NaN,NaN,66
398241,NaN,NaN,66
398244,NaN,NaN,66
398247,NaN,NaN,66
398251,NaN,NaN,66
398254,NaN,NaN,66
398257,NaN,NaN,66
398261,NaN,NaN,66
398264,NaN,NaN,66
398267,NaN,NaN,66
398271,NaN,NaN,66
398274,NaN,NaN,66
398277,NaN,NaN,66
398281,NaN,NaN,66
398284,NaN,NaN,66
398287,NaN,NaN,66
398291,NaN,NaN,66
398294,NaN,NaN,66
398297,NaN,NaN,66
398301,NaN,NaN,66
398304,NaN,NaN,66
398307,NaN,NaN,66
398311,NaN,NaN,66
398314,NaN,NaN,66
398317,NaN,NaN,66
398321,NaN,NaN,66
398324,NaN,NaN,66
398327,NaN,NaN,66
398331,NaN,NaN,66
398334,NaN,NaN,66
398337,NaN,NaN,66
398341,NaN,NaN,66
398344,NaN,NaN,66
398347,NaN,NaN,66
398351,NaN,NaN,66
398354,NaN,NaN,66
398357,NaN,NaN,66
398361,NaN,NaN,66
398364,NaN,NaN,66
398367,NaN,NaN,66
398371,NaN,NaN,66
398374,NaN,NaN,66
398377,NaN,NaN,66
398381,NaN,NaN,66
398384,NaN,NaN,66
398387,NaN,NaN,66
398391,NaN,NaN,66
398394,NaN,NaN,66
398397,NaN,NaN,66
398401,NaN,NaN,66
398404,NaN,NaN,66
398407,NaN,NaN,66
402073,NaN,NaN,67
402077,NaN,NaN,67
402080,NaN,NaN,67
402083,NaN,NaN,67
402087,NaN,NaN,67
402090,NaN,NaN,67
402093,NaN,NaN,67
402097,NaN,NaN,67
402100,NaN,NaN,67
402103,NaN,NaN,67
402107,NaN,NaN,67
402110,1064.02791,650.2690653,67
402113,1031.836626,672.6069716,67
402117,1053.873148,689.9132524,67
402120,966.9674938,720.9526247,67
402123,975.097864,734.5564901,67
402127,956.1406627,744.5835038,67
402130,NaN,NaN,67
402133,NaN,NaN,67
402137,NaN,NaN,67
402140,NaN,NaN,67
402143,NaN,NaN,67
402147,NaN,NaN,67
402150,NaN,NaN,67
402153,NaN,NaN,67
402157,NaN,NaN,67
402160,NaN,NaN,67
402163,NaN,NaN,67
402167,NaN,NaN,67
402170,NaN,NaN,67
402173,NaN,NaN,67
402177,NaN,NaN,67
402180,NaN,NaN,67
402183,NaN,NaN,67
402187,NaN,NaN,67
402190,NaN,NaN,67
402193,NaN,NaN,67
402197,NaN,NaN,67
402200,NaN,NaN,67
402203,NaN,NaN,67
402207,NaN,NaN,67
402210,NaN,NaN,67
402213,NaN,NaN,67
402217,NaN,NaN,67
402220,NaN,NaN,67
402223,NaN,NaN,67
402227,NaN,NaN,67
402230,NaN,NaN,67
402233,NaN,NaN,67
402237,NaN,NaN,67
402240,NaN,NaN,67
402243,NaN,NaN,67
402247,NaN,NaN,67
402250,NaN,NaN,67
402253,NaN,NaN,67
402257,NaN,NaN,67
402260,NaN,NaN,67
402263,NaN,NaN,67
402267,NaN,NaN,67
402270,NaN,NaN,67
402273,NaN,NaN,67
402277,NaN,NaN,67
402280,NaN,NaN,67
402283,NaN,NaN,67
402287,NaN,NaN,67
402290,NaN,NaN,67
402293,NaN,NaN,67
402297,NaN,NaN,67
402300,NaN,NaN,67
402303,NaN,NaN,67
402307,NaN,NaN,67
402310,NaN,NaN,67
402313,NaN,NaN,67
402317,NaN,NaN,67
402320,NaN,NaN,67
402323,NaN,NaN,67
402327,NaN,NaN,67
402330,NaN,NaN,67
402333,NaN,NaN,67
402337,NaN,NaN,67
402340,NaN,NaN,67
402343,NaN,NaN,67
402347,NaN,NaN,67
402350,NaN,NaN,67
402353,NaN,NaN,67
402357,NaN,NaN,67
402360,NaN,NaN,67
402363,NaN,NaN,67
402367,1165.354396,877.7947828,67
402370,1143.94293,877.7940672,67
402373,NaN,NaN,67
402377,NaN,NaN,67
402380,1198.939732,880.3053942,67
402383,1129.583238,879.9119972,67
402387,1157.811309,880.5604629,67
402390,1164.110523,882.4067546,67
402393,1159.030105,880.2272562,67
402397,NaN,NaN,67
402400,NaN,NaN,67
402403,NaN,NaN,67
402407,NaN,NaN,67
402410,NaN,NaN,67
402413,NaN,NaN,67
402417,NaN,NaN,67
402420,NaN,NaN,67
402423,NaN,NaN,67
402427,NaN,NaN,67
402430,NaN,NaN,67
402433,NaN,NaN,67
402437,NaN,NaN,67
402440,NaN,NaN,67
402443,NaN,NaN,67
402447,NaN,NaN,67
402450,NaN,NaN,67
402453,NaN,NaN,67
402457,NaN,NaN,67
402460,NaN,NaN,67
402463,NaN,NaN,67
402467,NaN,NaN,67
402470,NaN,NaN,67
402473,NaN,NaN,67
402477,1149.579886,839.0368493,67
402480,NaN,NaN,67
402483,NaN,NaN,67
402487,NaN,NaN,67
402490,NaN,NaN,67
402493,NaN,NaN,67
402497,NaN,NaN,67
402500,NaN,NaN,67
402503,NaN,NaN,67
402507,NaN,NaN,67
402510,NaN,NaN,67
402513,NaN,NaN,67
402517,NaN,NaN,67
402520,NaN,NaN,67
402523,NaN,NaN,67
402527,NaN,NaN,67
402530,NaN,NaN,67
402533,NaN,NaN,67
402537,NaN,NaN,67
402540,NaN,NaN,67
402543,NaN,NaN,67
402547,NaN,NaN,67
402550,NaN,NaN,67
402553,NaN,NaN,67
402557,NaN,NaN,67
402560,NaN,NaN,67
402563,NaN,NaN,67
402567,NaN,NaN,67
402570,NaN,NaN,67
402573,NaN,NaN,67
402577,NaN,NaN,67
402580,NaN,NaN,67
402583,NaN,NaN,67
402587,NaN,NaN,67
402590,NaN,NaN,67
402593,NaN,NaN,67
402597,NaN,NaN,67
402600,NaN,NaN,67
402603,NaN,NaN,67
402607,NaN,NaN,67
402610,1006.390248,643.0261165,67
402613,1008.001847,649.8854316,67
402617,993.8677668,652.3905896,67
402620,1023.231525,647.3319289,67
402623,1036.597208,645.3427095,67
402627,1051.91916,651.3909664,67
402630,1054.256485,644.6104959,67
402633,1052.495616,646.7714748,67
402637,1036.511803,650.7251506,67
402640,NaN,NaN,67
402643,NaN,NaN,67
402647,NaN,NaN,67
402650,NaN,NaN,67
402653,NaN,NaN,67
402657,NaN,NaN,67
402660,NaN,NaN,67
402663,NaN,NaN,67
402667,NaN,NaN,67
402670,NaN,NaN,67
402673,NaN,NaN,67
402677,NaN,NaN,67
402680,NaN,NaN,67
402683,NaN,NaN,67
402687,NaN,NaN,67
402690,NaN,NaN,67
402693,NaN,NaN,67
402697,NaN,NaN,67
402700,NaN,NaN,67
402703,1019.673718,651.479722,67
402707,1030.312018,652.4013934,67
402710,1021.223391,645.0761013,67
402713,NaN,NaN,67
402717,NaN,NaN,67
402720,NaN,NaN,67
402723,NaN,NaN,67
402727,NaN,NaN,67
402730,NaN,NaN,67
402733,NaN,NaN,67
402737,NaN,NaN,67
402740,NaN,NaN,67
402743,NaN,NaN,67
402747,NaN,NaN,67
402750,NaN,NaN,67
402753,NaN,NaN,67
402757,NaN,NaN,67
402760,NaN,NaN,67
402763,NaN,NaN,67
402767,NaN,NaN,67
402770,NaN,NaN,67
402773,NaN,NaN,67
402777,NaN,NaN,67
402780,NaN,NaN,67
402783,NaN,NaN,67
402787,NaN,NaN,67
402790,NaN,NaN,67
402793,NaN,NaN,67
402797,NaN,NaN,67
402800,NaN,NaN,67
402803,NaN,NaN,67
402807,NaN,NaN,67
402810,NaN,NaN,67
402813,NaN,NaN,67
402817,NaN,NaN,67
402820,NaN,NaN,67
402823,NaN,NaN,67
402827,NaN,NaN,67
402830,NaN,NaN,67
402833,1162.309927,856.1468231,67
402837,1192.610675,860.6176638,67
402840,NaN,NaN,67
402843,NaN,NaN,67
402847,1155.09142,856.4542996,67
402850,1154.835424,867.2203834,67
402853,NaN,NaN,67
402857,NaN,NaN,67
402860,1152.049866,864.1530503,67
402863,1155.971491,859.0911026,67
402867,NaN,NaN,67
402870,NaN,NaN,67
402873,NaN,NaN,67
402877,NaN,NaN,67
402880,NaN,NaN,67
406573,842.9786494,688.1659064,68
406576,NaN,NaN,68
406579,NaN,NaN,68
406583,NaN,NaN,68
406586,NaN,NaN,68
406589,NaN,NaN,68
406593,NaN,NaN,68
406596,NaN,NaN,68
406599,NaN,NaN,68
406603,NaN,NaN,68
406606,NaN,NaN,68
406609,NaN,NaN,68
406613,NaN,NaN,68
406616,NaN,NaN,68
406619,NaN,NaN,68
406623,NaN,NaN,68
406626,1034.606972,670.2084763,68
406629,1024.221684,674.7574418,68
406633,1064.746897,677.1115456,68
406636,1046.894821,677.2318206,68
406639,1095.624366,676.2461557,68
406643,1062.053789,676.6898238,68
406646,1041.256061,676.9064392,68
406649,1029.360638,677.6600911,68
406653,1014.976983,674.9833789,68
406656,1017.582021,678.0798927,68
406659,NaN,NaN,68
406663,NaN,NaN,68
406666,NaN,NaN,68
406669,NaN,NaN,68
406673,NaN,NaN,68
406676,NaN,NaN,68
406679,NaN,NaN,68
406683,NaN,NaN,68
406686,NaN,NaN,68
406689,NaN,NaN,68
406693,NaN,NaN,68
406696,NaN,NaN,68
406699,NaN,NaN,68
406703,NaN,NaN,68
406706,NaN,NaN,68
406709,NaN,NaN,68
406713,NaN,NaN,68
406716,NaN,NaN,68
406719,1038.188934,682.5822796,68
406723,1018.241938,676.0626138,68
406726,1005.224304,681.2261569,68
406729,1056.672366,679.9954032,68
406733,1036.532128,679.490509,68
406736,1061.407772,679.4208253,68
406739,1017.052937,683.2470934,68
406743,1033.997866,681.2706731,68
406746,1009.782476,677.02205,68
406749,1014.963373,677.0118017,68
406753,NaN,NaN,68
406756,NaN,NaN,68
406759,NaN,NaN,68
406763,NaN,NaN,68
406766,NaN,NaN,68
406769,NaN,NaN,68
406773,NaN,NaN,68
406776,NaN,NaN,68
406779,NaN,NaN,68
406783,NaN,NaN,68
406786,NaN,NaN,68
406789,NaN,NaN,68
406793,NaN,NaN,68
406796,NaN,NaN,68
406799,NaN,NaN,68
406803,NaN,NaN,68
406806,NaN,NaN,68
406809,NaN,NaN,68
406813,NaN,NaN,68
406816,NaN,NaN,68
406819,NaN,NaN,68
406823,1129.55908,871.3727526,68
406826,1132.10748,883.5688457,68
406829,1128.740427,891.6406233,68
406833,1140.863024,893.8822131,68
406836,1082.394618,904.4200937,68
406839,NaN,NaN,68
406843,NaN,NaN,68
406846,NaN,NaN,68
406849,1121.797403,905.2045151,68
406853,NaN,NaN,68
406856,NaN,NaN,68
406859,NaN,NaN,68
406863,NaN,NaN,68
406866,NaN,NaN,68
406869,NaN,NaN,68
406873,NaN,NaN,68
406876,NaN,NaN,68
406879,NaN,NaN,68
406883,NaN,NaN,68
406886,NaN,NaN,68
406889,NaN,NaN,68
406893,NaN,NaN,68
406896,NaN,NaN,68
406899,NaN,NaN,68
406903,NaN,NaN,68
406906,NaN,NaN,68
406909,NaN,NaN,68
406913,NaN,NaN,68
406916,NaN,NaN,68
406919,NaN,NaN,68
406923,NaN,NaN,68
406926,NaN,NaN,68
406929,NaN,NaN,68
406933,NaN,NaN,68
406936,1133.118003,903.293132,68
406939,NaN,NaN,68
406943,NaN,NaN,68
406946,NaN,NaN,68
406949,NaN,NaN,68
406953,NaN,NaN,68
406956,NaN,NaN,68
406959,NaN,NaN,68
406963,NaN,NaN,68
406966,NaN,NaN,68
406969,NaN,NaN,68
406973,1131.262455,903.0960091,68
406976,1112.389038,903.9152896,68
406979,1129.918917,900.5596857,68
406983,1159.438728,900.8845113,68
406986,NaN,NaN,68
406989,NaN,NaN,68
406993,NaN,NaN,68
406996,NaN,NaN,68
406999,864.0894302,797.5789145,68
407003,773.0213581,637.6442824,68
407006,829.0535362,740.5378341,68
407009,787.3295041,714.8518221,68
407013,842.4269353,698.7579884,68
407016,891.7861131,685.152696,68
407019,854.3386435,661.9967965,68
407023,749.1919675,642.873721,68
407026,418.9662799,416.4103115,68
407029,415.9694302,542.5652799,68
407033,389.6878557,516.0499206,68
407036,384.1635856,516.990277,68
407039,359.1119046,484.0522661,68
407043,357.6523787,474.9714609,68
407046,358.7139957,464.8547687,68
407049,361.6048796,467.0360384,68
407053,391.3695711,482.050093,68
407056,390.1674253,492.0130347,68
407059,361.3604467,489.6458393,68
407063,360.4098671,481.4025682,68
407066,348.7713706,474.035482,68
407069,344.4562339,468.2613103,68
407073,379.8342359,477.668363,68
407076,379.1525928,486.0921783,68
407079,373.7405607,477.0175641,68
407083,386.0155091,500.4996973,68
407086,388.1378405,482.7100145,68
407089,384.9617399,489.3827731,68
407093,396.9991717,493.9893053,68
407096,382.553597,479.4038194,68
407099,391.5696823,483.5546955,68
407103,391.1485469,489.1779597,68
407106,394.4321542,489.9205938,68
407109,386.8617043,493.8226698,68
407113,378.4922019,473.458853,68
407116,385.1582975,493.3573509,68
407119,358.7988208,482.3062711,68
407123,356.1104343,479.3715568,68
407126,356.6669511,479.4205283,68
407129,358.4204466,480.1271386,68
407133,359.5549399,480.4072293,68
407136,354.8292258,478.5108398,68
407139,362.550306,481.8887729,68
407143,359.8778354,475.3415456,68
407146,359.6471538,479.4899664,68
407149,354.2116733,477.620831,68
407153,362.8256177,483.255373,68
407156,360.1212773,482.6928448,68
407159,391.4268337,487.7642027,68
407163,355.3434605,477.0194584,68
407166,361.1884776,480.2979829,68
407169,367.8378094,482.0402407,68
407173,357.2324479,479.0746604,68
407176,356.7758757,484.3584255,68
407179,353.807858,481.4762627,68
407183,355.4364169,477.6698518,68
407186,352.2296656,472.2671556,68
407189,358.7321037,478.0450589,68
407193,361.6340412,483.6622774,68
407196,356.1329162,476.1967329,68
407199,354.2398602,471.9772604,68
407203,357.7857298,479.8365032,68
407206,356.3908258,473.936777,68
407209,355.2370184,471.1489386,68
407213,358.752125,477.39532,68
407216,357.8130283,472.2386041,68
407219,358.4002031,479.93423,68
407223,351.9798211,477.1830468,68
407226,348.0127274,486.4891092,68
407229,356.7571844,481.5723516,68
407233,349.9861728,484.1239896,68
407236,362.8886025,478.8298032,68
407239,362.9483009,487.3580895,68
407243,353.0646317,475.0744465,68
407246,357.419971,482.1503368,68
407249,354.7083372,483.2867758,68
407253,356.2566309,478.1743944,68
407256,354.8238848,477.6953249,68
407259,353.459525,472.192646,68
407263,357.07298,476.1808746,68
407266,354.364542,473.4837056,68
407269,354.8924141,475.4523313,68
407273,349.3105899,477.6531009,68
407276,351.6401874,472.6684188,68
407279,355.0900019,471.0475889,68
407283,352.4669835,484.693992,68
407286,345.1753024,474.3295213,68
407289,350.8212856,474.1581116,68
407293,351.6070792,476.9190369,68
407296,353.6236612,478.054798,68
407299,352.9896051,478.9192244,68
407303,358.1441285,484.8892608,68
407306,350.8784108,481.478947,68
407309,352.9908744,470.1263705,68
407313,350.579347,475.0648097,68
407316,352.7476008,483.0653911,68
407319,350.1295921,477.8726737,68
407323,355.0276239,476.808363,68
407326,349.8052225,473.929823,68
407329,358.0486342,478.2693257,68
407333,348.8159841,486.4974862,68
407336,352.0041329,480.3885768,68
407339,350.9529288,486.7526833,68
407343,379.1752276,489.5627853,68
407346,359.1359702,478.0486669,68
407349,382.742765,503.715937,68
407353,384.9103573,490.8094525,68
407356,353.7440921,477.5408072,68
407359,349.0156692,473.177841,68
407363,354.2677752,479.3846261,68
407366,349.1361466,474.5243919,68
407369,369.9851297,487.3947714,68
407373,356.8300817,479.7141823,68
407376,353.9572817,478.5366382,68
407379,347.0187068,477.4865773,68
407383,349.0303644,479.5089565,68
407386,349.1225797,477.1757475,68
407389,349.5452721,474.9610277,68
407393,357.806862,483.3310313,68
407396,359.2619362,485.7355155,68
407399,353.1867528,481.4772893,68
407403,358.9759772,477.6680338,68
407406,357.1990693,482.1361966,68
407409,354.5410547,480.5542242,68
407413,356.264255,485.3669635,68
407416,353.3493113,480.1125937,68
407419,356.0947227,480.0779262,68
407423,356.2310266,476.1617522,68
407426,355.23554,476.434685,68
407429,353.0145228,482.7071027,68
407433,357.320588,480.5035393,68
407436,353.9274262,479.0675358,68
407439,354.2858494,484.5514751,68
407443,354.4922618,490.9271218,68
407446,355.7212826,473.3698542,68
407449,350.9755434,469.3728254,68
407453,355.14648,483.9668635,68
407456,345.3516763,479.3060795,68
407459,351.6916875,480.4148214,68
407463,345.8885239,471.533996,68
407466,356.3184565,486.9312216,68
407469,415.6786701,525.9301507,68
407473,562.7242222,584.1601172,68
407476,NaN,NaN,68
407479,NaN,NaN,68
407483,717.0783165,685.6422746,68
407486,651.7952389,719.5346543,68
407489,719.694482,750.4660764,68
407493,772.2334003,780.0810496,68
407496,946.0559278,797.8704181,68
407499,809.2914685,828.7562051,68
407503,NaN,NaN,68
407506,NaN,NaN,68
407509,NaN,NaN,68
407513,NaN,NaN,68
407516,NaN,NaN,68
407519,NaN,NaN,68
407523,NaN,NaN,68
407526,NaN,NaN,68
407529,NaN,NaN,68
407533,NaN,NaN,68
407536,NaN,NaN,68
407539,NaN,NaN,68
407543,NaN,NaN,68
407546,NaN,NaN,68
407549,NaN,NaN,68
407553,NaN,NaN,68
407556,NaN,NaN,68
407559,NaN,NaN,68
407563,NaN,NaN,68
407566,NaN,NaN,68
407569,NaN,NaN,68
407573,NaN,NaN,68
407576,NaN,NaN,68
407579,NaN,NaN,68
407583,NaN,NaN,68
407586,NaN,NaN,68
407589,NaN,NaN,68
407593,NaN,NaN,68
407596,NaN,NaN,68
407599,NaN,NaN,68
407603,NaN,NaN,68
407606,NaN,NaN,68
407609,1101.467714,853.0613502,68
407613,1125.712876,848.9848728,68
407616,1111.389893,854.7511787,68
407619,NaN,NaN,68
407623,NaN,NaN,68
407626,NaN,NaN,68
407629,NaN,NaN,68
407633,NaN,NaN,68
407636,NaN,NaN,68
407639,NaN,NaN,68
407643,NaN,NaN,68
407646,NaN,NaN,68
407649,NaN,NaN,68
407653,NaN,NaN,68
407656,NaN,NaN,68
407659,NaN,NaN,68
407663,NaN,NaN,68
407666,NaN,NaN,68
407669,NaN,NaN,68
407673,NaN,NaN,68
407676,NaN,NaN,68
407679,NaN,NaN,68
407683,NaN,NaN,68
407686,NaN,NaN,68
407689,NaN,NaN,68
407693,NaN,NaN,68
407696,NaN,NaN,68
407699,NaN,NaN,68
407703,NaN,NaN,68
407706,NaN,NaN,68
407709,NaN,NaN,68
407713,1115.241248,880.4496639,68
407716,1105.437291,878.121952,68
407719,1074.942018,870.2403407,68
407723,1109.861891,874.2648173,68
407726,1087.453775,885.8015333,68
407729,1123.560975,877.8472443,68
412609,NaN,NaN,69
412612,1192.518998,760.2134595,69
412615,1192.171066,764.8200942,69
412619,1339.59406,776.3125051,69
412622,NaN,NaN,69
412625,NaN,NaN,69
412629,NaN,NaN,69
412632,NaN,NaN,69
412635,NaN,NaN,69
412639,1226.716123,773.1951517,69
412642,NaN,NaN,69
412645,NaN,NaN,69
412649,NaN,NaN,69
412652,NaN,NaN,69
412655,NaN,NaN,69
412659,NaN,NaN,69
412662,NaN,NaN,69
412665,NaN,NaN,69
412669,NaN,NaN,69
412672,NaN,NaN,69
412675,NaN,NaN,69
412679,NaN,NaN,69
412682,NaN,NaN,69
412685,NaN,NaN,69
412689,NaN,NaN,69
412692,NaN,NaN,69
412695,NaN,NaN,69
412699,NaN,NaN,69
412702,NaN,NaN,69
412705,NaN,NaN,69
412709,NaN,NaN,69
412712,NaN,NaN,69
412715,NaN,NaN,69
412719,NaN,NaN,69
412722,NaN,NaN,69
412725,1221.250062,767.8084528,69
412729,1222.896488,764.7985598,69
412732,1220.293375,764.6887041,69
412735,1229.451242,760.9202501,69
412739,1225.978282,768.4647443,69
412742,1221.270945,765.5953371,69
412745,1224.78382,766.9750602,69
412749,1227.03298,766.5015505,69
412752,1222.706507,767.1412088,69
412755,NaN,NaN,69
412759,NaN,NaN,69
412762,NaN,NaN,69
412765,NaN,NaN,69
412769,NaN,NaN,69
412772,NaN,NaN,69
412775,NaN,NaN,69
412779,NaN,NaN,69
412782,NaN,NaN,69
412785,NaN,NaN,69
412789,NaN,NaN,69
412792,NaN,NaN,69
412795,NaN,NaN,69
412799,NaN,NaN,69
412802,NaN,NaN,69
412805,NaN,NaN,69
412809,NaN,NaN,69
412812,NaN,NaN,69
412815,NaN,NaN,69
412819,NaN,NaN,69
412822,NaN,NaN,69
412825,NaN,NaN,69
412829,NaN,NaN,69
412832,1211.663929,769.4002047,69
412835,NaN,NaN,69
412839,NaN,NaN,69
412842,NaN,NaN,69
412845,NaN,NaN,69
412849,NaN,NaN,69
412852,1147.205447,870.8050049,69
412855,1173.172046,878.5751719,69
412859,NaN,NaN,69
412862,NaN,NaN,69
412865,1125.971707,862.9366326,69
412869,1153.10664,855.1868484,69
412872,NaN,NaN,69
412875,NaN,NaN,69
412879,NaN,NaN,69
412882,NaN,NaN,69
412885,NaN,NaN,69
412889,NaN,NaN,69
412892,NaN,NaN,69
412895,NaN,NaN,69
412899,NaN,NaN,69
412902,NaN,NaN,69
412905,NaN,NaN,69
412909,NaN,NaN,69
412912,NaN,NaN,69
412915,NaN,NaN,69
412919,NaN,NaN,69
412922,NaN,NaN,69
412925,NaN,NaN,69
412929,NaN,NaN,69
412932,NaN,NaN,69
412935,NaN,NaN,69
412939,NaN,NaN,69
412942,NaN,NaN,69
412945,NaN,NaN,69
412949,NaN,NaN,69
412952,NaN,NaN,69
412955,NaN,NaN,69
412959,1130.32657,868.4556558,69
412962,1181.144987,816.2604754,69
412965,1163.214301,870.971542,69
412969,1151.232455,872.838839,69
412972,NaN,NaN,69
412975,NaN,NaN,69
412979,1181.368982,870.8774961,69
412982,1144.311477,803.9717329,69
412985,NaN,NaN,69
412989,NaN,NaN,69
412992,NaN,NaN,69
412995,NaN,NaN,69
412999,NaN,NaN,69
413002,NaN,NaN,69
413005,NaN,NaN,69
413009,NaN,NaN,69
413012,NaN,NaN,69
413015,NaN,NaN,69
413019,NaN,NaN,69
413022,NaN,NaN,69
413025,NaN,NaN,69
413029,NaN,NaN,69
413032,NaN,NaN,69
413035,NaN,NaN,69
413038,NaN,NaN,69
413042,NaN,NaN,69
413045,NaN,NaN,69
413049,NaN,NaN,69
413052,NaN,NaN,69
413055,NaN,NaN,69
413059,NaN,NaN,69
413062,NaN,NaN,69
413065,NaN,NaN,69
413068,NaN,NaN,69
413072,1145.008852,613.2109241,69
413075,NaN,NaN,69
413079,NaN,NaN,69
413082,1142.988095,561.0128981,69
413085,1144.351806,564.2482136,69
413089,1159.263244,560.9557273,69
413092,1163.079035,549.5744851,69
413095,1163.732633,548.4604689,69
413099,NaN,NaN,69
413102,NaN,NaN,69
413105,NaN,NaN,69
413109,NaN,NaN,69
413112,NaN,NaN,69
413115,NaN,NaN,69
413118,NaN,NaN,69
413122,NaN,NaN,69
413125,NaN,NaN,69
413129,NaN,NaN,69
413132,NaN,NaN,69
413135,NaN,NaN,69
413139,NaN,NaN,69
413142,NaN,NaN,69
413145,NaN,NaN,69
413149,NaN,NaN,69
413152,NaN,NaN,69
413155,NaN,NaN,69
413159,NaN,NaN,69
413162,NaN,NaN,69
413165,NaN,NaN,69
413169,NaN,NaN,69
413172,NaN,NaN,69
413175,1161.129571,553.2464163,69
413179,1161.180343,541.0725377,69
413182,NaN,NaN,69
413185,NaN,NaN,69
413189,NaN,NaN,69
413192,NaN,NaN,69
413195,NaN,NaN,69
413198,NaN,NaN,69
413202,1314.083693,396.4941361,69
413205,1308.45844,408.3429943,69
413209,1306.423425,402.4187256,69
413212,1159.818059,547.8702559,69
413215,NaN,NaN,69
413218,NaN,NaN,69
413222,NaN,NaN,69
413225,NaN,NaN,69
413228,NaN,NaN,69
413232,NaN,NaN,69
413235,NaN,NaN,69
413238,NaN,NaN,69
413242,NaN,NaN,69
413245,NaN,NaN,69
413249,NaN,NaN,69
413252,NaN,NaN,69
413255,NaN,NaN,69
413258,NaN,NaN,69
413262,NaN,NaN,69
413265,NaN,NaN,69
413268,NaN,NaN,69
413272,NaN,NaN,69
413275,1156.223245,548.4869551,69
413279,1150.385731,548.9721527,69
413282,1310.50369,388.9814764,69
413285,1306.143355,400.5617984,69
413288,1164.351292,540.8732913,69
413292,1164.180781,537.5606049,69
413295,NaN,NaN,69
413298,NaN,NaN,69
413302,NaN,NaN,69
413305,NaN,NaN,69
413308,NaN,NaN,69
413312,NaN,NaN,69
413315,NaN,NaN,69
413318,NaN,NaN,69
413322,NaN,NaN,69
413325,NaN,NaN,69
413328,NaN,NaN,69
413332,NaN,NaN,69
413335,NaN,NaN,69
413338,NaN,NaN,69
413342,NaN,NaN,69
413345,NaN,NaN,69
413348,NaN,NaN,69
413352,NaN,NaN,69
413355,NaN,NaN,69
413358,NaN,NaN,69
413362,NaN,NaN,69
413365,NaN,NaN,69
413368,NaN,NaN,69
413372,NaN,NaN,69
413375,1305.939255,394.5830155,69
413378,1155.290573,551.2740292,69
413382,1306.350419,398.6324167,69
413385,1309.032852,393.8275821,69
413388,1160.405886,543.0354613,69
413392,NaN,NaN,69
413395,NaN,NaN,69
413398,NaN,NaN,69
413402,NaN,NaN,69
413405,NaN,NaN,69
413408,NaN,NaN,69
413412,NaN,NaN,69
413415,NaN,NaN,69
413418,NaN,NaN,69
413422,NaN,NaN,69
413425,NaN,NaN,69
413428,NaN,NaN,69
413432,NaN,NaN,69
413435,NaN,NaN,69
413438,1151.777979,550.6191846,69
413442,NaN,NaN,69
413445,NaN,NaN,69
413448,1166.541405,531.390143,69
413452,1156.643836,541.8142586,69
413455,NaN,NaN,69
413458,NaN,NaN,69
413462,1156.12697,539.8554332,69
413465,1152.676371,548.1696414,69
413468,1158.51834,538.3652405,69
413472,NaN,NaN,69
413475,NaN,NaN,69
413478,NaN,NaN,69
413482,NaN,NaN,69
413485,NaN,NaN,69
413488,NaN,NaN,69
413492,NaN,NaN,69
413495,NaN,NaN,69
413498,NaN,NaN,69
413502,NaN,NaN,69
413505,NaN,NaN,69
413508,NaN,NaN,69
413512,NaN,NaN,69
413515,NaN,NaN,69
413518,NaN,NaN,69
413522,NaN,NaN,69
417191,NaN,NaN,70
417195,NaN,NaN,70
417198,NaN,NaN,70
417201,NaN,NaN,70
417205,NaN,NaN,70
417208,NaN,NaN,70
417211,NaN,NaN,70
417215,NaN,NaN,70
417218,NaN,NaN,70
417221,NaN,NaN,70
417225,NaN,NaN,70
417228,NaN,NaN,70
417231,NaN,NaN,70
417235,NaN,NaN,70
417238,NaN,NaN,70
417241,NaN,NaN,70
417245,NaN,NaN,70
417248,NaN,NaN,70
417251,NaN,NaN,70
417255,NaN,NaN,70
417258,NaN,NaN,70
417261,NaN,NaN,70
417265,NaN,NaN,70
417268,NaN,NaN,70
417271,NaN,NaN,70
417275,NaN,NaN,70
417278,1089.395281,840.8573173,70
417281,1087.215968,774.8407147,70
417285,1065.899905,774.9065607,70
417288,1074.730002,718.0928006,70
417291,NaN,NaN,70
417295,NaN,NaN,70
417298,NaN,NaN,70
417301,NaN,NaN,70
417305,NaN,NaN,70
417308,NaN,NaN,70
417311,NaN,NaN,70
417315,NaN,NaN,70
417318,NaN,NaN,70
417321,NaN,NaN,70
417325,NaN,NaN,70
417328,NaN,NaN,70
417331,NaN,NaN,70
417335,NaN,NaN,70
417338,NaN,NaN,70
417341,NaN,NaN,70
417345,NaN,NaN,70
417348,NaN,NaN,70
417351,NaN,NaN,70
417355,NaN,NaN,70
417358,NaN,NaN,70
417361,NaN,NaN,70
417365,NaN,NaN,70
417368,NaN,NaN,70
417371,NaN,NaN,70
417375,NaN,NaN,70
417378,NaN,NaN,70
417381,NaN,NaN,70
417385,NaN,NaN,70
417388,1007.762578,839.9095767,70
417391,1001.064979,844.2799136,70
417395,1020.940958,834.7196628,70
417398,1089.120266,723.618492,70
417401,1071.76917,802.1302018,70
417405,1091.386888,850.4275372,70
417408,NaN,NaN,70
417411,NaN,NaN,70
417415,NaN,NaN,70
417418,NaN,NaN,70
417421,NaN,NaN,70
417425,NaN,NaN,70
417428,NaN,NaN,70
417431,NaN,NaN,70
417435,NaN,NaN,70
417438,NaN,NaN,70
417441,NaN,NaN,70
417445,NaN,NaN,70
417448,NaN,NaN,70
417451,NaN,NaN,70
417455,NaN,NaN,70
417458,NaN,NaN,70
417461,NaN,NaN,70
417465,NaN,NaN,70
417468,NaN,NaN,70
417471,NaN,NaN,70
417475,NaN,NaN,70
417478,NaN,NaN,70
417481,NaN,NaN,70
417485,1130.928098,780.470006,70
417488,1120.802578,764.9689818,70
417491,1095.981251,816.8450312,70
417495,NaN,NaN,70
417498,NaN,NaN,70
417501,NaN,NaN,70
417505,NaN,NaN,70
417508,NaN,NaN,70
417511,NaN,NaN,70
417515,NaN,NaN,70
417518,NaN,NaN,70
417521,1069.049837,873.0496559,70
417525,1095.870703,825.0382649,70
417528,1098.064759,828.2019598,70
417531,1104.873386,822.8682849,70
417535,NaN,NaN,70
417538,NaN,NaN,70
417541,NaN,NaN,70
417545,NaN,NaN,70
417548,NaN,NaN,70
417551,NaN,NaN,70
417555,NaN,NaN,70
417558,NaN,NaN,70
417561,NaN,NaN,70
417565,NaN,NaN,70
417568,NaN,NaN,70
417571,NaN,NaN,70
417575,NaN,NaN,70
417578,NaN,NaN,70
417581,NaN,NaN,70
417585,NaN,NaN,70
417588,NaN,NaN,70
417591,NaN,NaN,70
417595,NaN,NaN,70
417598,NaN,NaN,70
417601,NaN,NaN,70
417605,NaN,NaN,70
417608,NaN,NaN,70
417611,NaN,NaN,70
417615,NaN,NaN,70
417618,NaN,NaN,70
417621,NaN,NaN,70
417625,NaN,NaN,70
417628,NaN,NaN,70
417631,NaN,NaN,70
417635,NaN,NaN,70
417638,1046.251635,879.0144942,70
417641,NaN,NaN,70
417645,NaN,NaN,70
417648,NaN,NaN,70
417651,NaN,NaN,70
417655,NaN,NaN,70
417658,NaN,NaN,70
417661,1075.142381,878.3688458,70
417665,1086.705339,831.8389596,70
417668,1053.638413,880.492888,70
417671,NaN,NaN,70
417675,NaN,NaN,70
417678,NaN,NaN,70
417681,NaN,NaN,70
417685,NaN,NaN,70
417688,NaN,NaN,70
417691,NaN,NaN,70
417695,NaN,NaN,70
417698,NaN,NaN,70
417701,NaN,NaN,70
417705,NaN,NaN,70
417708,NaN,NaN,70
417711,NaN,NaN,70
417715,NaN,NaN,70
417718,NaN,NaN,70
417721,NaN,NaN,70
417725,NaN,NaN,70
417728,NaN,NaN,70
417731,NaN,NaN,70
417735,NaN,NaN,70
417738,NaN,NaN,70
417741,NaN,NaN,70
417745,NaN,NaN,70
417748,1075.412649,819.5052323,70
417751,1086.526121,826.7636745,70
417755,1058.76446,872.7104381,70
417758,NaN,NaN,70
417761,NaN,NaN,70
417765,NaN,NaN,70
417768,NaN,NaN,70
417771,NaN,NaN,70
417775,NaN,NaN,70
417778,NaN,NaN,70
417781,NaN,NaN,70
417785,NaN,NaN,70
417788,NaN,NaN,70
417791,NaN,NaN,70
417795,NaN,NaN,70
417798,NaN,NaN,70
417801,NaN,NaN,70
417805,NaN,NaN,70
417808,NaN,NaN,70
417811,NaN,NaN,70
417815,NaN,NaN,70
417818,NaN,NaN,70
417821,NaN,NaN,70
417825,NaN,NaN,70
417828,NaN,NaN,70
417831,NaN,NaN,70
417835,NaN,NaN,70
417838,NaN,NaN,70
417841,NaN,NaN,70
417844,NaN,NaN,70
417848,NaN,NaN,70
417851,1074.468547,821.1651391,70
417855,NaN,NaN,70
417858,NaN,NaN,70
417861,1084.360335,821.0390742,70
417864,1155.953418,837.9581045,70
417868,NaN,NaN,70
417871,NaN,NaN,70
417874,1136.315064,771.3196745,70
417878,1080.505583,871.5214133,70
417881,NaN,NaN,70
417884,NaN,NaN,70
417888,1150.898864,880.8046544,70
417891,1085.789683,877.7678802,70
417894,NaN,NaN,70
417898,NaN,NaN,70
417901,NaN,NaN,70
417905,NaN,NaN,70
417908,NaN,NaN,70
417911,NaN,NaN,70
417915,NaN,NaN,70
417918,NaN,NaN,70
417921,NaN,NaN,70
417925,NaN,NaN,70
417928,NaN,NaN,70
417931,NaN,NaN,70
417934,NaN,NaN,70
417938,NaN,NaN,70
417941,NaN,NaN,70
417944,NaN,NaN,70
417948,NaN,NaN,70
417951,NaN,NaN,70
417955,NaN,NaN,70
417958,NaN,NaN,70
417961,NaN,NaN,70
417964,1015.675286,746.3000575,70
417968,998.1620697,716.2425115,70
417971,1044.864827,773.4960615,70
417974,1019.164632,749.5677401,70
417978,935.5063492,646.649373,70
417981,1000.778864,712.9908355,70
417985,1052.093108,688.8441014,70
417988,907.0865953,567.5861994,70
417991,997.4777611,653.4114547,70
417994,995.0610054,625.8918232,70
417998,NaN,NaN,70
418001,NaN,NaN,70
418005,NaN,NaN,70
418008,NaN,NaN,70
418011,NaN,NaN,70
418014,NaN,NaN,70
418018,NaN,NaN,70
418021,NaN,NaN,70
418024,NaN,NaN,70
418028,NaN,NaN,70
418031,NaN,NaN,70
418034,NaN,NaN,70
418038,NaN,NaN,70
418041,NaN,NaN,70
418044,NaN,NaN,70
418048,NaN,NaN,70
418051,NaN,NaN,70
418054,NaN,NaN,70
418058,NaN,NaN,70
418061,NaN,NaN,70
418064,NaN,NaN,70
418068,997.648317,590.5654027,70
418071,995.3368379,591.9585131,70
418074,999.0036311,590.7475994,70
418078,997.5878757,590.0844089,70
418081,999.2371959,592.4707404,70
418085,1000.495539,585.3986651,70
418088,981.933389,589.0520033,70
418091,987.2070751,587.3766579,70
418094,1003.222393,588.6163577,70
418098,1002.872988,588.4134965,70
418101,NaN,NaN,70
418104,NaN,NaN,70
418108,NaN,NaN,70
418111,NaN,NaN,70
418114,NaN,NaN,70
418118,NaN,NaN,70
418121,NaN,NaN,70
418124,NaN,NaN,70
418128,NaN,NaN,70
418131,NaN,NaN,70
418134,NaN,NaN,70
418138,NaN,NaN,70
418141,NaN,NaN,70
418144,NaN,NaN,70
418148,NaN,NaN,70
418151,NaN,NaN,70
418154,NaN,NaN,70
418158,NaN,NaN,70
418161,NaN,NaN,70
418164,539.159324,374.4034387,70
418168,NaN,NaN,70
418171,NaN,NaN,70
418174,NaN,NaN,70
418178,NaN,NaN,70
418181,NaN,NaN,70
418184,NaN,NaN,70
418188,NaN,NaN,70
418191,NaN,NaN,70
418194,NaN,NaN,70
418198,NaN,NaN,70
418201,NaN,NaN,70
418204,NaN,NaN,70
418208,NaN,NaN,70
418211,NaN,NaN,70
418214,NaN,NaN,70
418218,NaN,NaN,70
418221,NaN,NaN,70
418224,NaN,NaN,70
418228,NaN,NaN,70
418231,NaN,NaN,70
418234,NaN,NaN,70
418238,NaN,NaN,70
418241,NaN,NaN,70
418244,NaN,NaN,70
418248,NaN,NaN,70
418251,NaN,NaN,70
418254,NaN,NaN,70
418258,NaN,NaN,70
418261,NaN,NaN,70
418264,NaN,NaN,70
418268,NaN,NaN,70
418271,NaN,NaN,70
418274,NaN,NaN,70
418278,NaN,NaN,70
418281,NaN,NaN,70
418284,NaN,NaN,70
418288,NaN,NaN,70
418291,NaN,NaN,70
418294,NaN,NaN,70
418298,NaN,NaN,70
418301,540.424315,378.4924777,70
418304,544.6246831,381.6267094,70
418308,NaN,NaN,70
418311,NaN,NaN,70
418314,NaN,NaN,70
418318,NaN,NaN,70
418321,535.4308683,371.0568945,70
418324,548.6921015,366.0338214,70
418328,541.7444964,373.6680828,70
418331,NaN,NaN,70
418334,NaN,NaN,70
418338,NaN,NaN,70
418341,NaN,NaN,70
418344,550.0774195,376.3670648,70
418348,547.4763708,367.3871423,70
418351,549.1254658,371.9668107,70
418354,550.1610608,371.2133258,70
418358,553.8148482,373.1417576,70
418361,545.4720194,381.0712397,70
418364,547.586569,374.018199,70
418368,NaN,NaN,70
418371,NaN,NaN,70
418374,NaN,NaN,70
418378,NaN,NaN,70
418381,NaN,NaN,70
418384,NaN,NaN,70
418388,NaN,NaN,70
418391,NaN,NaN,70
418394,NaN,NaN,70
418398,NaN,NaN,70
418401,NaN,NaN,70
418404,NaN,NaN,70
418408,NaN,NaN,70
418411,NaN,NaN,70
418414,NaN,NaN,70
418418,NaN,NaN,70
418421,NaN,NaN,70
418424,NaN,NaN,70
418428,NaN,NaN,70
418431,NaN,NaN,70
418434,NaN,NaN,70
418438,NaN,NaN,70
418441,NaN,NaN,70
418444,NaN,NaN,70
418448,NaN,NaN,70
418451,NaN,NaN,70
418454,NaN,NaN,70
418458,NaN,NaN,70
418461,NaN,NaN,70
418464,545.9841027,372.7568997,70
418468,544.4858525,372.2333563,70
418471,544.513069,372.2481833,70
418474,552.5056703,365.3455022,70
418478,549.3342706,371.2621506,70
418481,547.5317866,368.2676481,70
418484,552.4978827,373.623896,70
418488,NaN,NaN,70
418491,NaN,NaN,70
418494,NaN,NaN,70
418498,NaN,NaN,70
418501,NaN,NaN,70
418504,NaN,NaN,70
418508,NaN,NaN,70
418511,NaN,NaN,70
418514,NaN,NaN,70
418518,NaN,NaN,70
418521,NaN,NaN,70
418524,NaN,NaN,70
418528,NaN,NaN,70
418531,NaN,NaN,70
418534,NaN,NaN,70
418538,NaN,NaN,70
418541,NaN,NaN,70
418544,NaN,NaN,70
418548,NaN,NaN,70
418551,NaN,NaN,70
418554,NaN,NaN,70
418558,NaN,NaN,70
418561,NaN,NaN,70
418564,NaN,NaN,70
418568,NaN,NaN,70
418571,NaN,NaN,70
418574,NaN,NaN,70
418578,NaN,NaN,70
418581,NaN,NaN,70
418584,NaN,NaN,70
418588,NaN,NaN,70
418591,NaN,NaN,70
418594,NaN,NaN,70
418598,546.667634,354.9395946,70
418601,535.4084922,353.067053,70
418604,541.8300801,358.9683395,70
418608,539.7254385,354.7756163,70
418611,542.3283805,353.381422,70
418614,NaN,NaN,70
418618,NaN,NaN,70
418621,NaN,NaN,70
418624,NaN,NaN,70
418628,NaN,NaN,70
418631,538.3203738,350.7364625,70
418634,542.8015852,356.896348,70
418638,546.6864885,361.6793293,70
418641,544.1066933,356.958149,70
418644,541.4438231,357.9059692,70
418648,545.5612925,347.8606223,70
418651,NaN,NaN,70
418654,NaN,NaN,70
418658,542.3406342,355.6111194,70
418661,544.085998,351.3761415,70
418664,547.3806525,350.1193161,70
418668,540.9958554,349.5496346,70
418671,543.7203201,343.7206326,70
418674,545.6221181,348.9855452,70
418678,543.7021548,347.5316333,70
418681,544.0567669,345.2057986,70
418684,544.6023449,350.2171736,70
418688,536.656256,356.4011067,70
418691,537.7068236,346.2161073,70
418694,NaN,NaN,70
418698,NaN,NaN,70
418701,544.8759305,357.9901478,70
418704,545.937098,345.4359806,70
418708,543.2465845,348.3028912,70
418711,543.4534947,351.7367575,70
418714,545.7335414,341.3414105,70
418718,544.1057104,353.4278164,70
418721,NaN,NaN,70
418724,NaN,NaN,70
418728,NaN,NaN,70
418731,NaN,NaN,70
418734,NaN,NaN,70
418738,NaN,NaN,70
418741,540.5922177,355.3720848,70
418744,533.5063617,355.7658952,70
418748,539.1039432,350.4613714,70
418751,540.2493112,352.9167792,70
418754,NaN,NaN,70
418758,NaN,NaN,70
418761,NaN,NaN,70
418764,NaN,NaN,70
418768,NaN,NaN,70
418771,NaN,NaN,70
418774,NaN,NaN,70
418778,NaN,NaN,70
418781,NaN,NaN,70
418784,NaN,NaN,70
418788,NaN,NaN,70
418791,NaN,NaN,70
418794,NaN,NaN,70
418798,NaN,NaN,70
418801,NaN,NaN,70
418804,NaN,NaN,70
418808,NaN,NaN,70
418811,NaN,NaN,70
418814,NaN,NaN,70
418818,NaN,NaN,70
418821,NaN,NaN,70
418824,NaN,NaN,70
418828,NaN,NaN,70
418831,NaN,NaN,70
418834,NaN,NaN,70
418838,NaN,NaN,70
418841,NaN,NaN,70
418844,539.5402908,351.7956835,70
418848,534.9353723,360.0741838,70
418851,533.8370413,355.7257373,70
418854,532.8752411,361.7939262,70
418858,NaN,NaN,70
418861,NaN,NaN,70
418864,NaN,NaN,70
422544,NaN,NaN,71
422547,NaN,NaN,71
422551,NaN,NaN,71
422554,NaN,NaN,71
422557,NaN,NaN,71
422561,NaN,NaN,71
422564,1109.642458,923.4357179,71
422567,1126.462969,920.2217188,71
422570,1115.228564,924.3048158,71
422574,1126.089765,922.733832,71
422577,NaN,NaN,71
422581,NaN,NaN,71
422584,NaN,NaN,71
422587,NaN,NaN,71
422591,1122.152143,927.3169716,71
422594,1108.399768,925.0387829,71
422597,1094.770432,872.228552,71
422600,1146.692746,925.6858789,71
422604,NaN,NaN,71
422607,NaN,NaN,71
422611,NaN,NaN,71
422614,NaN,NaN,71
422617,NaN,NaN,71
422621,NaN,NaN,71
422624,NaN,NaN,71
422627,NaN,NaN,71
422631,NaN,NaN,71
422634,NaN,NaN,71
422637,NaN,NaN,71
422640,NaN,NaN,71
422644,NaN,NaN,71
422647,NaN,NaN,71
422650,NaN,NaN,71
422654,NaN,NaN,71
422657,NaN,NaN,71
422660,NaN,NaN,71
422664,NaN,NaN,71
422667,NaN,NaN,71
422670,NaN,NaN,71
422674,NaN,NaN,71
422677,1103.420655,929.4111574,71
422680,1100.770976,927.4825986,71
422684,1128.950179,926.5375071,71
422687,1161.088816,920.4539196,71
422691,1107.897526,872.0563403,71
422694,1143.466221,928.5012936,71
422697,1082.449237,880.6048272,71
422700,1151.259682,932.1892658,71
422704,1091.293702,881.128891,71
422707,1097.315014,883.3971687,71
422710,NaN,NaN,71
422714,NaN,NaN,71
422717,NaN,NaN,71
422721,NaN,NaN,71
422724,NaN,NaN,71
422727,NaN,NaN,71
422731,NaN,NaN,71
422734,NaN,NaN,71
422737,NaN,NaN,71
422740,NaN,NaN,71
422744,NaN,NaN,71
422747,NaN,NaN,71
422750,NaN,NaN,71
422754,NaN,NaN,71
422757,NaN,NaN,71
422760,NaN,NaN,71
422764,NaN,NaN,71
422767,NaN,NaN,71
422770,NaN,NaN,71
422774,NaN,NaN,71
422777,NaN,NaN,71
422780,NaN,NaN,71
422784,1038.715056,923.0470305,71
422787,1091.533078,882.3815794,71
422791,1038.855657,926.0786723,71
422794,1097.083598,882.4107408,71
422797,1054.833012,918.6577157,71
422800,1090.917531,925.9594741,71
422804,1104.276988,878.9686053,71
422807,1115.697672,878.3551299,71
422810,1114.807717,887.5377041,71
422814,1114.018125,921.023176,71
422817,NaN,NaN,71
422820,NaN,NaN,71
422824,NaN,NaN,71
422827,NaN,NaN,71
422830,NaN,NaN,71
422834,NaN,NaN,71
422837,NaN,NaN,71
422840,NaN,NaN,71
422844,NaN,NaN,71
422847,NaN,NaN,71
422850,NaN,NaN,71
422854,NaN,NaN,71
422857,NaN,NaN,71
422860,NaN,NaN,71
422864,NaN,NaN,71
422867,NaN,NaN,71
422870,NaN,NaN,71
422874,NaN,NaN,71
422877,NaN,NaN,71
422880,NaN,NaN,71
422884,NaN,NaN,71
422887,NaN,NaN,71
422890,NaN,NaN,71
422894,1155.647283,856.4393155,71
422897,1121.223722,858.3209974,71
422900,1048.782541,906.4852837,71
422904,1073.952788,894.5733176,71
422907,1072.678799,905.3673175,71
422910,1096.542005,849.1770634,71
422914,1160.219743,856.4264715,71
422917,1078.17415,897.35962,71
422920,1077.194164,897.4342791,71
422924,1091.866432,852.0290998,71
422927,NaN,NaN,71
422930,NaN,NaN,71
422934,NaN,NaN,71
422937,NaN,NaN,71
422940,NaN,NaN,71
422944,NaN,NaN,71
422947,NaN,NaN,71
422950,NaN,NaN,71
422954,NaN,NaN,71
422957,NaN,NaN,71
422960,NaN,NaN,71
422964,NaN,NaN,71
422967,NaN,NaN,71
422970,NaN,NaN,71
422974,NaN,NaN,71
422977,NaN,NaN,71
422980,NaN,NaN,71
422984,NaN,NaN,71
422987,NaN,NaN,71
422990,NaN,NaN,71
422994,NaN,NaN,71
422997,1111.961688,901.9428566,71
423000,1150.03717,902.0466702,71
423004,1155.341164,856.1006932,71
423007,NaN,NaN,71
423010,NaN,NaN,71
423014,NaN,NaN,71
423017,1108.746534,907.7399619,71
423020,NaN,NaN,71
423024,NaN,NaN,71
423027,1060.162141,905.1915425,71
423030,1070.256138,891.7161473,71
423034,1104.105732,908.917281,71
423037,NaN,NaN,71
423040,NaN,NaN,71
423044,NaN,NaN,71
423047,NaN,NaN,71
423050,NaN,NaN,71
423054,NaN,NaN,71
423057,NaN,NaN,71
423060,NaN,NaN,71
423064,NaN,NaN,71
423067,NaN,NaN,71
423070,NaN,NaN,71
423074,NaN,NaN,71
423077,NaN,NaN,71
423080,NaN,NaN,71
423084,NaN,NaN,71
423087,NaN,NaN,71
423090,NaN,NaN,71
423094,NaN,NaN,71
423097,NaN,NaN,71
423100,NaN,NaN,71
423104,NaN,NaN,71
423107,1004.035618,588.8968947,71
423110,1023.684577,572.6515928,71
423114,998.3618572,557.8709575,71
423117,1029.465019,561.2008375,71
423120,1032.792173,565.5702704,71
423124,1021.861245,569.817962,71
423127,992.5291422,576.1470937,71
423130,1023.126753,570.8825851,71
423134,1017.834116,567.8750106,71
423137,1024.858321,562.5589087,71
423140,NaN,NaN,71
423144,NaN,NaN,71
423147,NaN,NaN,71
423150,NaN,NaN,71
423154,NaN,NaN,71
423157,NaN,NaN,71
423160,NaN,NaN,71
423164,NaN,NaN,71
423167,NaN,NaN,71
423170,NaN,NaN,71
423174,NaN,NaN,71
423177,1008.123035,566.3009236,71
423180,NaN,NaN,71
423184,NaN,NaN,71
423187,1022.765743,566.9445151,71
423190,1028.647709,562.6729659,71
423194,1028.546097,564.7550482,71
423197,1020.852507,562.4375572,71
423200,1022.269165,565.3477406,71
423204,1019.142143,563.903519,71
423207,1019.278286,563.152674,71
423210,1044.47066,564.6952992,71
423214,1041.252797,561.3962043,71
423217,NaN,NaN,71
423220,NaN,NaN,71
423224,NaN,NaN,71
423227,NaN,NaN,71
423230,NaN,NaN,71
423234,NaN,NaN,71
423237,NaN,NaN,71
423240,NaN,NaN,71
423244,NaN,NaN,71
423247,NaN,NaN,71
423250,NaN,NaN,71
423254,NaN,NaN,71
423257,1020.089426,563.4512893,71
423260,NaN,NaN,71
423264,NaN,NaN,71
423267,1023.71363,561.3768338,71
423270,1029.979757,560.4411303,71
423274,1030.560237,565.2401438,71
423277,1022.026839,563.5448553,71
423280,1017.860746,567.0860699,71
423284,1021.81594,564.6933025,71
423287,1025.057905,560.5376796,71
423290,1037.023317,559.2554155,71
423294,1024.393593,562.1595925,71
423297,NaN,NaN,71
423300,NaN,NaN,71
423304,NaN,NaN,71
423307,NaN,NaN,71
423310,NaN,NaN,71
423314,NaN,NaN,71
423317,NaN,NaN,71
423320,NaN,NaN,71
423324,NaN,NaN,71
423327,NaN,NaN,71
423330,NaN,NaN,71
423334,NaN,NaN,71
423337,1019.287902,565.0098758,71
423340,NaN,NaN,71
423344,NaN,NaN,71
423347,1032.729489,564.0733114,71
423350,1028.046101,558.6834983,71
423354,1024.312416,559.7904954,71
423357,1029.952715,561.8239472,71
423360,1022.582842,567.5939768,71
423364,1034.407635,558.7871909,71
423367,1031.066456,565.3886296,71
423370,1028.021207,567.8101587,71
423374,1034.600869,557.4805726,71
423377,NaN,NaN,71
423380,NaN,NaN,71
423384,NaN,NaN,71
423387,NaN,NaN,71
423390,NaN,NaN,71
423394,NaN,NaN,71
423397,NaN,NaN,71
423400,NaN,NaN,71
423404,NaN,NaN,71
423407,NaN,NaN,71
423410,NaN,NaN,71
423414,NaN,NaN,71
423417,NaN,NaN,71
423420,NaN,NaN,71
423424,1032.023229,561.9290114,71
423427,1031.399931,559.3340009,71
423430,1017.866381,562.4033328,71
423434,1024.819563,558.488186,71
423437,1024.918334,556.9755595,71
423440,1024.497021,559.7393829,71
423444,1015.355802,566.805087,71
423447,1024.825164,561.9125897,71
423450,1016.296449,560.1714441,71
423454,NaN,NaN,71
423457,NaN,NaN,71
423460,NaN,NaN,71
423464,NaN,NaN,71
423467,NaN,NaN,71
423470,NaN,NaN,71
423474,NaN,NaN,71
423477,NaN,NaN,71
423480,NaN,NaN,71
423484,NaN,NaN,71
423487,NaN,NaN,71
423490,1038.069575,547.443381,71
423494,NaN,NaN,71
423497,NaN,NaN,71
423500,1059.024338,526.3284984,71
423504,1060.919739,521.7968319,71
423507,1065.867928,516.8787899,71
423510,1068.608056,515.5847492,71
423514,1069.153958,508.5560512,71
423517,1072.227565,506.3009521,71
423520,1073.990749,500.8039382,71
423524,1071.347911,501.5232625,71
423527,1068.641065,510.8685648,71
423530,NaN,NaN,71
423534,NaN,NaN,71
423537,NaN,NaN,71
423540,NaN,NaN,71
423544,NaN,NaN,71
423547,NaN,NaN,71
423550,NaN,NaN,71
423554,NaN,NaN,71
423557,NaN,NaN,71
423560,NaN,NaN,71
423564,NaN,NaN,71
423567,1068.937335,507.9247583,71
423570,NaN,NaN,71
423574,NaN,NaN,71
423577,1064.487609,505.0184601,71
423580,1067.776809,507.2279238,71
423584,1065.427428,510.0718593,71
423587,1067.263647,505.8256745,71
423590,1064.515159,506.8201596,71
423594,1064.166888,507.9490092,71
423597,1076.683512,505.7170524,71
423600,1069.299782,509.3538483,71
423604,1069.453571,510.0706093,71
423607,NaN,NaN,71
423610,NaN,NaN,71
423614,NaN,NaN,71
423617,NaN,NaN,71
423620,NaN,NaN,71
423624,NaN,NaN,71
423627,NaN,NaN,71
423630,NaN,NaN,71
423634,NaN,NaN,71
423637,NaN,NaN,71
423640,NaN,NaN,71
423644,NaN,NaN,71
423647,NaN,NaN,71
423650,NaN,NaN,71
423654,1066.313206,504.4845543,71
423657,1064.588891,510.3091765,71
423660,1061.523149,507.464897,71
423664,1073.777518,506.6023624,71
423667,1068.654479,508.9495712,71
427343,NaN,NaN,72
427347,NaN,NaN,72
427350,NaN,NaN,72
427353,NaN,NaN,72
427357,NaN,NaN,72
427360,NaN,NaN,72
427363,NaN,NaN,72
427367,NaN,NaN,72
427370,NaN,NaN,72
427373,NaN,NaN,72
427377,NaN,NaN,72
427380,NaN,NaN,72
427383,NaN,NaN,72
427386,NaN,NaN,72
427390,NaN,NaN,72
427393,NaN,NaN,72
427397,NaN,NaN,72
427400,NaN,NaN,72
427403,NaN,NaN,72
427406,1065.92418,965.3844894,72
427410,1093.698429,964.5607629,72
427413,1096.853582,964.9169749,72
427416,1094.02185,972.721369,72
427420,1105.661085,964.0041938,72
427423,1078.781658,955.3965333,72
427427,1056.275749,930.4283613,72
427430,1130.415682,970.7241467,72
427433,1108.153085,966.2999395,72
427436,1091.901628,963.8616098,72
427440,NaN,NaN,72
427443,NaN,NaN,72
427446,NaN,NaN,72
427450,NaN,NaN,72
427453,NaN,NaN,72
427456,NaN,NaN,72
427460,NaN,NaN,72
427463,NaN,NaN,72
427466,NaN,NaN,72
427470,NaN,NaN,72
427473,NaN,NaN,72
427476,NaN,NaN,72
427480,NaN,NaN,72
427483,NaN,NaN,72
427486,NaN,NaN,72
427490,NaN,NaN,72
427493,NaN,NaN,72
427496,NaN,NaN,72
427500,NaN,NaN,72
427503,NaN,NaN,72
427506,NaN,NaN,72
427510,NaN,NaN,72
427513,1075.728356,927.2081223,72
427516,1091.93132,965.2500657,72
427520,1091.260773,966.4486152,72
427523,1070.705917,964.8449816,72
427527,1086.700189,963.2039338,72
427530,1085.208114,965.4018991,72
427533,1077.481647,924.5129159,72
427536,1073.674657,965.7958019,72
427540,1105.592127,969.8695476,72
427543,1044.187982,953.8100319,72
427546,NaN,NaN,72
427550,NaN,NaN,72
427553,NaN,NaN,72
427556,NaN,NaN,72
427560,NaN,NaN,72
427563,NaN,NaN,72
427566,NaN,NaN,72
427570,NaN,NaN,72
427573,NaN,NaN,72
427576,NaN,NaN,72
427580,NaN,NaN,72
427583,NaN,NaN,72
427586,NaN,NaN,72
427590,NaN,NaN,72
427593,NaN,NaN,72
427596,NaN,NaN,72
427600,NaN,NaN,72
427603,NaN,NaN,72
427606,NaN,NaN,72
427610,NaN,NaN,72
427613,NaN,NaN,72
427616,NaN,NaN,72
427620,1070.43004,857.3702124,72
427623,1052.898136,910.7112581,72
427627,1050.736459,911.0701689,72
427630,1073.9509,867.6664919,72
427633,1070.614587,862.246088,72
427636,1079.199022,870.9604815,72
427640,1020.297196,905.9893343,72
427643,1062.005782,864.2853163,72
427646,1025.508627,905.1401982,72
427650,1065.118642,865.2318614,72
427653,NaN,NaN,72
427656,NaN,NaN,72
427660,NaN,NaN,72
427663,NaN,NaN,72
427666,NaN,NaN,72
427670,NaN,NaN,72
427673,NaN,NaN,72
427676,NaN,NaN,72
427680,NaN,NaN,72
427683,NaN,NaN,72
427686,NaN,NaN,72
427690,NaN,NaN,72
427693,NaN,NaN,72
427696,NaN,NaN,72
427700,NaN,NaN,72
427703,NaN,NaN,72
427706,NaN,NaN,72
427710,NaN,NaN,72
427713,NaN,NaN,72
427716,NaN,NaN,72
427720,NaN,NaN,72
427723,NaN,NaN,72
427726,NaN,NaN,72
427730,NaN,NaN,72
427733,NaN,NaN,72
427736,NaN,NaN,72
427740,NaN,NaN,72
427743,NaN,NaN,72
427746,NaN,NaN,72
427750,NaN,NaN,72
427753,NaN,NaN,72
427756,NaN,NaN,72
427760,NaN,NaN,72
427763,NaN,NaN,72
427766,NaN,NaN,72
427770,NaN,NaN,72
427773,NaN,NaN,72
427776,NaN,NaN,72
427780,NaN,NaN,72
427783,NaN,NaN,72
427786,NaN,NaN,72
427790,NaN,NaN,72
427793,NaN,NaN,72
427796,NaN,NaN,72
427800,NaN,NaN,72
427803,NaN,NaN,72
427806,NaN,NaN,72
427810,NaN,NaN,72
427813,NaN,NaN,72
427816,NaN,NaN,72
427820,NaN,NaN,72
427823,NaN,NaN,72
427826,NaN,NaN,72
427830,NaN,NaN,72
427833,NaN,NaN,72
427836,NaN,NaN,72
427840,NaN,NaN,72
427843,NaN,NaN,72
427846,NaN,NaN,72
427850,NaN,NaN,72
427853,NaN,NaN,72
427856,NaN,NaN,72
427860,NaN,NaN,72
427863,NaN,NaN,72
427866,NaN,NaN,72
427870,NaN,NaN,72
427873,NaN,NaN,72
427876,NaN,NaN,72
427880,NaN,NaN,72
427883,NaN,NaN,72
427886,NaN,NaN,72
427890,NaN,NaN,72
427893,NaN,NaN,72
427896,NaN,NaN,72
427900,NaN,NaN,72
427903,1081.350391,679.6420712,72
427906,1080.270036,652.0799408,72
427910,1091.89847,623.4338037,72
427913,1087.665301,625.8189811,72
427916,1081.088961,629.037244,72
427920,1082.833159,627.3613468,72
427923,1084.792474,638.1924798,72
427926,1087.298345,654.4830331,72
427930,1086.748529,648.7909537,72
427933,1087.725141,654.9523651,72
427936,1089.123402,651.4684094,72
427940,1092.799198,648.3693534,72
427943,NaN,NaN,72
427946,NaN,NaN,72
427950,NaN,NaN,72
427953,NaN,NaN,72
427956,NaN,NaN,72
427960,NaN,NaN,72
427963,NaN,NaN,72
427966,NaN,NaN,72
427970,NaN,NaN,72
427973,NaN,NaN,72
427976,NaN,NaN,72
427980,NaN,NaN,72
427983,1230.445674,626.6595449,72
427986,1268.832578,608.4846817,72
427990,NaN,NaN,72
427993,NaN,NaN,72
427996,1346.279747,571.0809669,72
428000,1417.912769,516.9310238,72
428003,NaN,NaN,72
428006,NaN,NaN,72
428010,NaN,NaN,72
428013,NaN,NaN,72
428016,NaN,NaN,72
428020,NaN,NaN,72
428023,NaN,NaN,72
428026,NaN,NaN,72
428030,NaN,NaN,72
428033,NaN,NaN,72
428036,NaN,NaN,72
428040,NaN,NaN,72
428043,NaN,NaN,72
428046,NaN,NaN,72
428050,NaN,NaN,72
428053,NaN,NaN,72
428056,NaN,NaN,72
428060,NaN,NaN,72
428063,NaN,NaN,72
428066,NaN,NaN,72
428070,NaN,NaN,72
428073,NaN,NaN,72
428076,NaN,NaN,72
428080,NaN,NaN,72
428083,NaN,NaN,72
428086,NaN,NaN,72
428090,NaN,NaN,72
428093,NaN,NaN,72
428096,NaN,NaN,72
428100,NaN,NaN,72
428103,NaN,NaN,72
428106,NaN,NaN,72
428110,NaN,NaN,72
428113,NaN,NaN,72
428116,NaN,NaN,72
428120,NaN,NaN,72
428123,NaN,NaN,72
428126,NaN,NaN,72
428130,NaN,NaN,72
428133,NaN,NaN,72
428136,NaN,NaN,72
428140,NaN,NaN,72
428143,NaN,NaN,72
428146,NaN,NaN,72
428150,NaN,NaN,72
428153,NaN,NaN,72
428156,NaN,NaN,72
428160,NaN,NaN,72
428163,NaN,NaN,72
428166,NaN,NaN,72
428170,NaN,NaN,72
428173,NaN,NaN,72
428176,NaN,NaN,72
428180,NaN,NaN,72
428183,NaN,NaN,72
428186,NaN,NaN,72
428190,NaN,NaN,72
428193,NaN,NaN,72
428196,NaN,NaN,72
428200,NaN,NaN,72
428203,NaN,NaN,72
428206,NaN,NaN,72
428210,NaN,NaN,72
428213,NaN,NaN,72
428216,NaN,NaN,72
428220,NaN,NaN,72
428223,NaN,NaN,72
428226,NaN,NaN,72
428230,NaN,NaN,72
428233,NaN,NaN,72
428236,NaN,NaN,72
428240,NaN,NaN,72
428243,NaN,NaN,72
428246,NaN,NaN,72
428250,NaN,NaN,72
428253,NaN,NaN,72
428256,NaN,NaN,72
428260,NaN,NaN,72
428263,NaN,NaN,72
428266,NaN,NaN,72
428270,NaN,NaN,72
428273,NaN,NaN,72
428276,NaN,NaN,72
428280,NaN,NaN,72
428283,NaN,NaN,72
428286,NaN,NaN,72
428290,NaN,NaN,72
428293,NaN,NaN,72
428296,NaN,NaN,72
428300,NaN,NaN,72
428303,NaN,NaN,72
428306,NaN,NaN,72
428310,NaN,NaN,72
428313,NaN,NaN,72
428316,NaN,NaN,72
428320,NaN,NaN,72
428323,NaN,NaN,72
428326,NaN,NaN,72
428330,NaN,NaN,72
428333,NaN,NaN,72
428336,NaN,NaN,72
428340,NaN,NaN,72
428343,NaN,NaN,72
428346,NaN,NaN,72
428350,NaN,NaN,72
428353,NaN,NaN,72
428356,NaN,NaN,72
428360,NaN,NaN,72
428363,NaN,NaN,72
428366,NaN,NaN,72
428370,NaN,NaN,72
428373,NaN,NaN,72
428376,NaN,NaN,72
428380,NaN,NaN,72
428383,NaN,NaN,72
428386,NaN,NaN,72
428390,NaN,NaN,72
428393,NaN,NaN,72
428396,NaN,NaN,72
428400,NaN,NaN,72
428403,NaN,NaN,72
428406,NaN,NaN,72
428410,NaN,NaN,72
428413,NaN,NaN,72
428416,NaN,NaN,72
428420,NaN,NaN,72
428423,NaN,NaN,72
428426,NaN,NaN,72
428430,NaN,NaN,72
428433,NaN,NaN,72
428436,NaN,NaN,72
428440,NaN,NaN,72
428443,NaN,NaN,72
428446,NaN,NaN,72
428450,NaN,NaN,72
428453,NaN,NaN,72
428456,NaN,NaN,72
428460,NaN,NaN,72
428463,NaN,NaN,72
428466,NaN,NaN,72
428470,NaN,NaN,72
428473,NaN,NaN,72
428476,NaN,NaN,72
428480,NaN,NaN,72
428483,NaN,NaN,72
428486,NaN,NaN,72
428490,NaN,NaN,72
428493,NaN,NaN,72
428496,NaN,NaN,72
428500,NaN,NaN,72
428503,NaN,NaN,72
428506,NaN,NaN,72
428510,NaN,NaN,72
428513,NaN,NaN,72
428516,NaN,NaN,72
428520,NaN,NaN,72
428523,NaN,NaN,72
428526,NaN,NaN,72
428530,NaN,NaN,72
428533,NaN,NaN,72
428536,NaN,NaN,72
428540,NaN,NaN,72
428543,NaN,NaN,72
428546,NaN,NaN,72
428550,NaN,NaN,72
428553,NaN,NaN,72
428556,NaN,NaN,72
428560,NaN,NaN,72
428563,NaN,NaN,72
428566,NaN,NaN,72
428570,NaN,NaN,72
428573,NaN,NaN,72
428576,NaN,NaN,72
428580,NaN,NaN,72
428583,NaN,NaN,72
428586,NaN,NaN,72
